BPM Serial No.	16elec																																																																																																	
BPM Size	110																																																																																																	
"Experi,menter"	Tajima      Toyama      Hanamura      Kawachi      																																																																																																	
Meas. Start Time	2019/08/2916:44																																																																																																	
Meas. Finish Time	2019/08/2917:33																																																																																																	
Linear Scale Origin X(mm)	-99.334																																																																																																	
Linear Scale Origin Y(mm)	88.445																																																																																																	
note																																																																																																		
																																																																																																		
																																																																																																		
Data Point Number		1	2	3	4	5	6	7	8	9	10	11	12	13	14	15	16	17	18	19	20	21	22	23	24	25	26	27	28	29	30	31	32	33	34	35	36	37	38	39	40	41	42	43	44	45	46	47	48	49	50	51	52	53	54	55	56	57	58	59	60	61	62	63	64	65	66	67	68	69	70	71	72	73	74	75	76	77	78	79	80	81	82	83	84	85	86	87	88	89	90	91	92	93	94	95	96	97
Linear Scale X (mm)		-119.336	-109.338	-99.337	-89.336	-79.335	-129.337	-119.338	-109.338	-99.337	-89.336	-79.335	-69.334	-139.338	-129.339	-119.338	-109.338	-99.337	-89.336	-79.335	-69.334	-59.333	-149.339	-139.341	-129.339	-119.339	-109.338	-99.337	-89.336	-79.335	-69.334	-59.333	-49.332	-149.339	-139.341	-129.339	-119.339	-109.338	-99.337	-89.336	-79.335	-69.334	-59.333	-49.332	-149.339	-139.341	-129.339	-119.339	-109.338	-99.337	-89.336	-79.335	-69.334	-59.333	-49.332	-149.339	-139.341	-129.339	-119.339	-109.338	-99.337	-89.336	-79.335	-69.334	-59.333	-49.332	-149.339	-139.341	-129.339	-119.338	-109.338	-99.337	-89.336	-79.335	-69.334	-59.333	-49.332	-139.338	-129.339	-119.338	-109.338	-99.337	-89.336	-79.335	-69.334	-59.333	-129.337	-119.338	-109.338	-99.337	-89.336	-79.335	-69.334	-119.335	-109.338	-99.337	-89.336	-79.335
Linear Scale Y (mm)		38.447	38.447	38.447	38.447	38.447	48.444	48.444	48.444	48.444	48.444	48.444	48.444	58.443	58.443	58.443	58.443	58.443	58.443	58.443	58.443	58.443	68.442	68.442	68.443	68.443	68.442	68.442	68.442	68.442	68.442	68.442	68.442	78.442	78.442	78.442	78.442	78.442	78.442	78.442	78.442	78.442	78.442	78.442	88.442	88.442	88.442	88.442	88.442	88.442	88.442	88.442	88.442	88.442	88.442	98.441	98.441	98.442	98.441	98.441	98.441	98.441	98.441	98.441	98.441	98.442	108.441	108.441	108.441	108.441	108.441	108.441	108.441	108.441	108.441	108.441	108.441	118.44	118.44	118.44	118.44	118.44	118.44	118.44	118.44	118.44	128.441	128.441	128.441	128.441	128.441	128.441	128.441	138.441	138.441	138.441	138.441	138.441
R(beam)[mm]		20.002	10.004	0.003	-9.998	-19.999	30.003	20.004	10.004	0.003	-9.998	-19.999	-30	40.004	30.005	20.004	10.004	0.003	-9.998	-19.999	-30	-40.001	50.005	40.007	30.005	20.005	10.004	0.003	-9.998	-19.999	-30	-40.001	-50.002	50.005	40.007	30.005	20.005	10.004	0.003	-9.998	-19.999	-30	-40.001	-50.002	50.005	40.007	30.005	20.005	10.004	0.003	-9.998	-19.999	-30	-40.001	-50.002	50.005	40.007	30.005	20.005	10.004	0.003	-9.998	-19.999	-30	-40.001	-50.002	50.005	40.007	30.005	20.004	10.004	0.003	-9.998	-19.999	-30	-40.001	-50.002	40.004	30.005	20.004	10.004	0.003	-9.998	-19.999	-30	-40.001	30.003	20.004	10.004	0.003	-9.998	-19.999	-30	20.001	10.004	0.003	-9.998	-19.999
Y(beam)[mm]		-49.998	-49.998	-49.998	-49.998	-49.998	-40.001	-40.001	-40.001	-40.001	-40.001	-40.001	-40.001	-30.002	-30.002	-30.002	-30.002	-30.002	-30.002	-30.002	-30.002	-30.002	-20.003	-20.003	-20.002	-20.002	-20.003	-20.003	-20.003	-20.003	-20.003	-20.003	-20.003	-10.003	-10.003	-10.003	-10.003	-10.003	-10.003	-10.003	-10.003	-10.003	-10.003	-10.003	-0.003	-0.003	-0.003	-0.003	-0.003	-0.003	-0.003	-0.003	-0.003	-0.003	-0.003	9.996	9.996	9.997	9.996	9.996	9.996	9.996	9.996	9.996	9.996	9.997	19.996	19.996	19.996	19.996	19.996	19.996	19.996	19.996	19.996	19.996	19.996	29.995	29.995	29.995	29.995	29.995	29.995	29.995	29.995	29.995	39.996	39.996	39.996	39.996	39.996	39.996	39.996	49.996	49.996	49.996	49.996	49.996
Net Ana Temperature[℃]		22.10037133	22.14172942	22.17481174	22.17128019	22.16004414	22.14676188	22.14226435	22.14865749	22.16360166	22.17417554	22.1509504	22.1370605	22.11124903	22.08583485	22.09128538	22.1345235	22.11413399	22.12010906	22.14331862	22.1557933	22.15482991	22.09403012	22.12311348	22.15893274	22.14293171	22.11398857	22.12368995	22.11467671	22.09727344	22.07907037	22.10089327	22.10570761	22.14415217	22.12632303	22.11268502	22.13594391	22.16354713	22.17512075	22.15963646	22.16469748	22.13371072	22.10242794	22.10647105	22.10236302	22.10969099	22.14568424	22.17613088	22.11552324	22.09277331	22.08679564	22.11454687	22.15932485	22.16513892	22.1630953	22.10094781	22.08622695	22.09328486	22.11122566	22.09029603	22.1077746	22.13204103	22.16983641	22.18065178	22.16794599	22.17889899	22.18379901	22.20328746	22.22778499	22.23337315	22.20969878	22.17646585	22.14596728	22.14670216	22.1648377	22.15189821	22.13296027	22.13381459	22.16570241	22.19054012	22.20648403	22.22099455	22.23275773	22.16562971	22.15702934	22.13453648	22.16286679	22.17161257	22.17894573	22.19780057	22.18792781	22.23123345	22.22844196	22.23755648	22.2457128	22.2518255	22.23447157	22.21211893
BPM Temperature[℃]		20.27000779	20.25544015	20.25468709	20.22838224	20.23425084	20.26678785	20.25689431	20.23947027	20.21885225	20.20838743	20.20283043	20.21308751	20.23985978	20.23149831	20.22407167	20.2280187	20.25167489	20.26515191	20.27224098	20.26567125	20.25061023	20.22544794	20.20656972	20.19701376	20.21337315	20.23401714	20.25775123	20.28995066	20.28112179	20.27899247	20.2575435	20.23443261	20.2603999	20.2562711	20.24027525	20.23479616	20.2704752	20.27424046	20.27907037	20.30589457	20.32526616	20.30218125	20.28636718	20.20207738	20.18403012	20.17211114	20.17901844	20.18486108	20.18727603	20.19132693	20.19259932	20.24289795	20.26730719	20.26486627	20.24918203	20.26567125	20.27787588	20.26774864	20.25466113	20.24842898	20.28000519	20.29514412	20.29968839	20.29169047	20.28010906	20.27592833	20.28683459	20.29657232	20.29605297	20.3042846	20.28296546	20.29815632	20.28608154	20.2915866	20.29433913	20.27810958	20.27748637	20.26102311	20.25601143	20.27263049	20.30602441	20.31168528	20.30246689	20.29252142	20.27361724	20.31939756	20.32056609	20.33684757	20.34757206	20.3239678	20.31887821	20.3240457	20.30610231	20.28171903	20.27346144	20.29184627	20.29189821
Frequency (Hz) / Data (dB)	850000	-22.4092004	-22.40905489	-22.41923721	-22.42708066	-22.44040945	-22.4481474	-22.40927736	-22.39719028	-22.41969755	-22.42423592	-22.43600954	-22.3971143	-22.41162353	-22.40797484	-22.41098556	-22.41777655	-22.41830303	-22.42112719	-22.41420561	-22.40822729	-22.41633088	-22.40905232	-22.40949715	-22.40722695	-22.40917536	-22.38659656	-22.4153876	-22.41783462	-22.41392515	-22.42024505	-22.41583174	-22.42173436	-22.41920736	-22.41327401	-22.41034353	-22.41014019	-22.42926011	-22.41776691	-22.42334471	-22.42482966	-22.42350874	-22.42366177	-22.38853577	-22.41438462	-22.41556725	-22.42056078	-22.43119079	-22.43010409	-22.4194477	-22.42630645	-22.42296082	-22.4407566	-22.41796882	-22.40688052	-22.40738189	-22.38568647	-22.40526188	-22.4057435	-22.42230114	-22.41865802	-22.41598084	-22.41748117	-22.44187194	-22.44334258	-22.4095044	-22.42548284	-22.3833019	-22.38495341	-22.40774468	-22.41671932	-22.41770699	-22.41455038	-22.41683747	-22.40773044	-22.43072402	-22.41734563	-22.39266958	-22.40499198	-22.40865246	-22.39220352	-22.41415347	-22.41988746	-22.41647958	-22.43324597	-22.4311324	-22.41934999	-22.38600271	-22.41353068	-22.41459039	-22.41338213	-22.413127	-22.42148962	-22.40964858	-22.41634947	-22.41703319	-22.41690563	-22.39251298
	1700000	-22.43415775	-22.43302769	-22.43546967	-22.43741036	-22.44145912	-22.44121525	-22.43435157	-22.42034506	-22.43358159	-22.43398684	-22.43745712	-22.42129137	-22.43406748	-22.43380418	-22.4346097	-22.43622503	-22.43628298	-22.43571931	-22.43297935	-22.43258487	-22.43229694	-22.43332123	-22.43380662	-22.43240195	-22.43379563	-22.41885383	-22.43371851	-22.43597951	-22.43404433	-22.43590332	-22.435081	-22.43687584	-22.43575992	-22.43610751	-22.43336809	-22.43399858	-22.4379231	-22.43484358	-22.43625074	-22.43842672	-22.4381689	-22.43756837	-22.41726758	-22.43515983	-22.43423994	-22.43624536	-22.43588392	-22.43874969	-22.4365505	-22.43752078	-22.43436107	-22.438502	-22.42365178	-22.43180247	-22.43350433	-22.41814133	-22.43110102	-22.43218784	-22.43572354	-22.43660717	-22.43338172	-22.4355477	-22.43928781	-22.4405413	-22.4342755	-22.43693116	-22.41659813	-22.41670112	-22.43301981	-22.43419601	-22.43649113	-22.43503374	-22.43602364	-22.42338358	-22.43782028	-22.43492647	-22.41869963	-22.43041299	-22.43423075	-22.42026196	-22.43507853	-22.43618576	-22.43554825	-22.43922469	-22.43753701	-22.43546875	-22.41828116	-22.43409239	-22.43467991	-22.43445524	-22.43472506	-22.43614816	-22.43463474	-22.43359874	-22.43585841	-22.43469051	-22.41810676
	2550000	-22.44071256	-22.44115052	-22.44630764	-22.44388087	-22.44325375	-22.44616011	-22.44185356	-22.43122733	-22.44148994	-22.44961868	-22.44934643	-22.43587172	-22.44226283	-22.45220307	-22.4442421	-22.44505745	-22.44672698	-22.44236617	-22.44255179	-22.44026031	-22.44346247	-22.44289823	-22.44752646	-22.44258177	-22.44186675	-22.43237935	-22.44145616	-22.44848987	-22.44018683	-22.44390842	-22.44397107	-22.44519176	-22.4410325	-22.44394379	-22.44091544	-22.44432637	-22.44257558	-22.44208808	-22.44377226	-22.44386088	-22.44460171	-22.44463172	-22.42649923	-22.44380606	-22.44057877	-22.44141102	-22.44156703	-22.4428661	-22.44327902	-22.4440258	-22.44114887	-22.44106928	-22.42807582	-22.43972764	-22.44098654	-22.42868594	-22.43985082	-22.44116458	-22.4426545	-22.44236362	-22.4410743	-22.44290026	-22.44282812	-22.44231043	-22.44286606	-22.44710701	-22.42709675	-22.4284178	-22.44101285	-22.4428597	-22.44263102	-22.4421578	-22.44339769	-22.43770536	-22.44146518	-22.44210891	-22.42820541	-22.43917645	-22.44239052	-22.43204687	-22.4425474	-22.44430893	-22.44392774	-22.44315764	-22.44704902	-22.44682595	-22.4297727	-22.43975711	-22.44267778	-22.44105354	-22.44255095	-22.44598494	-22.44071043	-22.4403548	-22.44170233	-22.44340972	-22.42643316
	3400000	-22.44347591	-22.44201719	-22.44493547	-22.44408758	-22.44382794	-22.44168007	-22.44568099	-22.43362677	-22.4431356	-22.44253487	-22.44257622	-22.43239273	-22.44273923	-22.4449366	-22.44692405	-22.44637794	-22.44727377	-22.44518631	-22.44333147	-22.44318223	-22.44022918	-22.44400543	-22.44579683	-22.44475004	-22.44743494	-22.43673828	-22.44660213	-22.44688657	-22.4444676	-22.44378835	-22.44409842	-22.44343715	-22.44344505	-22.44679832	-22.44552097	-22.44712861	-22.44710382	-22.44583762	-22.44661321	-22.44729619	-22.44674721	-22.44544875	-22.4312259	-22.44342021	-22.44384701	-22.44575813	-22.44410835	-22.44711812	-22.4483758	-22.44890368	-22.44557984	-22.44538743	-22.432413	-22.44343973	-22.44466904	-22.43415607	-22.444747	-22.44580896	-22.44695122	-22.44715954	-22.44568373	-22.446423	-22.44597282	-22.44565702	-22.44542552	-22.44230726	-22.43253305	-22.43388058	-22.44546256	-22.44696229	-22.44752934	-22.4469378	-22.44799673	-22.43559886	-22.44426673	-22.44431543	-22.43180152	-22.44381459	-22.44683856	-22.43579911	-22.44595044	-22.44815362	-22.44694338	-22.44623357	-22.44396238	-22.44419475	-22.43399109	-22.44287244	-22.44615639	-22.44517929	-22.44452249	-22.44409313	-22.44452648	-22.44358778	-22.44481037	-22.44325193	-22.42988613
	4250000	-22.43765542	-22.43703454	-22.43864979	-22.43783111	-22.43802197	-22.43676486	-22.44013659	-22.42901819	-22.43923775	-22.43751806	-22.43825721	-22.42824471	-22.43646464	-22.44015458	-22.44254606	-22.44194469	-22.44384004	-22.44109724	-22.43846951	-22.43888071	-22.43545916	-22.43664579	-22.43957713	-22.44017355	-22.44221984	-22.43303821	-22.44174617	-22.44302621	-22.44168382	-22.43973433	-22.43884136	-22.43727832	-22.43775643	-22.44156283	-22.44124237	-22.4438435	-22.44408923	-22.44225123	-22.44440217	-22.44315164	-22.44255528	-22.44182622	-22.42626454	-22.43702029	-22.43996201	-22.4414265	-22.44109147	-22.44301569	-22.44400947	-22.44500095	-22.44143874	-22.4413154	-22.42944146	-22.43660283	-22.43902594	-22.43052451	-22.44055658	-22.44217096	-22.44256319	-22.44356175	-22.44257227	-22.44238547	-22.44266276	-22.44131728	-22.43931991	-22.43678768	-22.42816602	-22.43010683	-22.44009489	-22.44266376	-22.44375904	-22.44303907	-22.44373383	-22.43184903	-22.43896052	-22.43719802	-22.42722213	-22.43842863	-22.44119687	-22.43145967	-22.44223465	-22.44344015	-22.44167773	-22.44056466	-22.43898854	-22.43882841	-22.4305533	-22.4386991	-22.44198414	-22.44084427	-22.43807459	-22.43879896	-22.43848454	-22.43712022	-22.43888143	-22.437756	-22.424091
	5100000	-22.42182579	-22.42259321	-22.42418105	-22.42268456	-22.4222228	-22.4221717	-22.42663441	-22.41594289	-22.4241665	-22.42348799	-22.42366084	-22.41265593	-22.42256765	-22.42449704	-22.42789056	-22.42839934	-22.42932148	-22.42641077	-22.42430979	-22.42401534	-22.42023578	-22.42160561	-22.42517725	-22.42723579	-22.42839377	-22.42011741	-22.42875924	-22.42891849	-22.42738175	-22.42481231	-22.4229244	-22.42156825	-22.42213984	-22.42680062	-22.427865	-22.4294859	-22.43033383	-22.42872341	-22.43033911	-22.42911957	-22.42825073	-22.4256698	-22.41151523	-22.42233536	-22.4250028	-22.42798862	-22.42756156	-22.42968669	-22.43092678	-22.43148967	-22.4274835	-22.4270178	-22.41564443	-22.42206221	-22.42315086	-22.41704631	-22.42575752	-22.42748019	-22.42915319	-22.43077325	-22.42808163	-22.42827343	-22.42765146	-22.42657695	-22.42412377	-22.42103239	-22.41331549	-22.41585178	-22.42661419	-22.42881155	-22.43017226	-22.42863071	-22.42994356	-22.41868728	-22.42482331	-22.42234019	-22.41287267	-22.42274439	-22.42764622	-22.41835052	-22.42797521	-22.42925942	-22.42707724	-22.42565868	-22.42376768	-22.42396129	-22.41633164	-22.42368562	-22.42744849	-22.42584301	-22.42349007	-22.42356241	-22.42178824	-22.4225425	-22.42290333	-22.42233829	-22.40934096
	5950000	-22.41097364	-22.412077	-22.41423576	-22.41295141	-22.4124206	-22.41202777	-22.41568773	-22.40608953	-22.41432763	-22.41240704	-22.41295733	-22.40350751	-22.41233782	-22.41442657	-22.4176737	-22.41831029	-22.41988485	-22.41640111	-22.41489749	-22.41468127	-22.40936263	-22.41073592	-22.41506234	-22.41660549	-22.41933355	-22.40961063	-22.4177543	-22.41920127	-22.41738803	-22.41574626	-22.41323212	-22.41021831	-22.41188493	-22.41734627	-22.41822263	-22.41994395	-22.4211246	-22.41851791	-22.41994263	-22.42012162	-22.41841204	-22.4173623	-22.40136916	-22.41179828	-22.41541624	-22.41835331	-22.41824139	-22.42104874	-22.42226426	-22.42181621	-22.41873531	-22.41709145	-22.40634854	-22.41092577	-22.41270354	-22.408265	-22.4168679	-22.41839859	-22.41971271	-22.42018221	-22.41890093	-22.4206469	-22.41807349	-22.41756926	-22.41328499	-22.41033326	-22.40312652	-22.40772279	-22.41788743	-22.42029936	-22.4206491	-22.41973307	-22.41959039	-22.40942342	-22.41438925	-22.41096191	-22.40287627	-22.41406192	-22.4175638	-22.4096174	-22.41808598	-22.41967818	-22.41760752	-22.41618742	-22.41305028	-22.41310511	-22.40645308	-22.41403865	-22.41696083	-22.41534943	-22.41384123	-22.41245004	-22.4112377	-22.41204795	-22.41257212	-22.41071935	-22.39882079
	6800000	-22.40181993	-22.40215065	-22.40461576	-22.40319943	-22.40274361	-22.40225179	-22.40607442	-22.39765326	-22.40559357	-22.40431556	-22.40499698	-22.39544605	-22.40267345	-22.40632074	-22.40934865	-22.40987006	-22.41028773	-22.40853928	-22.40678847	-22.40411512	-22.40019609	-22.40168455	-22.40504659	-22.40718103	-22.41120177	-22.40264274	-22.41011938	-22.41073607	-22.40895434	-22.40549485	-22.40397891	-22.40042236	-22.40157104	-22.40801556	-22.40960412	-22.41152022	-22.41203919	-22.40986902	-22.41212258	-22.41142206	-22.40970895	-22.40716873	-22.39311339	-22.40178866	-22.40649696	-22.40894027	-22.40984093	-22.41141939	-22.41361497	-22.41365766	-22.41017621	-22.4078916	-22.39817529	-22.4015931	-22.40331971	-22.39946198	-22.40786354	-22.41007214	-22.41151598	-22.41182694	-22.40979409	-22.41108236	-22.41003043	-22.40681469	-22.40345087	-22.4005895	-22.39516261	-22.39931354	-22.40855688	-22.41109748	-22.41185058	-22.41113007	-22.41020599	-22.40094522	-22.40489446	-22.40148653	-22.39394536	-22.40411849	-22.40871354	-22.40216907	-22.40812559	-22.41029338	-22.40932521	-22.40715703	-22.40280781	-22.40266093	-22.39791596	-22.40526127	-22.40797815	-22.40699508	-22.40450613	-22.4028931	-22.40125772	-22.40146245	-22.40282612	-22.40243716	-22.39074054
	7650000	-22.39648933	-22.39676597	-22.39971029	-22.39824041	-22.39731697	-22.39726882	-22.40077677	-22.39377843	-22.40049896	-22.3993849	-22.39921127	-22.39118121	-22.39771305	-22.40105245	-22.40329938	-22.40341927	-22.4060019	-22.40275534	-22.40144192	-22.40006781	-22.39568377	-22.39573835	-22.4007382	-22.40209747	-22.40593257	-22.39848385	-22.40524474	-22.40669691	-22.402971	-22.40058491	-22.39918551	-22.39535135	-22.3978841	-22.40224321	-22.40335249	-22.40632829	-22.40762903	-22.40592614	-22.4079942	-22.40561703	-22.40422565	-22.40329034	-22.38887477	-22.39696926	-22.40282994	-22.40495782	-22.40483487	-22.40778	-22.40909266	-22.40952647	-22.40563003	-22.40424655	-22.39364505	-22.39613205	-22.39754566	-22.39378572	-22.40210808	-22.40436356	-22.40655086	-22.40766933	-22.40571727	-22.40624413	-22.40426543	-22.40229585	-22.39864519	-22.39585476	-22.39174779	-22.39456351	-22.40366778	-22.40624838	-22.40738905	-22.40687789	-22.40514216	-22.39649555	-22.39988597	-22.39698364	-22.38891612	-22.39913936	-22.40365293	-22.39756084	-22.40421248	-22.40603496	-22.40375386	-22.40135797	-22.39761367	-22.39775445	-22.39323948	-22.40005283	-22.40245447	-22.40117306	-22.39942534	-22.39793406	-22.3956633	-22.39586159	-22.39752669	-22.39694652	-22.38634445
	8500000	-22.39794575	-22.39857089	-22.40092799	-22.4000491	-22.39844485	-22.39814952	-22.4028964	-22.39566211	-22.40217345	-22.40130986	-22.401078	-22.39228838	-22.39948791	-22.40200835	-22.40515527	-22.40534577	-22.40638995	-22.40504528	-22.40369667	-22.40136259	-22.39667387	-22.39776242	-22.40218211	-22.40393264	-22.40614536	-22.39993734	-22.40691782	-22.40732346	-22.40556841	-22.40340888	-22.40139541	-22.39741523	-22.39870675	-22.40354932	-22.40551382	-22.40832922	-22.40904653	-22.40747317	-22.40967193	-22.40770113	-22.40601262	-22.40303087	-22.39036317	-22.39970368	-22.40337976	-22.40604381	-22.40682225	-22.40864753	-22.40959624	-22.41067613	-22.40741925	-22.40576571	-22.39605685	-22.39848734	-22.39966556	-22.39702223	-22.40444211	-22.40639154	-22.40856908	-22.40844477	-22.40761179	-22.40749392	-22.4053171	-22.40409576	-22.40063693	-22.3980106	-22.39270983	-22.39540717	-22.4053775	-22.40784916	-22.40926434	-22.40734588	-22.40719711	-22.39836672	-22.40166515	-22.39839927	-22.39090067	-22.40140106	-22.40413886	-22.40004354	-22.40535898	-22.40671026	-22.40509369	-22.40364396	-22.40032207	-22.39942696	-22.39451484	-22.40187272	-22.40306231	-22.40267714	-22.40168303	-22.39938777	-22.39743375	-22.39910015	-22.40009599	-22.39893248	-22.38889955
	9350000	-22.41109685	-22.41128716	-22.41415331	-22.41303079	-22.41238936	-22.4121312	-22.41549424	-22.40953772	-22.41539816	-22.41368321	-22.41468143	-22.40663211	-22.41282145	-22.41536707	-22.41756244	-22.41921829	-22.41994665	-22.41798232	-22.41737195	-22.41519402	-22.41115233	-22.41206642	-22.41519272	-22.41627824	-22.41953956	-22.41415394	-22.42028203	-22.42001204	-22.41859236	-22.41640771	-22.414698	-22.41096157	-22.4139362	-22.41744281	-22.41820715	-22.42047267	-22.42237062	-22.41941684	-22.42219689	-22.42072502	-22.41884069	-22.41652782	-22.40450716	-22.41253882	-22.41650034	-22.42020149	-22.41823148	-22.42137725	-22.42254375	-22.42250499	-22.41968589	-22.4193345	-22.40990255	-22.41277068	-22.41411353	-22.41017848	-22.41831688	-22.41903618	-22.42141876	-22.42247247	-22.4198908	-22.41980893	-22.41919448	-22.41726323	-22.41437347	-22.41086614	-22.40786751	-22.41011136	-22.41847525	-22.42121401	-22.42137455	-22.42088733	-22.42034064	-22.41266567	-22.41494328	-22.4126462	-22.40574182	-22.41472769	-22.41770537	-22.41267952	-22.41969036	-22.42014392	-22.41847129	-22.41748357	-22.41372881	-22.41286844	-22.40895322	-22.41574927	-22.41771238	-22.41615404	-22.4143821	-22.41349416	-22.41191367	-22.41352802	-22.41368945	-22.41355027	-22.4028232
	10200000	-22.43564492	-22.43595614	-22.43781832	-22.43757436	-22.43654271	-22.4359139	-22.43832351	-22.43252119	-22.43881049	-22.43803098	-22.43840036	-22.4310826	-22.43646361	-22.43939123	-22.44044668	-22.44218846	-22.4428268	-22.44082433	-22.44000169	-22.43798417	-22.43562973	-22.43587483	-22.43807521	-22.43972208	-22.44211893	-22.43554486	-22.44168182	-22.44212618	-22.44080118	-22.43967253	-22.43815602	-22.43630058	-22.43673914	-22.44102504	-22.44211459	-22.44348221	-22.4436225	-22.44227409	-22.44374063	-22.44261874	-22.44260719	-22.44070268	-22.43000547	-22.43678852	-22.43988487	-22.44353573	-22.44289781	-22.44404009	-22.44524784	-22.44535339	-22.44260685	-22.44220883	-22.43411725	-22.436884	-22.43815351	-22.43455949	-22.4410226	-22.44203158	-22.44499585	-22.44479578	-22.44408429	-22.44323496	-22.4414576	-22.44181158	-22.43815342	-22.43564525	-22.43195609	-22.43424508	-22.44116955	-22.4438594	-22.44396245	-22.4421615	-22.4429637	-22.43537269	-22.43876352	-22.43575301	-22.43094015	-22.43909606	-22.44002035	-22.43577715	-22.44215779	-22.44378583	-22.4425592	-22.44080222	-22.43774341	-22.43811431	-22.43278526	-22.43869157	-22.44109929	-22.44003086	-22.43880802	-22.436876	-22.43692262	-22.43651689	-22.43762252	-22.43745847	-22.42863696
	11050000	-22.47096064	-22.47057716	-22.47256338	-22.47246125	-22.47166819	-22.47122917	-22.47282929	-22.46811231	-22.47453638	-22.47291485	-22.47329101	-22.46637332	-22.47175029	-22.47349078	-22.47490504	-22.47587242	-22.4764513	-22.4750327	-22.47326445	-22.47222145	-22.47070849	-22.47113337	-22.47415337	-22.47409521	-22.47649339	-22.47039637	-22.47616529	-22.47636619	-22.4751148	-22.47384436	-22.47257157	-22.47055784	-22.47150104	-22.47501809	-22.47449006	-22.47683483	-22.47667399	-22.47744283	-22.47748872	-22.4768042	-22.47537545	-22.47412375	-22.46518626	-22.47161575	-22.47518839	-22.47739748	-22.47651535	-22.47841896	-22.47872697	-22.47909175	-22.47689617	-22.47686981	-22.46921848	-22.4719683	-22.4733616	-22.469088	-22.47566162	-22.4764189	-22.47750738	-22.47906985	-22.47766018	-22.47691647	-22.47656565	-22.47531451	-22.47361437	-22.4715662	-22.46668296	-22.46906258	-22.47592302	-22.47689489	-22.47774705	-22.47817282	-22.4765025	-22.47058179	-22.47415343	-22.47196123	-22.46688521	-22.47158494	-22.47588855	-22.47107878	-22.47628977	-22.47668204	-22.47607436	-22.47505427	-22.47268944	-22.47427924	-22.46856431	-22.47341883	-22.47639012	-22.47474706	-22.47344997	-22.47321332	-22.47218224	-22.47238342	-22.47466694	-22.47282373	-22.46518745
	11900000	-22.51777816	-22.51703432	-22.51763257	-22.51787419	-22.5166857	-22.51636316	-22.51816511	-22.51284631	-22.5181726	-22.51687753	-22.5170259	-22.51341829	-22.51747568	-22.51761945	-22.51999693	-22.51984078	-22.51986781	-22.51919013	-22.51736319	-22.51812172	-22.51533944	-22.51724363	-22.51889677	-22.51865461	-22.52016953	-22.51395498	-22.51998274	-22.52016506	-22.51905674	-22.51879027	-22.51868687	-22.51670845	-22.51813235	-22.51921622	-22.51910523	-22.52127747	-22.52125937	-22.52028503	-22.5199787	-22.5192255	-22.52074592	-22.51933523	-22.51219382	-22.51788118	-22.52005093	-22.52100145	-22.52069594	-22.52126219	-22.52160085	-22.52273514	-22.52020088	-22.52131764	-22.51421225	-22.51766354	-22.51805244	-22.51437823	-22.52009725	-22.52028193	-22.52087644	-22.5219596	-22.52127902	-22.5209466	-22.52036753	-22.52088177	-22.51881973	-22.51816318	-22.51319463	-22.51424042	-22.51980009	-22.52103225	-22.52121925	-22.51991003	-22.52075085	-22.51499838	-22.51818769	-22.51856312	-22.51281934	-22.51805152	-22.52021292	-22.51421051	-22.52002524	-22.52082001	-22.52153045	-22.51972124	-22.51871269	-22.51924465	-22.5142219	-22.51844442	-22.51990513	-22.51911446	-22.51944292	-22.51929612	-22.51929683	-22.51839398	-22.51924298	-22.51784787	-22.51192154
	12750000	-22.58108639	-22.58078624	-22.58144135	-22.58204527	-22.58194131	-22.58008026	-22.58176011	-22.57587905	-22.58157686	-22.58092028	-22.58115932	-22.57720883	-22.58058671	-22.5826298	-22.58163918	-22.58159925	-22.58182868	-22.58077871	-22.58196634	-22.5806185	-22.5802467	-22.58124395	-22.58184216	-22.58161202	-22.58197557	-22.57669873	-22.58105894	-22.58130634	-22.5814708	-22.58028607	-22.58195224	-22.58192237	-22.58213854	-22.58245817	-22.58134649	-22.58217452	-22.58233162	-22.58157849	-22.58293023	-22.5824301	-22.58278888	-22.58257959	-22.57704918	-22.5829461	-22.58249191	-22.58495655	-22.58200785	-22.58449668	-22.58410577	-22.58392994	-22.58324836	-22.58426645	-22.57831825	-22.58292214	-22.58324422	-22.57902822	-22.58253663	-22.58153646	-22.58348761	-22.58459776	-22.58289429	-22.58404659	-22.58301199	-22.58451947	-22.58357941	-22.58185919	-22.5776258	-22.57737349	-22.58315081	-22.58385253	-22.58454437	-22.58197332	-22.58364095	-22.57847336	-22.58339028	-22.58363896	-22.57765294	-22.58176757	-22.58330274	-22.57956081	-22.5829501	-22.58468808	-22.58383538	-22.58383656	-22.58301997	-22.58234977	-22.57833404	-22.58129805	-22.5849478	-22.5835462	-22.58292832	-22.58380191	-22.58278776	-22.58333388	-22.58366285	-22.5836075	-22.57841206
	13600000	-22.66433626	-22.66362655	-22.66347206	-22.6637383	-22.66388137	-22.66228914	-22.66257625	-22.65776224	-22.66174347	-22.66162869	-22.66248123	-22.66006747	-22.66295751	-22.66322998	-22.66240179	-22.66182512	-22.66192484	-22.66085546	-22.66163166	-22.66299311	-22.6624659	-22.66422299	-22.66357052	-22.66179949	-22.66195324	-22.65709836	-22.66092391	-22.66105599	-22.66078685	-22.66216921	-22.66290101	-22.66367212	-22.66472272	-22.66276805	-22.66248442	-22.66268705	-22.66172283	-22.66045302	-22.66101077	-22.6611516	-22.66249571	-22.66318401	-22.66049558	-22.66510765	-22.66362351	-22.66306429	-22.66228324	-22.66253163	-22.66314803	-22.66341858	-22.66193467	-22.66369799	-22.66013582	-22.6659602	-22.66515226	-22.66071833	-22.66197705	-22.66233178	-22.66307723	-22.66243862	-22.6631556	-22.66331379	-22.66368653	-22.66455025	-22.66660605	-22.66602672	-22.66041825	-22.65880588	-22.6631203	-22.66292367	-22.66306554	-22.66393382	-22.66330597	-22.66002599	-22.66415881	-22.66627332	-22.66162715	-22.66319279	-22.66338781	-22.65968127	-22.66343735	-22.66401183	-22.66476717	-22.66482497	-22.66670977	-22.66652472	-22.65956723	-22.66386496	-22.66498399	-22.66444785	-22.66563537	-22.66603084	-22.66665528	-22.6664649	-22.66605974	-22.66605365	-22.66265423
	14450000	-22.7637735	-22.76311214	-22.76272841	-22.76366768	-22.76325276	-22.76121242	-22.76094517	-22.75566519	-22.75888985	-22.75828054	-22.76075575	-22.76005603	-22.7614014	-22.75881926	-22.75896524	-22.75808867	-22.75869212	-22.75715141	-22.75848008	-22.75979001	-22.76146049	-22.76429699	-22.76045562	-22.75908978	-22.75800429	-22.7527753	-22.75597083	-22.75768175	-22.75763307	-22.75901289	-22.76103562	-22.76429428	-22.76247217	-22.76027191	-22.75904453	-22.75685634	-22.75683578	-22.75629029	-22.75604401	-22.75702182	-22.75854403	-22.76052425	-22.75893957	-22.76386371	-22.76104967	-22.76037317	-22.75783753	-22.75782047	-22.75921146	-22.75849181	-22.75794053	-22.76072138	-22.75778694	-22.76446638	-22.76418069	-22.75831476	-22.75907288	-22.75838774	-22.75889329	-22.75824872	-22.75789916	-22.75886292	-22.76064743	-22.76221001	-22.76544499	-22.76580804	-22.75951874	-22.75619922	-22.75978469	-22.75948456	-22.75950289	-22.75932846	-22.75979724	-22.75790991	-22.76261316	-22.76555749	-22.75952442	-22.76077801	-22.76055672	-22.75685329	-22.76004104	-22.76052319	-22.76176186	-22.7627387	-22.76562283	-22.76495419	-22.75930516	-22.76105826	-22.76194807	-22.76260317	-22.76337797	-22.76457141	-22.76621535	-22.76534538	-22.76560609	-22.76538555	-22.76212434
	15300000	-22.88315697	-22.8829617	-22.88110814	-22.88312145	-22.88282646	-22.87956979	-22.87808429	-22.87298999	-22.87631882	-22.87624948	-22.87858966	-22.87818619	-22.88127306	-22.87770654	-22.87595201	-22.87344809	-22.87388664	-22.87354709	-22.87451993	-22.8774987	-22.88138402	-22.88349647	-22.87915405	-22.87531442	-22.87333549	-22.86977806	-22.87193945	-22.87214252	-22.87348636	-22.87521831	-22.87791123	-22.883488	-22.88238296	-22.8767767	-22.87495174	-22.87201088	-22.87143031	-22.87049011	-22.8722176	-22.87207812	-22.8756172	-22.87852748	-22.87871918	-22.8830365	-22.87801858	-22.8775666	-22.87373058	-22.8736396	-22.87318795	-22.87322689	-22.87476843	-22.87741689	-22.87627935	-22.88375507	-22.88421848	-22.87627952	-22.87618546	-22.87462434	-22.87273161	-22.87456285	-22.8731842	-22.87513704	-22.87690503	-22.87914303	-22.88414739	-22.88539468	-22.8767328	-22.87554016	-22.87497572	-22.87543273	-22.87544572	-22.87410207	-22.87609355	-22.87479364	-22.88102738	-22.88574336	-22.88103707	-22.87933368	-22.87805033	-22.87350105	-22.87522396	-22.87760387	-22.87801568	-22.8801012	-22.88408177	-22.88281344	-22.87814557	-22.87945301	-22.88010799	-22.88035613	-22.88144487	-22.88473914	-22.88663939	-22.88625534	-22.88549727	-22.88574291	-22.88341492
	16150000	-23.02358365	-23.02166937	-23.01956201	-23.02165537	-23.02253456	-23.01980312	-23.01736034	-23.01318473	-23.0132455	-23.01373957	-23.0162799	-23.01778158	-23.01892703	-23.01528286	-23.01336381	-23.01058418	-23.01051792	-23.01046458	-23.01178251	-23.01550282	-23.01967398	-23.02353642	-23.01752208	-23.01196661	-23.01029078	-23.00466586	-23.00704271	-23.0078816	-23.00908978	-23.01249711	-23.01745657	-23.02379027	-23.02069808	-23.01461088	-23.011297	-23.00846967	-23.0074388	-23.00683562	-23.00673294	-23.00863322	-23.01188323	-23.01540557	-23.02012456	-23.02355563	-23.01664831	-23.01323518	-23.00973384	-23.00777668	-23.00722256	-23.00948836	-23.01013636	-23.01406841	-23.01363485	-23.02359459	-23.02379398	-23.01520606	-23.01339037	-23.01031006	-23.00970407	-23.00908223	-23.00902443	-23.0114401	-23.01356485	-23.01842422	-23.02526338	-23.02558228	-23.01613891	-23.01159795	-23.01224649	-23.01101576	-23.01019089	-23.01096777	-23.01273604	-23.01136349	-23.01921629	-23.02799791	-23.02019341	-23.0186477	-23.01557229	-23.01062422	-23.01314023	-23.01293418	-23.01462668	-23.01828965	-23.02326968	-23.02370191	-23.01708718	-23.01876166	-23.0178546	-23.01842222	-23.02148058	-23.02476174	-23.02726287	-23.02607492	-23.02340851	-23.02565594	-23.02491124
	17000000	-23.18724406	-23.18533683	-23.18346315	-23.18381439	-23.18652177	-23.18195452	-23.17845866	-23.17240383	-23.17450963	-23.1749936	-23.17933041	-23.18176834	-23.18037387	-23.17750181	-23.17280341	-23.17043913	-23.16960758	-23.17084489	-23.17285358	-23.17658485	-23.18388186	-23.18774544	-23.17779682	-23.17220031	-23.16823609	-23.16516508	-23.16643113	-23.16718845	-23.16889332	-23.17209909	-23.17934296	-23.18772759	-23.18458431	-23.17561824	-23.1705735	-23.1677288	-23.16569941	-23.16495707	-23.16554419	-23.16722122	-23.17166449	-23.17688317	-23.18348048	-23.18548708	-23.17731691	-23.17358089	-23.16925653	-23.16696372	-23.16708958	-23.16768332	-23.17060004	-23.17314566	-23.17667653	-23.18577866	-23.18725254	-23.17613848	-23.17389234	-23.1697811	-23.16878791	-23.16836209	-23.16846986	-23.16944135	-23.17401008	-23.17996202	-23.18764617	-23.18978862	-23.1791138	-23.17437383	-23.17369467	-23.17011939	-23.17006083	-23.17071437	-23.17235712	-23.17413606	-23.1823564	-23.19151091	-23.18424435	-23.18059602	-23.17648279	-23.1712923	-23.17296014	-23.17390217	-23.17735608	-23.18041957	-23.18705316	-23.18678763	-23.18014695	-23.18042141	-23.1797645	-23.18094181	-23.18320711	-23.1868293	-23.19144242	-23.18920125	-23.18809118	-23.18878256	-23.18923914
	17850000	-23.3668207	-23.36410428	-23.36203531	-23.36406016	-23.36872876	-23.36246641	-23.35699616	-23.35206971	-23.35354301	-23.35381043	-23.35684381	-23.36144335	-23.36300022	-23.35472345	-23.35019117	-23.3475264	-23.34746055	-23.34665884	-23.34942269	-23.35553116	-23.36323083	-23.36653529	-23.3565787	-23.349438	-23.34582773	-23.34231751	-23.34237518	-23.3435679	-23.34679132	-23.35089471	-23.35838835	-23.36795329	-23.36434275	-23.3549503	-23.34747343	-23.34325484	-23.34106454	-23.34152121	-23.34275087	-23.34375839	-23.34832971	-23.35514371	-23.36239629	-23.36655599	-23.35670488	-23.35037567	-23.34562392	-23.34290659	-23.34365702	-23.343028	-23.34704748	-23.35013506	-23.35538645	-23.36781358	-23.36672969	-23.35644514	-23.35116281	-23.34771529	-23.34516214	-23.3452961	-23.34471503	-23.34630881	-23.35118722	-23.35729532	-23.36787953	-23.3709051	-23.35873475	-23.35324226	-23.35088	-23.34763191	-23.34611481	-23.34766763	-23.34991807	-23.35308426	-23.36107464	-23.37132219	-23.3645807	-23.35846175	-23.35418457	-23.35055123	-23.35058238	-23.35244727	-23.35473557	-23.359585	-23.3676713	-23.367205	-23.36029559	-23.35848779	-23.35685213	-23.35871091	-23.36204226	-23.36688417	-23.37335569	-23.36909549	-23.36832894	-23.36960056	-23.37233614
	18700000	-23.57315703	-23.56969643	-23.56582584	-23.56741953	-23.57107738	-23.56484141	-23.5587128	-23.55507827	-23.554426	-23.55490856	-23.55863599	-23.5647813	-23.56538534	-23.55641299	-23.55146344	-23.54776554	-23.54666083	-23.54853533	-23.55089003	-23.55866528	-23.56685977	-23.57165744	-23.55879941	-23.55199079	-23.54559355	-23.5415772	-23.54265475	-23.54406803	-23.54821544	-23.5506976	-23.55910911	-23.57182991	-23.5689992	-23.55695176	-23.54823586	-23.54401027	-23.5403633	-23.5406403	-23.54118533	-23.54385333	-23.54958878	-23.55582284	-23.56736505	-23.56894709	-23.55740183	-23.54984645	-23.54462616	-23.54192118	-23.54265739	-23.54328033	-23.54617928	-23.55090367	-23.55815043	-23.5703582	-23.56937379	-23.55761968	-23.55273072	-23.54820621	-23.54413611	-23.54350946	-23.54481632	-23.54662843	-23.5528054	-23.56006568	-23.57187358	-23.57536049	-23.56187732	-23.55468069	-23.55109319	-23.54709859	-23.5459434	-23.54801664	-23.54972335	-23.55446348	-23.56572946	-23.57572296	-23.56888962	-23.56174375	-23.55554833	-23.55040723	-23.55177159	-23.55078969	-23.55555938	-23.56131056	-23.57041798	-23.57088118	-23.56314606	-23.56287781	-23.56010805	-23.56096938	-23.56376202	-23.57106087	-23.57911282	-23.57412722	-23.57177123	-23.57413881	-23.57662682
	19550000	-23.79654988	-23.79265201	-23.79066192	-23.79143776	-23.79531396	-23.78861236	-23.78134901	-23.77826562	-23.77761726	-23.77905163	-23.78218704	-23.79019834	-23.78713559	-23.7797375	-23.77305381	-23.76984879	-23.7682487	-23.76997796	-23.77446581	-23.78004321	-23.78973347	-23.79313017	-23.78131592	-23.77270612	-23.76802462	-23.76464261	-23.76440952	-23.7653456	-23.76890011	-23.77397943	-23.78214166	-23.79679994	-23.79070999	-23.77829904	-23.77027859	-23.76526257	-23.76246384	-23.76147787	-23.76201509	-23.76607422	-23.7707008	-23.77994236	-23.79226198	-23.79267618	-23.78144346	-23.77226578	-23.76778152	-23.76317803	-23.76407571	-23.76428803	-23.76754277	-23.77326262	-23.77975862	-23.794651	-23.79307753	-23.78102064	-23.77510773	-23.77112123	-23.76610247	-23.76498663	-23.76755597	-23.76807253	-23.77455048	-23.78314447	-23.79636883	-23.80081434	-23.7865986	-23.77768108	-23.77264653	-23.76913083	-23.7680826	-23.76991692	-23.77226066	-23.77795134	-23.7872802	-23.79949178	-23.79388233	-23.78580687	-23.7787196	-23.77442917	-23.77390985	-23.77435894	-23.77782916	-23.78510433	-23.79463643	-23.79494602	-23.78714761	-23.7851375	-23.78232573	-23.78398558	-23.78716835	-23.79443169	-23.80271734	-23.7970455	-23.79520297	-23.79687062	-23.80287104
	20400000	-24.01169098	-24.00785826	-24.00577848	-24.00599937	-24.0106493	-24.00482297	-23.99856132	-23.99566301	-23.99526103	-23.99490458	-23.99830974	-24.00457125	-24.00401017	-23.99533226	-23.98985588	-23.98749992	-23.98576504	-23.9879421	-23.99072922	-23.99706415	-24.00609888	-24.00780247	-23.99617263	-23.99015816	-23.98391177	-23.98299051	-23.98349347	-23.98394428	-23.98664264	-23.99015551	-23.99894171	-24.01043312	-24.00658336	-23.99480093	-23.98724013	-23.98267355	-23.98059711	-23.97939436	-23.97979134	-23.98289066	-23.9886183	-23.99529612	-24.00587894	-24.00893555	-23.99821754	-23.9906283	-23.98561159	-23.9823222	-23.98150957	-23.98318349	-23.98579706	-23.99111703	-23.99688351	-24.00974671	-24.0098918	-23.99889432	-23.99308254	-23.98731491	-23.9845267	-23.98338107	-23.98517206	-23.98628655	-23.99248691	-24.00019733	-24.01104812	-24.01502463	-24.00330024	-23.99654787	-23.99081046	-23.98674097	-23.98648195	-23.9887607	-23.99056431	-23.99527389	-24.00310969	-24.0147246	-24.00883633	-24.00172062	-23.99517035	-23.99099937	-23.99087905	-23.99162845	-23.99498439	-24.00155268	-24.00960648	-24.01016366	-24.00370591	-24.00132732	-24.00003213	-24.00140344	-24.00464769	-24.00858413	-24.01700701	-24.01299702	-24.01084784	-24.01267752	-24.01698875
	21250000	-24.18710937	-24.18384648	-24.18095498	-24.18130767	-24.18481386	-24.18031884	-24.17488698	-24.17387879	-24.1726705	-24.17351914	-24.17580526	-24.17998018	-24.17982085	-24.1732521	-24.16792814	-24.1667008	-24.16572629	-24.16769978	-24.17042831	-24.17586932	-24.18126593	-24.18313238	-24.17408708	-24.16894254	-24.16566146	-24.16373242	-24.16345408	-24.16249818	-24.16539728	-24.16956098	-24.17555724	-24.18467952	-24.18277082	-24.17279367	-24.16852472	-24.16323257	-24.16033125	-24.16133113	-24.16118888	-24.16346123	-24.16781309	-24.17302107	-24.18109283	-24.18431313	-24.17665874	-24.17060407	-24.16654617	-24.16333112	-24.16441746	-24.16436503	-24.16626474	-24.17098249	-24.17571505	-24.18499322	-24.18525911	-24.17631647	-24.17255115	-24.16931802	-24.16464528	-24.16500818	-24.16687614	-24.16689429	-24.17243467	-24.17793918	-24.18594832	-24.18875461	-24.18096875	-24.17459156	-24.17183032	-24.16877644	-24.16757056	-24.16931459	-24.16944555	-24.17419996	-24.18288991	-24.18909926	-24.18550008	-24.18003933	-24.17454291	-24.17136064	-24.17115425	-24.17148081	-24.17463259	-24.17885524	-24.18548727	-24.18644315	-24.18166691	-24.18060728	-24.17810745	-24.17914459	-24.18177401	-24.18530002	-24.19152779	-24.18928773	-24.18728525	-24.18775745	-24.19096318
