BPM Serial No.	16elec																																																																																																	
BPM Size	110																																																																																																	
"Experi,menter"	Tajima      Toyama      Hanamura      Kawachi      																																																																																																	
Meas. Start Time	2019/08/2916:44																																																																																																	
Meas. Finish Time	2019/08/2917:33																																																																																																	
Linear Scale Origin X(mm)	-99.334																																																																																																	
Linear Scale Origin Y(mm)	88.445																																																																																																	
note																																																																																																		
																																																																																																		
																																																																																																		
Data Point Number		1	2	3	4	5	6	7	8	9	10	11	12	13	14	15	16	17	18	19	20	21	22	23	24	25	26	27	28	29	30	31	32	33	34	35	36	37	38	39	40	41	42	43	44	45	46	47	48	49	50	51	52	53	54	55	56	57	58	59	60	61	62	63	64	65	66	67	68	69	70	71	72	73	74	75	76	77	78	79	80	81	82	83	84	85	86	87	88	89	90	91	92	93	94	95	96	97
Linear Scale X (mm)		-119.336	-109.338	-99.337	-89.336	-79.335	-129.337	-119.338	-109.338	-99.337	-89.336	-79.335	-69.334	-139.338	-129.339	-119.338	-109.338	-99.337	-89.336	-79.335	-69.334	-59.333	-149.339	-139.341	-129.339	-119.339	-109.338	-99.337	-89.336	-79.335	-69.334	-59.333	-49.332	-149.339	-139.341	-129.339	-119.339	-109.338	-99.337	-89.336	-79.335	-69.334	-59.333	-49.332	-149.339	-139.341	-129.339	-119.339	-109.338	-99.337	-89.336	-79.335	-69.334	-59.333	-49.332	-149.339	-139.341	-129.339	-119.339	-109.338	-99.337	-89.336	-79.335	-69.334	-59.333	-49.332	-149.339	-139.341	-129.339	-119.338	-109.338	-99.337	-89.336	-79.335	-69.334	-59.333	-49.332	-139.338	-129.339	-119.338	-109.338	-99.337	-89.336	-79.335	-69.334	-59.333	-129.337	-119.338	-109.338	-99.337	-89.336	-79.335	-69.334	-119.335	-109.338	-99.337	-89.336	-79.335
Linear Scale Y (mm)		38.447	38.447	38.447	38.447	38.447	48.444	48.444	48.444	48.444	48.444	48.444	48.444	58.443	58.443	58.443	58.443	58.443	58.443	58.443	58.443	58.443	68.442	68.442	68.443	68.443	68.442	68.442	68.442	68.442	68.442	68.442	68.442	78.442	78.442	78.442	78.442	78.442	78.442	78.442	78.442	78.442	78.442	78.442	88.442	88.442	88.442	88.442	88.442	88.442	88.442	88.442	88.442	88.442	88.442	98.441	98.441	98.442	98.441	98.441	98.441	98.441	98.441	98.441	98.441	98.442	108.441	108.441	108.441	108.441	108.441	108.441	108.441	108.441	108.441	108.441	108.441	118.44	118.44	118.44	118.44	118.44	118.44	118.44	118.44	118.44	128.441	128.441	128.441	128.441	128.441	128.441	128.441	138.441	138.441	138.441	138.441	138.441
R(beam)[mm]		20.002	10.004	0.003	-9.998	-19.999	30.003	20.004	10.004	0.003	-9.998	-19.999	-30	40.004	30.005	20.004	10.004	0.003	-9.998	-19.999	-30	-40.001	50.005	40.007	30.005	20.005	10.004	0.003	-9.998	-19.999	-30	-40.001	-50.002	50.005	40.007	30.005	20.005	10.004	0.003	-9.998	-19.999	-30	-40.001	-50.002	50.005	40.007	30.005	20.005	10.004	0.003	-9.998	-19.999	-30	-40.001	-50.002	50.005	40.007	30.005	20.005	10.004	0.003	-9.998	-19.999	-30	-40.001	-50.002	50.005	40.007	30.005	20.004	10.004	0.003	-9.998	-19.999	-30	-40.001	-50.002	40.004	30.005	20.004	10.004	0.003	-9.998	-19.999	-30	-40.001	30.003	20.004	10.004	0.003	-9.998	-19.999	-30	20.001	10.004	0.003	-9.998	-19.999
Y(beam)[mm]		-49.998	-49.998	-49.998	-49.998	-49.998	-40.001	-40.001	-40.001	-40.001	-40.001	-40.001	-40.001	-30.002	-30.002	-30.002	-30.002	-30.002	-30.002	-30.002	-30.002	-30.002	-20.003	-20.003	-20.002	-20.002	-20.003	-20.003	-20.003	-20.003	-20.003	-20.003	-20.003	-10.003	-10.003	-10.003	-10.003	-10.003	-10.003	-10.003	-10.003	-10.003	-10.003	-10.003	-0.003	-0.003	-0.003	-0.003	-0.003	-0.003	-0.003	-0.003	-0.003	-0.003	-0.003	9.996	9.996	9.997	9.996	9.996	9.996	9.996	9.996	9.996	9.996	9.997	19.996	19.996	19.996	19.996	19.996	19.996	19.996	19.996	19.996	19.996	19.996	29.995	29.995	29.995	29.995	29.995	29.995	29.995	29.995	29.995	39.996	39.996	39.996	39.996	39.996	39.996	39.996	49.996	49.996	49.996	49.996	49.996
Net Ana Temperature[℃]		22.11238899	22.15082057	22.17330563	22.17043365	22.14751233	22.14971436	22.13943132	22.16144118	22.16885484	22.16575695	22.14678525	22.12797196	22.10837445	22.08226694	22.10653856	22.12537523	22.11661646	22.12926513	22.14797715	22.15511036	22.15845754	22.08822643	22.13622695	22.15605297	22.13556998	22.11168008	22.12860036	22.10888081	22.08302778	22.08162296	22.10787847	22.10649182	22.13863672	22.10761101	22.12109063	22.1450013	22.16548169	22.16566606	22.16035575	22.16175798	22.12129577	22.0945209	22.11591535	22.09280966	22.1134147	22.15298364	22.15547131	22.10343547	22.0847624	22.08642171	22.12678525	22.16334199	22.15654635	22.16421189	22.09445599	22.09164373	22.09117891	22.10703454	22.09576474	22.11170086	22.14521423	22.16369514	22.18485328	22.16864191	22.18070371	22.18739548	22.21368216	22.22750714	22.23431317	22.19354453	22.17323812	22.14443521	22.14891716	22.16407946	22.15209037	22.1363464	22.14162036	22.17120748	22.19811478	22.20660348	22.23046222	22.22048039	22.15846793	22.15210335	22.13899507	22.16589977	22.17377045	22.18819527	22.18323552	22.20521942	22.22905998	22.22378343	22.23733316	22.24642171	22.25338613	22.22706829	22.1896832
BPM Temperature[℃]		20.26751493	20.2561932	20.25102571	20.2238899	20.23588678	20.26512594	20.25453129	20.23191379	20.21578811	20.20618021	20.19979226	20.22292911	20.23484809	20.22994028	20.22672033	20.23404311	20.25403791	20.26624253	20.27312386	20.26068554	20.24284601	20.22505843	20.20397299	20.19353415	20.22557777	20.24674111	20.26525578	20.29044404	20.27431836	20.27255258	20.25157102	20.22778499	20.26369774	20.25136328	20.23175798	20.24689691	20.27089068	20.2719813	20.28647105	20.31591794	20.32311088	20.28699039	20.28569203	20.19280706	20.17844716	20.17655155	20.18283563	20.18647105	20.18776941	20.19555959	20.20482991	20.26149052	20.26569722	20.26068554	20.25408985	20.27301999	20.27512334	20.26767073	20.25647884	20.25541418	20.29179434	20.29446897	20.29997403	20.28699039	20.27914827	20.27322773	20.29376785	20.29844196	20.3029343	20.29781875	20.28223838	20.29537782	20.28776941	20.29361205	20.2929369	20.27507141	20.27431836	20.25421968	20.25577772	20.29005453	20.3099195	20.31319138	20.29911711	20.28275773	20.27948585	20.31804726	20.32217606	20.34762399	20.33843158	20.32212412	20.31417814	20.33297845	20.29657232	20.27688912	20.27948585	20.29607894	20.28623734
Frequency (Hz) / Data (dB)	850000	-44.36331793	-46.3903792	-48.47661418	-50.69316131	-52.99999326	-39.8545173	-42.11758064	-44.40291922	-46.56392984	-48.85997714	-51.10136198	-53.74757845	-35.695412	-38.48280589	-40.97313997	-43.28899709	-45.48647732	-47.71626344	-50.00025313	-52.4205606	-55.29321306	-32.76806265	-35.61577488	-38.25207471	-40.64049978	-42.87437237	-45.07712846	-47.15689168	-49.44217107	-51.835851	-54.48010003	-57.59614062	-34.81584629	-36.79921866	-38.96329758	-41.05883897	-43.05099783	-45.14756569	-47.21251886	-49.39423121	-51.68184775	-54.15732702	-57.16209966	-37.56952528	-38.78757908	-40.3015314	-42.09029845	-43.86133505	-45.7311497	-47.58228697	-49.64199203	-51.84546368	-54.28287997	-57.16392458	-40.7266402	-41.11985418	-42.14670964	-43.53489897	-45.07823567	-46.67062998	-48.49719897	-50.41977421	-52.4490525	-54.85170237	-57.73834555	-43.96478424	-43.858937	-44.41498139	-45.38183238	-46.63762956	-48.00505202	-49.69702424	-51.51752707	-53.5612518	-55.92245919	-58.89574418	-46.77968493	-46.9674044	-47.56876857	-48.56046461	-49.7822337	-51.27987661	-53.01187944	-54.98063602	-57.36525198	-49.81158269	-50.09782311	-50.83537335	-51.8724597	-53.21148681	-54.94916133	-56.8876874	-53.22719571	-53.72200094	-54.4988707	-55.819021	-57.37492742
	1700000	-38.57783438	-40.57958876	-42.63942815	-44.82960844	-47.19900349	-34.03874855	-36.32749155	-38.57234851	-40.73929142	-42.9931433	-45.3295284	-47.90468443	-29.8767033	-32.66836924	-35.15502649	-37.46273591	-39.65905574	-41.87098869	-44.18207356	-46.6212954	-49.41142602	-26.94231788	-29.80874455	-32.43368059	-34.82014418	-37.04995217	-39.23493366	-41.36959478	-43.63304258	-46.01082863	-48.62713323	-51.67988974	-28.99630996	-30.99297605	-33.1358471	-35.23374737	-37.24963715	-39.3272435	-41.39705929	-43.54279682	-45.82080195	-48.29856371	-51.27716503	-31.77529631	-32.9707491	-34.48313837	-36.22668007	-38.03707791	-39.89424211	-41.79239875	-43.8595375	-46.04321673	-48.48009331	-51.34553208	-34.92377693	-35.33022056	-36.34551709	-37.70213465	-39.21665217	-40.83614309	-42.65197253	-44.58641946	-46.66628648	-49.0490876	-51.89906355	-38.16099788	-38.04549637	-38.59214973	-39.56071619	-40.78992912	-42.19640712	-43.86035977	-45.68699746	-47.69863596	-50.07248447	-52.98057567	-40.98541564	-41.13071263	-41.75177491	-42.69926419	-43.9522683	-45.42850412	-47.16112772	-49.14576849	-51.53301044	-44.00529032	-44.27391998	-45.01806151	-46.03964432	-47.38911193	-49.07499513	-51.05443371	-47.38482205	-47.84499121	-48.67251634	-49.92680107	-51.54660661
	2550000	-35.26247274	-37.25800825	-39.32359931	-41.52152649	-43.91336657	-30.70895319	-33.00422979	-35.24278811	-37.426013	-39.67523289	-42.02182687	-44.58644794	-26.53647473	-29.32424467	-31.81294488	-34.12571249	-36.32695638	-38.5611041	-40.86115978	-43.32791909	-46.09762952	-23.59832206	-26.46737057	-29.09558194	-31.48476448	-33.71906038	-35.90145436	-38.04159413	-40.30504231	-42.67988547	-45.30776236	-48.37213906	-25.6623416	-27.66326661	-29.79302986	-31.89334028	-33.92748167	-35.99675779	-38.07063503	-40.21566734	-42.50218617	-44.99817663	-47.95621653	-28.4497483	-29.63976766	-31.16179238	-32.90583697	-34.70551068	-36.57120043	-38.47661412	-40.53968202	-42.74881116	-45.18453168	-48.03199155	-31.59664477	-32.00484593	-33.01891406	-34.37381293	-35.89398465	-37.51968135	-39.33462576	-41.26015323	-43.37529603	-45.77138282	-48.59583271	-34.84789666	-34.7286243	-35.26433227	-36.23352706	-37.4701316	-38.87726531	-40.53654592	-42.35590293	-44.39682501	-46.76145319	-49.65995454	-37.67482397	-37.80985513	-38.419776	-39.38294811	-40.6340829	-42.10924607	-43.84125713	-45.84279565	-48.23629353	-40.70369751	-40.95852474	-41.69591875	-42.72641896	-44.06888185	-45.76401475	-47.75156694	-44.07114727	-44.53212804	-45.37187041	-46.62042138	-48.24800004
	3400000	-32.93294983	-34.92728357	-37.00161583	-39.2000372	-41.59397708	-28.37875534	-30.67387468	-32.91614245	-35.09686903	-37.35447786	-39.70794694	-42.26348822	-24.19879118	-26.99193336	-29.47851576	-31.79313984	-34.00268813	-36.22902625	-38.53149374	-40.98942155	-43.77394752	-21.2570673	-24.13506614	-26.75616772	-29.1419501	-31.37788347	-33.56444837	-35.71977201	-37.97256866	-40.358439	-42.99115555	-46.06786874	-23.3179082	-25.32134024	-27.45714603	-29.55340971	-31.58934738	-33.65425057	-35.73267037	-37.88222154	-40.17187002	-42.68027	-45.64598394	-26.11356821	-27.29803588	-28.82111977	-30.56251322	-32.36630418	-34.22825332	-36.14538219	-38.20391741	-40.41669197	-42.8657546	-45.72014958	-29.25878679	-29.67010738	-30.6808891	-32.03360375	-33.55550502	-35.18526895	-36.99257309	-38.9245167	-41.05220185	-43.45169395	-46.27410211	-32.5231916	-32.38897319	-32.92335053	-33.88915545	-35.12896081	-36.54723072	-38.19941872	-40.02376839	-42.06555843	-44.45212339	-47.34358494	-35.3445119	-35.47662187	-36.09179426	-37.04828497	-38.29679345	-39.78319227	-41.5117253	-43.52559501	-45.93549136	-38.37725576	-38.63429894	-39.36956203	-40.40288174	-41.74905878	-43.43477614	-45.44263126	-41.7491134	-42.20881317	-43.05484395	-44.30431392	-45.93648042
	4250000	-31.13341425	-33.12244488	-35.19814389	-37.39775975	-39.80155595	-26.57291656	-28.86773058	-31.10672674	-33.29300603	-35.54942838	-37.90754754	-40.47337332	-22.38730525	-25.17988274	-27.6690504	-29.98300725	-32.19467182	-34.42357893	-36.7257584	-39.18829445	-41.97466608	-19.4455012	-22.32390496	-24.94263408	-27.32764491	-29.56711186	-31.75386203	-33.91026174	-36.16534581	-38.55232001	-41.19153884	-44.27353946	-21.50762095	-23.51141666	-25.6442226	-27.74143959	-29.78118198	-31.84351639	-33.92319076	-36.07378969	-38.36727793	-40.88205998	-43.84512004	-24.3061189	-25.48594433	-27.01100146	-28.75059889	-30.55415362	-32.41804633	-34.33492317	-36.40103366	-38.60974868	-41.06281153	-43.91381777	-27.45239429	-27.86354071	-28.87163379	-30.22164996	-31.74303374	-33.37497834	-35.18495747	-37.11810718	-39.25443323	-41.65905253	-44.48134528	-30.72294502	-30.58424666	-31.11736707	-32.07942524	-33.31890981	-34.74024105	-36.38984419	-38.21386438	-40.26879096	-42.65612397	-45.54813788	-33.54661503	-33.67051588	-34.28527785	-35.24169759	-36.48592496	-37.97464495	-39.70276769	-41.73008443	-44.13530145	-36.57915153	-36.83146544	-37.56700023	-38.59695512	-39.94010425	-41.63252654	-43.64968303	-39.9543521	-40.41296114	-41.26285617	-42.51311464	-44.14824932
	5100000	-29.66934471	-31.6585176	-33.73099829	-35.9332427	-38.34390964	-25.10485484	-27.4004227	-29.63801909	-31.82768755	-34.08224626	-36.4430208	-39.00344768	-20.9176681	-23.70925319	-26.19593436	-28.51045709	-30.72566473	-32.95400616	-35.26020492	-37.72652983	-40.51263851	-17.97451195	-20.85341454	-23.46965556	-25.85419558	-28.09355233	-30.28035234	-32.43948221	-34.69373447	-37.08063039	-39.72490449	-42.80926874	-20.0367233	-22.04084582	-24.16952518	-26.26563444	-28.30849804	-30.36998509	-32.45135161	-34.60247734	-36.89660534	-39.42016979	-42.38103661	-22.83988174	-24.0130225	-25.54087408	-27.27632475	-29.07909047	-30.94495338	-32.86564552	-34.92282153	-37.14123174	-39.59427239	-42.46297592	-25.98483373	-26.39396282	-27.40296075	-28.74861795	-30.2696457	-31.90453816	-33.71000624	-35.64798199	-37.77887145	-40.19324187	-43.01858561	-29.26054336	-29.11556568	-29.64743124	-30.6077021	-31.84545757	-33.26986487	-34.91929037	-36.74635783	-38.79892991	-41.19364853	-44.0914146	-32.08402295	-32.19888041	-32.81292827	-33.77370312	-35.01715041	-36.50445485	-38.23476032	-40.26010944	-42.68074088	-35.11740915	-35.36701665	-36.09939051	-37.13167807	-38.48386766	-40.17429006	-42.1878441	-38.49593716	-38.94930882	-39.79617653	-41.04845537	-42.68307574
	5950000	-28.46171384	-30.44427652	-32.51750911	-34.72077652	-37.13242627	-23.88892832	-26.18533491	-28.42117063	-30.61018261	-32.86548467	-35.22316641	-37.79375824	-19.70054667	-22.49076725	-24.97810119	-27.29249459	-29.50676985	-31.73614879	-34.04248693	-36.50755887	-39.30493321	-16.75731585	-19.63563672	-22.24934088	-24.6335934	-26.87258658	-29.05944801	-31.22058119	-33.47770112	-35.86505208	-38.51010051	-41.6061384	-18.81959699	-20.82310382	-22.94874308	-25.04445561	-27.08645991	-29.14824015	-31.22711539	-33.38222013	-35.68242415	-38.20622007	-41.17003106	-21.62527451	-22.79448237	-24.32053856	-26.05496543	-27.85647906	-29.72282794	-31.64431408	-33.70407017	-35.92418157	-38.38065079	-41.24654362	-24.76972921	-25.17903884	-26.18363097	-27.52750303	-29.04845771	-30.68506859	-32.48768675	-34.42691868	-36.56495525	-38.97808846	-41.81204913	-28.04925693	-27.90080373	-28.42976711	-29.38896471	-30.62480847	-32.04833472	-33.69655462	-35.52669783	-37.58237151	-39.98494197	-42.8747075	-30.87308464	-30.98476354	-31.5953071	-32.55189291	-33.79863188	-35.28768032	-37.01886981	-39.04668453	-41.46512349	-33.90485863	-34.15560949	-34.88442658	-35.91917192	-37.26999749	-38.95626119	-40.977203	-37.2851492	-37.74137047	-38.58522754	-39.83761683	-41.48218301
	6800000	-27.4440898	-29.42663424	-31.49747325	-33.70334113	-36.11468827	-22.86936671	-25.16595543	-27.39960087	-29.59073581	-31.84416444	-34.20175715	-36.77776953	-18.67926725	-21.4678533	-23.95245375	-26.26591837	-28.48324027	-30.71439372	-33.02173608	-35.49227083	-38.28658214	-15.73643128	-18.61371981	-21.22413228	-23.6066051	-25.84669123	-28.03266294	-30.19818237	-32.45162262	-34.84360506	-37.4877031	-40.58445018	-17.79843545	-19.80054898	-21.92350177	-24.01862363	-26.05977361	-28.1225851	-30.20165048	-32.35558286	-34.65779479	-37.18587029	-40.15530067	-20.60599567	-21.77052617	-23.29619294	-25.0283643	-26.83008039	-28.69454163	-30.61882711	-32.67968591	-34.89521025	-37.36253138	-40.22868506	-23.75053531	-24.15824777	-25.16149573	-26.50239443	-28.02063623	-29.66000315	-31.46241658	-33.40133858	-35.54246914	-37.95708483	-40.79635352	-27.03480778	-26.88044638	-27.40655628	-28.36447449	-29.59978789	-31.02536584	-32.67341326	-34.50261236	-36.56217484	-38.96140363	-41.85727558	-29.85749134	-29.96538891	-30.57273158	-31.5300703	-32.77549263	-34.26311768	-35.99752779	-38.02535604	-40.4486176	-32.88801015	-33.13636561	-33.86177294	-34.89679732	-36.2512083	-37.9387473	-39.96229491	-36.27469577	-36.72598994	-37.5667135	-38.82697921	-40.4718184
	7650000	-26.59283408	-28.57303227	-30.64306922	-32.84831612	-35.26319149	-22.01282736	-24.30875459	-26.54033222	-28.73132413	-30.9852994	-33.34737187	-35.92598087	-17.82218788	-20.60787138	-23.09203213	-25.40401171	-27.62295521	-29.85326868	-32.16471129	-34.63654817	-37.43242875	-14.88030573	-17.75511394	-20.36214811	-22.74434596	-24.98388013	-27.16893883	-29.33597131	-31.58935308	-33.98370936	-36.62851173	-39.73356926	-16.94204444	-18.94119258	-21.06086004	-23.15433732	-25.19675046	-27.25684283	-29.33589529	-31.49416724	-33.79804373	-36.32781502	-39.30249428	-19.75036846	-20.91108574	-22.43318352	-24.1633185	-25.96489699	-27.82921827	-29.75426182	-31.81847732	-34.03884495	-36.50301125	-39.37676468	-22.89568468	-23.30085329	-24.30019222	-25.63917398	-27.15604988	-28.79502858	-30.59850207	-32.53874985	-34.68270323	-37.09791	-39.93760822	-26.18380062	-26.02336157	-26.54536904	-27.50158816	-28.73537902	-30.16296333	-31.80903547	-33.63790351	-35.70050988	-38.10507268	-41.00871497	-29.00358319	-29.10918411	-29.71364601	-30.66903248	-31.91252549	-33.39830982	-35.13804307	-37.16981906	-39.59797601	-32.03688895	-32.28433822	-33.00434443	-34.04358807	-35.39462716	-37.08508194	-39.11079733	-35.42242753	-35.86828147	-36.71367776	-37.97173307	-39.6231148
	8500000	-25.87961532	-27.85727599	-29.92807387	-32.13333326	-34.54834755	-21.29447889	-23.59046271	-25.82071512	-28.01290824	-30.26554441	-32.62871347	-35.20706891	-17.10325848	-19.88632851	-22.36811896	-24.67965172	-26.90145588	-29.1332869	-31.4431294	-33.91791823	-36.71925798	-14.16229844	-17.03441292	-19.63914168	-22.01938162	-24.2586643	-26.44371974	-28.61213158	-30.86677596	-33.26103237	-35.91627872	-39.01653967	-16.22260699	-18.22037851	-20.33662261	-22.42941113	-24.47059068	-26.53014649	-28.61229355	-30.76931394	-33.07433662	-35.61125325	-38.58900668	-19.03356297	-20.18840722	-21.71077393	-23.43814108	-25.23887531	-27.10252712	-29.03076719	-31.09260032	-33.31727371	-35.7816684	-38.6657549	-22.17722886	-22.58087324	-23.57775077	-24.9138384	-26.43176984	-28.07245834	-29.87295744	-31.8161738	-33.95574904	-36.3769426	-39.22904947	-25.46967312	-25.30294032	-25.82460042	-26.77817295	-28.01243692	-29.44063272	-31.0849184	-32.9187191	-34.98175913	-37.38166336	-40.29167758	-28.28615276	-28.39012461	-28.99144382	-29.94400176	-31.19146011	-32.6795679	-34.41496231	-36.44809927	-38.87705386	-31.32151924	-31.56697306	-32.28575747	-33.32146247	-34.67603578	-36.3617137	-38.39175839	-34.71158492	-35.15381854	-36.00257206	-37.25526999	-38.90195029
	9350000	-25.26766557	-27.24277434	-29.31169868	-31.51918762	-33.93531587	-20.67819	-22.97482561	-25.20317496	-27.39344112	-29.64809313	-32.01331299	-34.59344267	-16.48707978	-19.26712498	-21.74854043	-24.06079993	-26.28142025	-28.514466	-30.82535903	-33.30395158	-36.10682964	-13.54577509	-16.41723478	-19.01931402	-21.39829903	-23.63794853	-25.82281871	-27.9910954	-30.24744611	-32.64386374	-35.29690779	-38.40747879	-15.60625003	-17.60201148	-19.71604072	-21.80787728	-23.85011209	-25.90817344	-27.98879423	-30.14857672	-32.4542653	-34.99765459	-37.97381684	-18.41856347	-19.57062024	-21.09172013	-22.81635865	-24.61651944	-26.48026685	-28.40808183	-30.47176575	-32.69482064	-35.16844715	-38.05452329	-21.56251596	-21.9648496	-22.96065953	-24.29350457	-25.80804788	-27.4505397	-29.25230685	-31.19604921	-33.3394871	-35.76483358	-38.61760482	-24.85554312	-24.68749854	-25.20640739	-26.15780586	-27.38946384	-28.81875987	-30.46650911	-32.29522512	-34.36087455	-36.7715263	-39.6879639	-27.67426355	-27.77191469	-28.37325242	-29.32688447	-30.5710942	-32.0590686	-33.7968344	-35.83014726	-38.25790503	-30.70522257	-30.94994753	-31.6684374	-32.70473991	-34.06015167	-35.74627165	-37.78219896	-34.10018866	-34.53977432	-35.38716729	-36.64631665	-38.29636171
	10200000	-24.72129283	-26.69342216	-28.76238894	-30.96860281	-33.39138454	-20.12788549	-22.42460681	-24.65290306	-26.84503832	-29.09705913	-31.45953761	-34.04247077	-15.93602766	-18.71577589	-21.19643271	-23.50768531	-25.7299487	-27.9640588	-30.27578493	-32.75346571	-35.55735989	-12.99487244	-15.86643434	-18.46632773	-20.84460298	-23.08529259	-25.26826706	-27.43881675	-29.69440743	-32.09395013	-34.75075869	-37.86186194	-15.05513619	-17.0505941	-19.1616771	-21.25383748	-23.29772324	-25.35408287	-27.43556432	-29.59468931	-31.90322531	-34.44633425	-37.42622731	-17.86945046	-19.01724843	-20.53906406	-22.26204602	-24.06205987	-25.92556434	-27.85661738	-29.91692962	-32.14611771	-34.61685913	-37.505296	-21.0124933	-21.41548142	-22.40869139	-23.74029633	-25.25537345	-26.89801853	-28.69916753	-30.64042319	-32.78928946	-35.21190239	-38.07336533	-24.3081794	-24.13804645	-24.65550311	-25.60437931	-26.83783299	-28.26715144	-29.911406	-31.74312921	-33.81392064	-36.22172521	-39.13967786	-27.12939535	-27.22099597	-27.82064727	-28.7741992	-30.01762909	-31.50616085	-33.24709127	-35.2831514	-37.71646478	-30.16159294	-30.40508568	-31.11557819	-32.15774753	-33.51132399	-35.19966497	-37.23933832	-33.5541956	-33.99236188	-34.84403428	-36.09888951	-37.75441989
	11050000	-24.2022361	-26.17412334	-28.24324773	-30.44748141	-32.87211708	-19.60763432	-21.90726182	-24.1342469	-26.32711941	-28.57812668	-30.94375798	-33.52597883	-15.41533618	-18.19450247	-20.67481378	-22.98703077	-25.21017702	-27.44397922	-29.75712171	-32.23791311	-35.03901395	-12.47297495	-15.34554168	-17.94560763	-20.32420553	-22.56482066	-24.7473339	-26.92156984	-29.17307292	-31.57347441	-34.2286954	-37.3490503	-14.53417588	-16.53092742	-18.64062198	-20.73206227	-22.77681661	-24.83380094	-26.91375746	-29.07519983	-31.38022744	-33.92558143	-36.91210741	-17.34946869	-18.49680395	-20.01909745	-21.74065059	-23.53949164	-25.40565532	-27.33591836	-29.39846041	-31.623808	-34.09648156	-36.9929116	-20.49272246	-20.89639167	-21.88915372	-23.21949233	-24.73249085	-26.37895085	-28.17822404	-30.12226197	-32.26561147	-34.69014281	-37.5589583	-23.79219986	-23.61894288	-24.13552803	-25.08496405	-26.31538351	-27.74850147	-29.39209956	-31.2228012	-33.29530838	-35.70270181	-38.61956991	-26.60986354	-26.70170253	-27.30058073	-28.25489681	-29.49822337	-30.98732403	-32.72570359	-34.7613154	-37.19986714	-29.64425426	-29.88396221	-30.5976936	-31.63720283	-32.99607638	-34.68008986	-36.72281603	-33.03587593	-33.47299362	-34.32215425	-35.58127118	-37.23937619
	11900000	-23.69097925	-25.66054869	-27.73016593	-29.93372645	-32.35753037	-19.09314525	-21.3940804	-23.61938079	-25.81309918	-28.06426515	-30.42900905	-33.01488119	-14.89992953	-17.67986657	-20.16037633	-22.47342735	-24.69698065	-26.93203614	-29.24591657	-31.72505999	-34.52953342	-11.95617785	-14.83135561	-17.43111121	-19.81045183	-22.05134027	-24.23507992	-26.40817728	-28.66132906	-31.06076395	-33.71528643	-36.8331612	-14.01766423	-16.01668721	-18.12728934	-20.21877866	-22.26476198	-24.31936103	-26.40120281	-28.56263758	-30.87148859	-33.41960872	-36.39795516	-16.83569985	-17.98193064	-19.50494431	-21.22670777	-23.02706354	-24.89136556	-26.82549394	-28.88510912	-31.10926249	-33.582925	-36.47663674	-19.97862914	-20.38264534	-21.37719417	-22.70565097	-24.22135889	-25.86636401	-27.66479066	-29.60651889	-31.75730722	-34.17874385	-37.05242077	-23.27796693	-23.10424356	-23.62157234	-24.57255201	-25.80161891	-27.23573337	-28.87843176	-30.70941323	-32.77984977	-35.19095192	-38.10634337	-26.09600975	-26.19094522	-26.78852864	-27.74120063	-28.98633301	-30.47102669	-32.21351961	-34.24817264	-36.68429683	-29.13299545	-29.37350665	-30.08563991	-31.12350282	-32.4818848	-34.16904579	-36.20665677	-32.52392122	-32.95992312	-33.81549785	-35.07021084	-36.72834674
	12750000	-23.17128767	-25.14029171	-27.21060469	-29.41770263	-31.83534051	-18.5731134	-20.87502298	-23.10266297	-25.29651757	-27.54672778	-29.90826996	-32.49922574	-14.37947565	-17.15948405	-19.64259273	-21.95621946	-24.18069034	-26.41653335	-28.72739956	-31.20628237	-34.00840552	-11.43377129	-14.3109279	-16.91296732	-19.29303991	-21.53461755	-23.71766021	-25.89206486	-28.14491556	-30.54251657	-33.19989136	-36.31637182	-13.49687457	-15.49710982	-17.60869123	-19.70072396	-21.74775918	-23.80242676	-25.88399371	-28.04602956	-30.35196849	-32.89533281	-35.87864625	-16.31542891	-17.46326158	-18.98763467	-20.71039501	-22.5099304	-24.37506448	-26.30958521	-28.3675208	-30.5927725	-33.06449043	-35.96664926	-19.45959509	-19.86526522	-20.86026201	-22.18845575	-23.70497402	-25.35202442	-27.14702934	-29.09122133	-31.23863792	-33.65861161	-36.52817202	-22.76024991	-22.58743173	-23.10500777	-24.05304002	-25.28678663	-26.719242	-28.36191475	-30.19283305	-32.26676707	-34.67766054	-37.58737351	-25.58061762	-25.67009306	-26.27101332	-27.22589738	-28.46699243	-29.95579303	-31.69706678	-33.73316459	-36.1710708	-28.61573281	-28.85654414	-29.56888357	-30.6079763	-31.96481831	-33.65008002	-35.69242947	-32.00805748	-32.44359793	-33.29342017	-34.54929727	-36.2111375
	13600000	-22.64000537	-24.60848812	-26.67982632	-28.8852905	-31.30548608	-18.04035221	-20.34496225	-22.5719168	-24.76543777	-27.01615203	-29.37996676	-31.96680753	-13.84687459	-16.62896133	-19.11225385	-21.42627778	-23.65352768	-25.88568232	-28.20074575	-30.67641695	-33.48163923	-10.8993561	-13.77915881	-16.38187333	-18.76293634	-21.00486821	-23.18854828	-25.36450375	-27.61506103	-30.01357824	-32.66655535	-35.78413041	-12.9628333	-14.96589571	-17.07775597	-19.1713085	-21.21920823	-23.27426036	-25.35512261	-27.51801258	-29.82325116	-32.36846001	-35.35144075	-15.78426784	-16.9323068	-18.45855494	-20.18068496	-21.98067317	-23.84612944	-25.78048753	-27.83949822	-30.06407801	-32.53813241	-35.43599975	-18.92750909	-19.33478454	-20.33124056	-21.65874364	-23.17462222	-24.82238903	-26.62116816	-28.56199285	-30.70811014	-33.13415845	-36.00171059	-22.22844962	-22.05661574	-22.57634296	-23.52511821	-24.75670477	-26.19140174	-27.83430109	-29.66397779	-31.73664313	-34.14673516	-37.0605059	-25.04961728	-25.14255687	-25.74211684	-26.69519117	-27.93882637	-29.42727968	-31.16540204	-33.20098617	-35.6375484	-28.08514339	-28.32996659	-29.03859625	-30.08114329	-31.43358115	-33.11953174	-35.16139749	-31.47247961	-31.91439238	-32.76570403	-34.02500292	-35.68460817
	14450000	-22.10913945	-24.0780997	-26.14845718	-28.35624935	-30.77505157	-17.50844065	-19.81556903	-22.04272259	-24.2382233	-26.48539622	-28.85224713	-31.43480534	-13.3144517	-16.09751375	-18.58164617	-20.8970621	-23.12304596	-25.35719422	-27.67252688	-30.14795234	-32.9508568	-10.36565543	-13.24883328	-15.85259557	-18.23355128	-20.47700319	-22.66131783	-24.83631636	-27.08722264	-29.48445715	-32.13896565	-35.25594542	-12.43122468	-14.43562207	-16.54816899	-18.64199878	-20.6914094	-22.74537748	-24.82801267	-26.99096678	-29.29429738	-31.84224715	-34.81882879	-15.25307362	-16.40204272	-17.92947	-19.65243156	-21.45282345	-23.31785377	-25.25557036	-27.31187347	-29.53408388	-32.00911655	-34.90475628	-18.39739332	-18.80634259	-19.80172969	-21.13113466	-22.64613377	-24.29579957	-26.09284423	-28.03586734	-30.18030624	-32.60488706	-35.47473006	-21.69819761	-21.52740279	-22.04604863	-22.99584594	-24.22776156	-25.66407715	-27.30541358	-29.13565089	-31.20633384	-33.61328151	-36.52770469	-24.52120373	-24.61134009	-25.21322822	-26.16500337	-27.41108153	-28.89921354	-30.63471235	-32.67365033	-35.10581352	-27.55647805	-27.799616	-28.51017524	-29.55045946	-30.90689947	-32.59061839	-34.6302627	-30.94509985	-31.3823768	-32.23490836	-33.49557875	-35.15189398
	15300000	-21.58733296	-23.55623696	-25.62635731	-27.83398654	-30.25503913	-16.98657817	-19.295207	-21.52331086	-23.7179509	-25.96592803	-28.32772863	-30.91207446	-12.79319314	-15.57654222	-18.06170489	-20.37813722	-22.60402365	-24.84018622	-27.15112772	-29.62954611	-32.42689847	-9.842210443	-12.72768365	-15.33181729	-17.71428312	-19.95796659	-22.14187848	-24.31695819	-26.56802689	-28.96353237	-31.61809718	-34.73089657	-11.90832968	-13.91527883	-16.02800593	-18.12288814	-20.17353044	-22.22664002	-24.30894029	-26.47039244	-28.77443023	-31.32097318	-34.2964577	-14.7321235	-15.88118106	-17.41057937	-19.13366985	-20.93372917	-22.79971525	-24.73555859	-26.7924169	-29.01684315	-31.48828334	-34.38137718	-17.87617355	-18.2866221	-19.28318142	-20.61284112	-22.12750423	-23.77710717	-25.57375988	-27.51578931	-29.65843954	-32.08391555	-34.94778639	-21.17770437	-21.00598959	-21.52703945	-22.47771523	-23.70958742	-25.14603077	-26.78721664	-28.61707575	-30.68741452	-33.09372532	-36.01221184	-24.00118307	-24.09457242	-24.69306361	-25.6486003	-26.89081105	-28.37950834	-30.11907011	-32.15552643	-34.58792849	-27.03441695	-27.28090525	-27.99134365	-29.03096656	-30.38795558	-32.07238071	-34.1109113	-30.42483845	-30.86022981	-31.7155615	-32.97676411	-34.63234885
	16150000	-21.09716162	-23.06680438	-25.13582047	-27.34078755	-29.76497487	-16.49521887	-18.80648476	-21.03390544	-23.22945271	-25.47656679	-27.83962095	-30.42499509	-12.3014899	-15.08623423	-17.57181524	-19.88881309	-22.11641902	-24.35178609	-26.6642339	-29.14258906	-31.93492377	-9.349728219	-12.23784276	-14.84337039	-17.22559687	-19.46984151	-21.65304471	-23.83112872	-26.07757019	-28.47449747	-31.12927151	-34.24122044	-11.41681661	-13.4259255	-15.53885108	-17.63384833	-19.68537322	-21.74015469	-23.82099838	-25.98297275	-28.28757563	-30.83408022	-33.80871465	-14.24172137	-15.39177602	-16.92240445	-18.64595118	-20.44724931	-22.31121288	-24.24977073	-26.30462435	-28.52730092	-31.00038203	-33.89621402	-17.38483615	-17.79805893	-18.79652602	-20.12420504	-21.63899176	-23.29111206	-25.08491122	-27.02719408	-29.17185999	-31.59370547	-34.45954814	-20.68737289	-20.51702245	-21.03813124	-21.98770526	-23.22203279	-24.65965915	-26.29864551	-28.12795117	-30.20007329	-32.60265217	-35.51950391	-23.51262189	-23.60407102	-24.20426601	-25.16001807	-26.40296832	-27.89105008	-29.62970931	-31.66120873	-34.09456397	-26.54656	-26.79341678	-27.50186457	-28.54216469	-29.90056622	-31.58211127	-33.62198987	-29.93969035	-30.36968021	-31.22583185	-32.4861115	-34.14382956
	17000000	-20.63734166	-22.60581303	-24.67697085	-26.88161022	-29.29970158	-16.03426379	-18.34662975	-20.57539881	-22.771553	-25.01850393	-27.37898542	-29.96451175	-11.84074117	-14.62692011	-17.11287596	-19.43075344	-21.66035228	-23.89522974	-26.20814938	-28.68184623	-31.47720135	-8.888129323	-11.77891775	-14.38397866	-16.76810615	-19.01200262	-21.19641319	-23.37416508	-25.62123636	-28.01791947	-30.67072474	-33.78076795	-10.95532347	-12.96682203	-15.08090359	-17.17624267	-19.22930179	-21.28391063	-23.36323205	-25.52458647	-27.82718457	-30.37505745	-33.3455253	-13.78196287	-14.93325222	-16.46516872	-18.18777928	-19.988747	-21.85533071	-23.7942951	-25.84707749	-28.06840206	-30.54196208	-33.43652886	-16.92524946	-17.33991803	-18.33890594	-19.66625869	-21.18338006	-22.83379288	-24.63013311	-26.57143761	-28.71265298	-31.13733027	-34.00272986	-20.22746931	-20.05802569	-20.58009395	-21.53125184	-22.7637244	-24.20234407	-25.84138624	-27.67188316	-29.74300037	-32.14510346	-35.05677241	-23.05446286	-23.14544264	-23.74557222	-24.70168895	-25.94391401	-27.43215941	-29.16925573	-31.20391757	-33.63591929	-26.08746896	-26.33677376	-27.0430147	-28.08690448	-29.44061045	-31.1177197	-33.16303449	-29.47684827	-29.9102232	-30.76572715	-32.0267121	-33.68299073
	17850000	-20.18722779	-22.15702098	-24.22564718	-26.42978042	-28.85273067	-15.58416184	-17.89836871	-20.12628502	-22.32514945	-24.57009525	-26.931127	-29.51661085	-11.39125068	-14.17712355	-16.66521027	-18.98354346	-21.21195275	-23.44824532	-25.76152351	-28.2362886	-31.02933777	-8.436962078	-11.330725	-13.93719698	-16.3214822	-18.56580107	-20.75005418	-22.92937905	-25.17330555	-27.57002824	-30.2188458	-33.33398563	-10.50567388	-12.51920407	-14.63303637	-16.72914907	-18.78349398	-20.8369029	-22.91772021	-25.0790526	-27.38056471	-29.92947602	-32.90058671	-13.33376249	-14.48449375	-16.0192256	-17.741321	-19.5427192	-21.40886801	-23.34847176	-25.4014312	-27.62261352	-30.08991763	-32.98786502	-16.476265	-16.89301591	-17.89202901	-19.22018096	-20.73661063	-22.3890876	-24.18300337	-26.12375443	-28.26468104	-30.68651391	-33.55566635	-19.77818209	-19.61029647	-20.13356278	-21.08362621	-22.3181718	-23.75640832	-25.39497278	-27.2253339	-29.29693004	-31.69624871	-34.60584859	-22.60593035	-22.69741842	-23.29899111	-24.25571788	-25.49854447	-26.98714882	-28.72139362	-30.75713311	-33.18730386	-25.63814533	-25.88948914	-26.5977369	-27.63798726	-28.99389269	-30.67432989	-32.71233903	-29.02686734	-29.46028619	-30.31648324	-31.57893744	-33.23608457
	18700000	-19.76052335	-21.73062766	-23.80073869	-26.00416038	-28.42209993	-15.15708125	-17.4731482	-19.70166436	-21.89882867	-24.14596114	-26.50638419	-29.08663804	-10.96431426	-13.75146225	-16.23939951	-18.55875097	-20.78972891	-23.02468137	-25.33784046	-27.8116911	-30.5999437	-8.008133441	-10.90471914	-13.51237686	-15.89701387	-18.14156237	-20.3273532	-22.50446346	-24.75191814	-27.14638728	-29.79578981	-32.90431318	-10.07828626	-12.09357458	-14.20863147	-16.30511648	-18.36174545	-20.41337846	-22.49520198	-24.65405137	-26.95663026	-29.50089666	-32.47263085	-12.90654091	-14.05976623	-15.59546989	-17.31742802	-19.11944488	-20.98598403	-22.92489697	-24.97781921	-27.19746942	-29.66640814	-32.55728138	-16.04924479	-16.46857584	-17.46938113	-18.79649731	-20.31398975	-21.96771062	-23.7597943	-25.70163658	-27.84101484	-30.26055154	-33.12555402	-19.35237181	-19.18542391	-19.70882274	-20.66088455	-21.8940385	-23.33418315	-24.97309913	-26.80255981	-28.87179791	-31.27256981	-34.17678316	-22.18100423	-22.27328573	-22.87494279	-23.83150137	-25.07456571	-26.56213953	-28.2990279	-30.33008731	-32.75927945	-25.21433095	-25.46498041	-26.17169306	-27.21449044	-28.57020633	-30.24791352	-32.28909621	-28.59828973	-29.03451497	-29.89146716	-31.15089479	-32.80920981
	19550000	-19.35982046	-21.32833567	-23.39833033	-25.60334379	-28.02364228	-14.75511422	-17.07188388	-19.30054738	-21.49817663	-23.74428628	-26.10355204	-28.68698078	-10.56162674	-13.34901273	-15.83825442	-18.15784022	-20.38820596	-22.62389809	-24.93666326	-27.4101115	-30.1997702	-7.606001045	-10.50339995	-13.11066165	-15.49607294	-17.74177766	-19.92571782	-22.10522485	-24.34914452	-26.74425244	-29.39149543	-32.50344065	-9.676450608	-11.69277593	-13.80765497	-15.9036564	-17.9598987	-20.01305952	-22.09301063	-24.25400682	-26.55666303	-29.10202559	-32.07225294	-12.50609314	-13.65776469	-15.19414566	-16.91678942	-18.71836576	-20.58479652	-22.5256177	-24.57844088	-26.79868264	-29.2673852	-32.1617181	-15.64782245	-16.06793099	-17.06877433	-18.39545349	-19.91257738	-21.56722853	-23.35925157	-25.29938412	-27.43857574	-29.85661863	-32.7239665	-18.95048495	-18.78355533	-19.30791042	-20.2603968	-21.49338176	-22.93358783	-24.57200808	-26.39987308	-28.46931366	-30.87141455	-33.78349731	-21.78080038	-21.87173954	-22.47382433	-23.43110562	-24.67423698	-26.1624103	-27.89547726	-29.92877658	-32.35825683	-24.81484683	-25.0639036	-25.7711371	-26.81485107	-28.16898798	-29.84643133	-31.88881207	-28.20016858	-28.63581418	-29.49062262	-30.75282521	-32.4055727
	20400000	-19.04040679	-21.00753861	-23.07685481	-25.2838487	-27.70217987	-14.43326025	-16.74933206	-18.97798599	-21.17654266	-23.42223731	-25.78070697	-28.36907555	-10.23915765	-13.02485782	-15.51368061	-17.83278649	-20.06357829	-22.30063754	-24.61362718	-27.09006389	-29.87743154	-7.283912398	-10.17985997	-12.78576127	-15.17017192	-17.41573186	-19.59936974	-21.77970682	-24.0267007	-26.42040428	-29.07154477	-32.18129914	-9.354471161	-11.36877364	-13.48223507	-15.57779004	-17.63463638	-19.68632025	-21.76729274	-23.92787104	-26.2309052	-28.77866051	-31.75031279	-12.18478565	-13.33475446	-14.86880108	-16.59209873	-18.39173956	-20.25914338	-22.20063354	-24.2514145	-26.47294409	-28.94326607	-31.83892009	-15.32706717	-15.74525728	-16.74467521	-18.07039347	-19.58662919	-21.24080316	-23.03413897	-24.97544803	-27.11595268	-29.53596259	-32.40327587	-18.63245224	-18.46236349	-18.98459108	-19.93488	-21.16774846	-22.60945925	-24.24748523	-26.07511254	-28.14685996	-30.5482516	-33.45615387	-21.46253127	-21.54949395	-22.15027586	-23.10653386	-24.35050672	-25.83542502	-27.57342166	-29.60690856	-32.03480954	-24.49450312	-24.74269292	-25.44930326	-26.49350444	-27.84662338	-29.52396486	-31.56335264	-27.88221162	-28.31384225	-29.17235432	-30.43333612	-32.09104838
	21250000	-18.81809192	-20.7843088	-22.85217456	-25.0595696	-27.48051864	-14.20732511	-16.52385467	-18.75078893	-20.95009196	-23.19476682	-25.55504489	-28.14356066	-10.01370985	-12.79809887	-15.28561933	-17.60389241	-19.83523528	-22.07296519	-24.38738697	-26.86461492	-29.65303127	-7.059706657	-9.954383073	-12.55798443	-14.94036585	-17.18624758	-19.36974026	-21.55182839	-23.79645719	-26.19195049	-28.84320703	-31.95736054	-9.129118253	-11.14290179	-13.25364821	-15.34811055	-17.40572833	-19.45684083	-21.53762773	-23.6989899	-26.00194935	-28.55309754	-31.52589901	-11.96165481	-13.10725673	-14.64134313	-16.36183825	-18.16078734	-20.0271063	-21.97036229	-24.02253406	-26.24385698	-28.71717676	-31.61579474	-15.10228125	-15.52035495	-16.51776083	-17.84062636	-19.35669133	-21.01140608	-22.80444821	-24.74510737	-26.88722515	-29.30757257	-32.17817507	-18.40907573	-18.23597289	-18.75686311	-19.70676889	-20.93820367	-22.38004542	-24.0173583	-25.84781015	-27.92028444	-30.32159737	-33.23378956	-21.23930774	-21.32313375	-21.92205159	-22.87875338	-24.12029988	-25.60955192	-27.34481829	-29.37890424	-31.81185887	-24.27060915	-24.52021647	-25.22297903	-26.26824384	-27.62298669	-29.30085594	-31.34405924	-27.66124508	-28.0912261	-28.95003324	-30.21034333	-31.86869346
