BPM Serial No.	16elec																																																																																																																																																																																																																																																																																																																																																																																				
BPM Size	110																																																																																																																																																																																																																																																																																																																																																																																				
"Experi,menter"	Tajima      Hanamura      Kawachi      																																																																																																																																																																																																																																																																																																																																																																																				
Meas. Start Time	2019/08/2703:28																																																																																																																																																																																																																																																																																																																																																																																				
Meas. Finish Time	2019/08/2707:31																																																																																																																																																																																																																																																																																																																																																																																				
Linear Scale Origin X(mm)	-99.673																																																																																																																																																																																																																																																																																																																																																																																				
Linear Scale Origin Y(mm)	88.51																																																																																																																																																																																																																																																																																																																																																																																				
note																																																																																																																																																																																																																																																																																																																																																																																					
																																																																																																																																																																																																																																																																																																																																																																																					
																																																																																																																																																																																																																																																																																																																																																																																					
Data Point Number	1	2	3	4	5	6	7	8	9	10	11	12	13	14	15	16	17	18	19	20	21	22	23	24	25	26	27	28	29	30	31	32	33	34	35	36	37	38	39	40	41	42	43	44	45	46	47	48	49	50	51	52	53	54	55	56	57	58	59	60	61	62	63	64	65	66	67	68	69	70	71	72	73	74	75	76	77	78	79	80	81	82	83	84	85	86	87	88	89	90	91	92	93	94	95	96	97	98	99	100	101	102	103	104	105	106	107	108	109	110	111	112	113	114	115	116	117	118	119	120	121	122	123	124	125	126	127	128	129	130	131	132	133	134	135	136	137	138	139	140	141	142	143	144	145	146	147	148	149	150	151	152	153	154	155	156	157	158	159	160	161	162	163	164	165	166	167	168	169	170	171	172	173	174	175	176	177	178	179	180	181	182	183	184	185	186	187	188	189	190	191	192	193	194	195	196	197	198	199	200	201	202	203	204	205	206	207	208	209	210	211	212	213	214	215	216	217	218	219	220	221	222	223	224	225	226	227	228	229	230	231	232	233	234	235	236	237	238	239	240	241	242	243	244	245	246	247	248	249	250	251	252	253	254	255	256	257	258	259	260	261	262	263	264	265	266	267	268	269	270	271	272	273	274	275	276	277	278	279	280	281	282	283	284	285	286	287	288	289	290	291	292	293	294	295	296	297	298	299	300	301	302	303	304	305	306	307	308	309	310	311	312	313	314	315	316	317	318	319	320	321	322	323	324	325	326	327	328	329	330	331	332	333	334	335	336	337	338	339	340	341	342	343	344	345	346	347	348	349	350	351	352	353	354	355	356	357	358	359	360	361	362	363	364	365	366	367	368	369	370	371	372	373
R(beam)[mm]	20.001	15.004	10.004	5.004	0.003	-4.998	-9.998	-14.998	-19.998	30.002	25.005	20.005	15.004	10.004	5.004	0.003	-4.998	-9.997	-14.998	-19.998	-24.999	-30	35.003	30.006	25.005	20.005	15.004	10.004	5.004	0.003	-4.998	-9.998	-14.998	-19.999	-24.999	-30	-35	40.004	35.006	30.005	25.005	20.005	15.004	10.004	5.004	0.003	-4.998	-9.997	-14.998	-19.999	-24.999	-30	-35	-40.001	45.005	40.007	35.006	30.005	25.005	20.005	15.005	10.004	5.004	0.003	-4.998	-9.998	-14.998	-19.999	-24.999	-30	-35.001	-40.001	-45.001	45.004	40.007	35.006	30.006	25.005	20.005	15.004	10.004	5.004	0.003	-4.998	-9.997	-14.998	-19.999	-24.999	-30	-35	-40.001	-45.001	50.005	45.007	40.007	35.006	30.006	25.005	20.005	15.004	10.004	5.004	0.003	-4.998	-9.998	-14.998	-19.998	-24.999	-30	-35	-40.001	-45.001	-50.002	50.005	45.007	40.007	35.006	30.006	25.005	20.005	15.004	10.004	5.004	0.003	-4.998	-9.998	-14.998	-19.999	-24.999	-30	-35	-40.001	-45.002	-50.002	50.005	45.007	40.007	35.006	30.005	25.005	20.005	15.005	10.004	5.004	0.003	-4.998	-9.997	-14.998	-19.998	-24.999	-30	-35	-40.001	-45.002	-50.002	50.005	45.007	40.007	35.006	30.005	25.005	20.005	15.004	10.004	5.004	0.003	-4.998	-9.998	-14.998	-19.998	-24.999	-30	-35	-40.001	-45.002	-50.002	50.005	45.007	40.007	35.006	30.006	25.005	20.005	15.004	10.004	5.004	0.003	-4.998	-9.998	-14.998	-19.998	-24.999	-30	-35	-40.001	-45.002	-50.002	50.005	45.007	40.007	35.006	30.005	25.005	20.005	15.004	10.004	5.004	0.003	-4.998	-9.997	-14.998	-19.998	-24.999	-30	-35	-40.001	-45.002	-50.002	50.005	45.007	40.007	35.006	30.006	25.005	20.005	15.004	10.004	5.004	0.003	-4.998	-9.998	-14.998	-19.998	-24.999	-30	-35	-40.001	-45.002	-50.002	50.005	45.007	40.007	35.006	30.006	25.005	20.005	15.004	10.004	5.004	0.003	-4.998	-9.998	-14.998	-19.998	-24.999	-30	-35	-40.001	-45.002	-50.002	50.005	45.007	40.007	35.006	30.006	25.005	20.005	15.004	10.004	5.004	0.003	-4.998	-9.997	-14.998	-19.999	-24.999	-30	-35	-40.001	-45.002	-50.002	45.005	40.007	35.006	30.005	25.005	20.005	15.004	10.004	5.004	0.003	-4.998	-9.998	-14.998	-19.998	-24.999	-30	-35	-40.001	-45.002	45.005	40.007	35.006	30.005	25.005	20.005	15.004	10.004	5.003	0.003	-4.998	-9.997	-14.998	-19.999	-24.999	-30	-35	-40.001	-45.001	40.004	35.006	30.005	25.005	20.005	15.004	10.004	5.004	0.003	-4.998	-9.998	-14.998	-19.999	-24.999	-30	-35.001	-40.001	35.003	30.006	25.005	20.005	15.004	10.004	5.004	0.003	-4.998	-9.998	-14.998	-19.999	-24.999	-30	-35	30.003	25.005	20.005	15.004	10.004	5.004	0.003	-4.998	-9.998	-14.998	-19.999	-24.999	-30	20.002	15.004	10.004	5.004	0.003	-4.998	-9.998	-14.998	-19.999
Y(beam)[mm]	-49.998	-49.998	-49.998	-49.998	-49.998	-49.998	-49.998	-49.998	-49.998	-45	-45	-45	-45	-45	-45	-45	-45	-45	-45	-45	-45	-45	-40.001	-40.001	-40.001	-40.001	-40.001	-40.001	-40.001	-40.001	-40.001	-40.001	-40.001	-40.001	-40.001	-40.001	-40.001	-35.001	-35.001	-35.001	-35.001	-35.001	-35.001	-35.001	-35.001	-35.001	-35.001	-35.001	-35.001	-35.001	-35.001	-35.001	-35.001	-35.001	-30.001	-30.001	-30.001	-30.001	-30.001	-30.001	-30.001	-30.001	-30.001	-30.001	-30.001	-30.001	-30.001	-30.001	-30.001	-30.001	-30.001	-30.001	-30.001	-25.002	-25.002	-25.002	-25.002	-25.002	-25.002	-25.002	-25.002	-25.002	-25.002	-25.002	-25.002	-25.002	-25.002	-25.002	-25.002	-25.002	-25.002	-25.001	-20.002	-20.002	-20.002	-20.002	-20.002	-20.002	-20.002	-20.002	-20.002	-20.002	-20.002	-20.002	-20.002	-20.002	-20.002	-20.002	-20.002	-20.002	-20.002	-20.002	-20.002	-15.002	-15.002	-15.002	-15.002	-15.002	-15.002	-15.002	-15.002	-15.002	-15.002	-15.002	-15.002	-15.002	-15.002	-15.002	-15.002	-15.002	-15.002	-15.002	-15.002	-15.002	-10.003	-10.003	-10.003	-10.003	-10.003	-10.003	-10.003	-10.003	-10.003	-10.003	-10.003	-10.003	-10.003	-10.003	-10.003	-10.003	-10.003	-10.003	-10.003	-10.003	-10.003	-5.003	-5.003	-5.003	-5.003	-5.003	-5.003	-5.003	-5.003	-5.003	-5.003	-5.003	-5.003	-5.003	-5.003	-5.003	-5.003	-5.003	-5.003	-5.003	-5.003	-5.003	-0.003	-0.003	-0.003	-0.003	-0.003	-0.003	-0.003	-0.003	-0.003	-0.003	-0.003	-0.003	-0.003	-0.003	-0.003	-0.003	-0.003	-0.003	-0.003	-0.003	-0.003	4.997	4.997	4.997	4.997	4.997	4.997	4.997	4.997	4.997	4.997	4.997	4.997	4.997	4.997	4.997	4.997	4.997	4.997	4.997	4.997	4.997	9.997	9.997	9.997	9.997	9.997	9.997	9.997	9.997	9.997	9.997	9.997	9.997	9.997	9.997	9.997	9.997	9.997	9.997	9.997	9.997	9.997	14.997	14.997	14.997	14.997	14.997	14.997	14.997	14.997	14.997	14.997	14.997	14.997	14.997	14.997	14.997	14.997	14.997	14.997	14.997	14.997	14.997	19.997	19.997	19.997	19.997	19.997	19.997	19.997	19.997	19.997	19.997	19.997	19.997	19.997	19.997	19.997	19.997	19.997	19.997	19.997	19.997	19.997	24.996	24.996	24.996	24.996	24.996	24.996	24.996	24.996	24.996	24.996	24.996	24.996	24.996	24.996	24.996	24.996	24.996	24.996	24.996	29.996	29.996	29.996	29.996	29.996	29.996	29.996	29.996	29.996	29.996	29.996	29.996	29.996	29.996	29.996	29.996	29.996	29.996	29.996	34.996	34.996	34.996	34.996	34.996	34.996	34.996	34.996	34.996	34.996	34.996	34.996	34.996	34.996	34.996	34.996	34.996	39.996	39.996	39.996	39.996	39.996	39.996	39.996	39.996	39.996	39.996	39.996	39.996	39.996	39.996	39.996	44.996	44.996	44.996	44.996	44.996	44.996	44.996	44.996	44.996	44.996	44.996	44.996	44.996	49.996	49.997	49.997	49.997	49.997	49.996	49.997	49.996	49.996
S32-5.1MHz(dB)	-30.47227251	-31.30536387	-32.54992723	-33.90490367	-35.38740105	-36.92664591	-38.55941688	-40.11570792	-41.76470275	-31.79535309	-31.67879625	-31.95300614	-32.66000265	-33.53526758	-36.21727766	-35.84824095	-37.25135886	-38.62708309	-40.08518734	-41.61091682	-43.18092803	-44.81438795	-33.99447564	-33.39247099	-33.22194133	-33.39498071	-33.84589561	-34.5505097	-35.51389222	-36.48764127	-37.68923071	-40.47920189	-40.22105038	-41.67048628	-43.04532674	-44.57590351	-46.21747591	-36.34888004	-35.40998302	-34.85206452	-34.63769904	-34.73916039	-35.0782795	-35.63313591	-36.42340255	-38.81968497	-38.28638367	-39.37210768	-40.58055933	-41.79910343	-43.15957708	-44.57324972	-46.06676336	-47.68022867	-38.75092149	-37.55132994	-36.78040182	-36.18181624	-35.98670026	-35.98990198	-36.19093427	-36.65761084	-37.26135336	-38.03462051	-38.96804447	-39.99261667	-40.97581288	-42.16758435	-43.37573551	-44.67585757	-46.09425677	-47.612422	-49.25882195	-41.35932178	-38.75544608	-37.97846288	-37.4602314	-37.25853717	-37.25744191	-37.35294044	-37.7116522	-38.24876439	-38.8824562	-39.75032342	-40.58260518	-41.52759233	-42.58607113	-43.74607881	-44.95185567	-46.28323832	-47.69761655	-49.22230272	-42.13387718	-40.86485411	-39.86808587	-39.17382174	-38.70340824	-38.43545307	-38.35665002	-38.47957299	-38.77990299	-39.1772901	-39.76072393	-40.44544728	-41.22469841	-42.14076703	-43.1008357	-44.14884709	-45.27386818	-46.52263781	-47.87306357	-49.36635209	-51.00804746	-44.58064212	-43.39735988	-41.03805429	-40.34162313	-39.85368593	-39.58855545	-39.5084823	-39.56886045	-39.8004729	-40.17270671	-40.64636222	-41.26250468	-41.99825693	-42.76984811	-43.66060369	-44.64913973	-45.72317342	-46.90950972	-48.16637036	-49.58038269	-51.14032663	-44.12705745	-43.03601579	-42.1719266	-41.48115008	-41.00450297	-40.74126894	-40.58558848	-40.68559644	-40.84370364	-41.15711308	-41.54955044	-42.09350447	-42.74285224	-43.47564752	-44.31193087	-45.23051669	-46.24705478	-47.34380282	-48.57035209	-49.91558717	-51.40924379	-45.1400224	-45.45866482	-43.28922605	-42.5545937	-42.08726104	-41.78879141	-41.68313023	-41.66724941	-41.8154857	-42.10465338	-42.4826644	-42.96885335	-43.54724836	-44.26991119	-45.00839979	-45.88951048	-46.85385658	-47.92404671	-49.10335645	-50.36514739	-51.78899195	-47.47481004	-46.55303443	-44.3497603	-43.77016578	-43.23839167	-42.94196558	-42.74822099	-42.7631004	-42.85533116	-43.11951682	-43.41191506	-43.87392175	-44.39747393	-45.02548921	-45.74987549	-46.58432813	-47.50495464	-48.49865072	-49.63912499	-50.89394918	-52.29259403	-47.27904506	-46.30717917	-45.43671646	-44.8625091	-44.33796072	-44.03845556	-43.83333784	-43.79232929	-43.87305477	-44.077035	-44.36735145	-44.8079703	-45.28266342	-45.88917012	-46.60057505	-47.31080053	-48.19958541	-49.17158116	-50.2636133	-51.48053467	-52.86767676	-48.38968042	-47.34695654	-46.54627072	-45.93625239	-45.44434957	-45.11048107	-44.92629326	-44.89223235	-44.92842612	-45.08495147	-45.37114275	-45.74235937	-46.1932389	-46.74841384	-47.39779075	-48.12719437	-49.02421514	-49.92284559	-51.0007896	-52.16872263	-53.52266119	-49.56914867	-48.53134682	-47.69449129	-47.07360767	-46.57387773	-46.24017303	-47.45717276	-45.9451224	-45.97354467	-46.11831347	-46.35009146	-46.69062535	-47.14741254	-47.67817122	-48.27012482	-48.98195937	-49.8119244	-50.71638754	-51.74433597	-52.93387125	-54.28590008	-50.7762431	-49.73956738	-48.89041171	-48.24424654	-47.73174913	-47.37961779	-47.15491735	-47.05373436	-47.07993255	-47.16882148	-47.39087019	-47.69865124	-48.11333857	-48.62432627	-49.19283631	-49.88472304	-50.67742316	-51.58881357	-52.62175261	-53.78566251	-55.15741389	-51.02486375	-50.13825463	-49.47207351	-48.9392843	-48.57360086	-48.32037476	-48.20184773	-48.17707076	-48.28039212	-48.48439714	-48.75525163	-49.16354528	-49.62738859	-50.19806722	-50.86400296	-51.66309436	-52.56583032	-53.58461495	-54.78602415	-52.36207126	-51.46976205	-50.74302235	-50.2113296	-49.7983632	-49.56598743	-49.39455847	-49.35193667	-49.429022	-49.59359851	-49.867179	-50.22734183	-50.69615982	-51.26976712	-51.92880339	-52.7263057	-53.61028834	-54.64576071	-55.87598397	-52.8713865	-52.13224049	-51.56576857	-51.09696162	-50.81065667	-50.63252914	-50.58951188	-50.63816142	-50.79111052	-51.03516726	-51.39985363	-51.83473745	-52.39934672	-53.05237866	-53.84329506	-54.73906021	-55.82239485	-53.6199375	-52.96582617	-52.47904806	-52.15819818	-51.97559878	-51.88477112	-51.91967237	-52.0447639	-52.29296507	-52.64663182	-53.08693517	-53.64068244	-54.3071736	-55.10402807	-56.0474746	-54.5350437	-53.99023023	-53.66141475	-53.40244284	-53.28881777	-53.27741961	-53.42553475	-53.65751909	-53.9869629	-54.43389494	-54.98791681	-55.6481836	-56.49221557	-55.23628201	-54.98240677	-54.84136854	-54.82260589	-54.92084328	-55.14985965	-55.4574267	-55.89971253	-56.50365751
S42-5.1MHz(dB)	-56.46953205	-55.86759276	-55.44629318	-55.10723264	-54.8794091	-54.77017381	-54.8116223	-54.9093951	-55.19206973	-56.5010056	-55.66087877	-54.96901548	-54.41290024	-53.9733756	-53.81354163	-53.36980158	-53.27947719	-53.27813576	-53.35590866	-53.60510798	-53.95617785	-54.4569827	-56.02380613	-55.08111323	-54.2756987	-53.61902424	-53.05397177	-52.61397047	-52.29710815	-52.00837761	-51.89431244	-52.33146016	-51.91021979	-52.16828864	-52.45939457	-52.90695646	-53.53779079	-55.78824376	-54.72608116	-53.83505197	-53.05972964	-52.40219791	-51.85334353	-51.36816551	-51.04848963	-51.3855237	-50.62003764	-50.54771325	-50.62232822	-50.76912484	-51.04938701	-51.49797504	-52.07340486	-52.81394027	-55.85248496	-54.60942668	-53.6070867	-52.67323653	-51.92789348	-51.25003275	-50.65863021	-50.20383286	-49.82292994	-49.54761135	-49.40482737	-49.37058847	-49.34141824	-49.5049269	-49.75459848	-50.13981922	-50.69596997	-51.41915776	-52.30213412	-54.81963777	-53.56039633	-52.52516502	-51.62011751	-50.89007309	-50.23401745	-49.58005814	-49.11416031	-48.73953011	-48.42699777	-48.31322928	-48.17712568	-48.18061788	-48.28248054	-48.54331997	-48.90212831	-49.42674644	-50.12464914	-50.9408906	-55.12937451	-53.78426322	-52.57862418	-51.57074064	-50.68122685	-49.89194443	-49.19694844	-48.59480061	-48.11165289	-47.6623613	-47.34665741	-47.13228518	-47.01234026	-47.02605729	-47.12611356	-47.34356918	-47.666856	-48.16431559	-48.83466921	-49.68493647	-50.73639609	-54.44113329	-53.29365902	-51.73475475	-50.69366937	-49.77726211	-48.97572418	-48.27740771	-47.62877882	-47.10452623	-46.67672498	-46.30917865	-46.07332112	-45.9566719	-45.89176568	-45.96946271	-46.173639	-46.51175853	-47.01203743	-47.63261051	-48.4712401	-49.49570719	-53.49489785	-52.15127237	-50.97830823	-49.89790159	-48.96258315	-48.13579125	-47.34251508	-46.75778054	-46.17865728	-45.71705127	-45.30879749	-45.02977918	-44.8670824	-44.79895804	-44.86849556	-45.04920384	-45.37417715	-45.84223744	-46.48555293	-47.27689208	-48.31774323	-52.80872252	-52.05545988	-50.27758313	-49.1256357	-48.14308082	-47.28408873	-46.53045233	-45.81983653	-45.22725481	-44.74814165	-44.33997399	-44.02495922	-43.8267877	-43.77120116	-43.7747471	-43.9598488	-44.27965641	-44.76047996	-45.41949325	-46.18955071	-47.17985192	-52.76164005	-51.57204181	-49.62728806	-48.54057568	-47.46908936	-46.56532171	-45.71394877	-45.02008497	-44.36935135	-43.85546095	-43.36565669	-43.0347678	-42.78693286	-42.67941579	-42.69014864	-42.84446305	-43.16399142	-43.60276306	-44.25943024	-45.12090454	-46.15163195	-51.75434894	-50.36020806	-49.04110198	-47.91267469	-46.80448454	-45.87092918	-44.97679054	-44.19093166	-43.50614997	-42.9385249	-42.42406483	-42.07166619	-41.77301043	-41.64531441	-41.66612519	-41.7376902	-42.02652435	-42.50010406	-43.15347209	-43.99533502	-45.09089093	-51.37405116	-49.8827739	-48.53520031	-47.35446481	-46.21710199	-45.20303439	-44.26612879	-43.46746652	-42.71323282	-42.05413575	-41.51810573	-41.09944056	-40.75154597	-40.56490114	-40.51953681	-40.62077327	-40.979554	-41.38302742	-42.07653341	-42.92568072	-44.03568152	-51.10649214	-49.54990307	-48.13506371	-46.87489748	-45.6872493	-44.60639613	-45.07200554	-42.72802784	-41.92349494	-41.20553482	-40.59627002	-40.09344829	-39.740349	-39.52021237	-39.39839905	-39.49256909	-39.78865733	-40.23935412	-40.92201449	-41.84732117	-43.02831301	-50.92413955	-49.32044153	-47.82253369	-46.48098805	-45.23844847	-44.09035204	-43.04293495	-42.0690724	-41.21059124	-40.38969655	-39.7055796	-39.12747976	-38.68979946	-38.40683925	-38.26149595	-38.31755944	-38.58178781	-39.07475741	-39.78825819	-40.77626876	-42.04653629	-49.19952954	-47.62968985	-46.20811494	-44.88267224	-43.65489734	-42.52318058	-41.46510866	-40.4914084	-39.6117476	-38.82995268	-38.17117023	-37.67722683	-37.27502745	-37.09110145	-37.11232028	-37.36594401	-37.8643587	-38.64678311	-39.73361163	-49.23874251	-47.58013492	-46.05722174	-44.64797119	-43.31776098	-42.11894573	-40.93913752	-39.8604629	-38.88276092	-37.9906218	-37.22365743	-36.60280094	-36.13458828	-35.88283696	-35.85448254	-36.10122734	-36.62673152	-37.46536514	-38.64012301	-47.64174498	-46.01958269	-44.54823639	-43.10001584	-41.76993638	-40.50660296	-39.31325799	-38.19989951	-37.20811752	-36.29152889	-35.54488446	-34.9621774	-34.61073106	-34.51924485	-34.74697941	-35.30086755	-36.23642522	-46.18816826	-44.56450873	-43.01885133	-41.56721669	-40.17793424	-38.86166378	-37.61152257	-36.44939637	-35.39297096	-34.48179638	-33.75678561	-33.27334541	-33.09812871	-33.28954833	-33.89412913	-44.77889969	-43.11024834	-41.59784688	-40.01464873	-38.54876702	-37.1508153	-35.80585308	-34.56113244	-33.44178135	-32.52020047	-31.86241049	-31.55794989	-31.69819177	-41.71051515	-40.0553179	-38.42521924	-36.83957076	-35.29811576	-33.82567361	-32.46221992	-31.2781625	-30.36871066
S12-5.1MHz(dB)	-50.94780197	-51.04926271	-51.37921673	-51.73569847	-52.23986802	-52.77987457	-53.50854799	-54.22896641	-55.09220408	-49.20440119	-49.19772096	-49.28321182	-49.5702748	-49.86278963	-51.66545984	-50.79531695	-51.44284611	-52.10578618	-52.8818813	-53.73351333	-54.70162618	-55.78923263	-47.64077085	-47.56848222	-47.65035145	-47.84433381	-48.11396218	-48.51525278	-49.02616141	-49.52976791	-50.2008516	-52.30454363	-51.67251116	-52.59779478	-53.48955236	-54.52650272	-55.73372783	-46.18084501	-46.02113898	-46.04764829	-46.21119623	-46.52695324	-46.87389312	-47.31546796	-47.89309969	-49.8951866	-49.13131867	-49.83084124	-50.67007623	-51.50867269	-52.48048081	-53.52644838	-54.65926962	-55.95499279	-44.77641303	-44.52091961	-44.5654863	-44.63421304	-44.91319904	-45.25418285	-45.63939668	-46.16975087	-46.74247398	-47.38944552	-48.13544353	-48.95249637	-49.69977423	-50.62015063	-51.55451791	-52.60552765	-53.77604314	-55.05581147	-56.4652359	-44.74447609	-43.01074838	-43.0984545	-43.31681523	-43.70657071	-44.15715452	-44.59004822	-45.16283771	-45.81195283	-46.48621712	-47.32141304	-48.07818848	-48.90592596	-49.82005001	-50.80751529	-51.84379042	-53.00353456	-54.23123767	-55.57304592	-41.68768099	-41.50020453	-41.52122954	-41.75347855	-42.10243019	-42.53621856	-43.02803309	-43.6128152	-44.27036644	-44.92248893	-45.66814065	-46.45696772	-47.27462345	-48.19996519	-49.12261033	-50.11362764	-51.16465992	-52.30415283	-53.54130668	-54.92077063	-56.41672593	-41.7581986	-41.66657038	-40.18829194	-40.49947984	-40.92672605	-41.46358291	-42.07342731	-42.71140083	-43.41567209	-44.17427604	-44.94145569	-45.77548096	-46.67262934	-47.56098425	-48.50489362	-49.51572527	-50.58969559	-51.75075613	-52.97975621	-54.35941142	-55.84350095	-38.40731813	-38.55965793	-38.9042981	-39.31870546	-39.85760968	-40.51358497	-41.14937038	-41.94965635	-42.69627042	-43.49632861	-44.29528315	-45.17450507	-46.08474105	-47.02758851	-48.00687128	-49.03119289	-50.13150517	-51.28423203	-52.53456014	-53.89158122	-55.38104292	-36.82062269	-38.84571265	-37.67177225	-38.1490296	-38.82493326	-39.55607953	-40.36646483	-41.14864827	-41.98777115	-42.88251002	-43.76612646	-44.67606583	-45.61479001	-46.63057663	-47.5923658	-48.67318829	-49.79003797	-50.97439441	-52.24973127	-53.57642467	-55.01928394	-37.01365866	-37.60539444	-36.45853308	-37.26441317	-37.9777677	-38.82484365	-39.65756913	-40.57563982	-41.46728303	-42.42092999	-43.2997743	-44.27894896	-45.24350602	-46.249941	-47.28422393	-48.3603088	-49.51026405	-50.68918225	-51.98120531	-53.3670021	-54.87976137	-33.81012355	-34.60160188	-35.37787723	-36.34057319	-37.19211028	-38.15783133	-39.07929678	-40.03634037	-41.00381054	-41.99777324	-42.95762561	-44.00013778	-44.98669501	-46.02656773	-47.13211675	-48.17541755	-49.31614619	-50.54013664	-51.83782704	-53.19587349	-54.70884034	-32.43667687	-33.39427462	-34.4396672	-35.51797129	-36.55093583	-37.58704854	-38.6271519	-39.69353125	-40.69864522	-41.70969699	-42.74889587	-43.80179318	-44.81692531	-45.88426555	-46.95940492	-48.0784683	-49.33832888	-50.48921725	-51.80732999	-53.19670406	-54.71928828	-31.25189644	-32.48680371	-33.69761819	-34.92646356	-36.07830803	-37.2177786	-40.21102874	-39.4211186	-40.49903743	-41.55860478	-42.61638095	-43.67298964	-44.77060989	-45.87056575	-46.94111764	-48.09089331	-49.31536864	-50.53584313	-51.85431131	-53.29296687	-54.85477134	-30.31145976	-31.83535174	-33.20985704	-34.54410989	-35.81519835	-37.02766672	-38.20004376	-39.33207796	-40.48050279	-41.54172157	-42.6373224	-43.71756347	-44.81198434	-45.9331091	-47.03882295	-48.21478784	-49.41383442	-50.7058999	-52.04821278	-53.51409782	-55.15193216	-31.52809207	-33.03571466	-34.4659799	-35.78980001	-37.05151478	-38.25954472	-39.42932667	-40.5644091	-41.67640468	-42.78260681	-43.87952304	-45.02077355	-46.12283987	-47.27042646	-48.45015831	-49.69543673	-50.9821898	-52.38202494	-53.91685981	-31.66798965	-33.26384884	-34.69433164	-36.04190346	-37.30972947	-38.5526084	-39.69922397	-40.84455778	-41.9729986	-43.07662538	-44.19850549	-45.32632555	-46.45284255	-47.6185337	-48.82194108	-50.0831087	-51.42200246	-52.85482685	-54.39841252	-33.82908331	-35.24035349	-36.60746314	-37.81066484	-39.01634186	-40.17458067	-41.31364917	-42.43220875	-43.56334754	-44.6606012	-45.79632686	-46.92786465	-48.11614502	-49.34495003	-50.61711562	-52.01312252	-53.4964635	-36.20944016	-37.42479461	-38.58992453	-39.73736911	-40.86466315	-41.96992565	-43.07548365	-44.17310863	-45.28184254	-46.41445475	-47.57345284	-48.77102166	-50.02109984	-51.33763168	-52.76136014	-38.5811438	-39.65156366	-40.79512214	-41.78713238	-42.85047101	-43.92649148	-44.99724572	-46.09905746	-47.22145253	-48.39162157	-49.59681151	-50.86154582	-52.23827912	-41.99036923	-42.97221366	-43.96886967	-44.98841527	-46.04154295	-47.12285811	-48.23917302	-49.42234868	-50.65561725
S52-5.1MHz(dB)	-50.84598868	-49.54801244	-48.44438422	-47.31684662	-46.24178111	-45.19412434	-44.21941003	-43.15465571	-42.15119032	-52.3971495	-51.08096844	-49.77760755	-48.61607101	-47.42052537	-47.65958225	-45.14969598	-44.13990387	-43.04479727	-41.97196683	-40.91176196	-39.84198741	-38.73101138	-52.91747441	-51.51323244	-50.2047147	-48.97329659	-47.74650691	-46.57930175	-45.50215051	-44.3120168	-43.25247103	-43.71800839	-41.00303	-39.96298101	-38.7231103	-37.53871597	-36.33452297	-53.64187584	-52.16720156	-50.80647097	-49.53165749	-48.32422678	-47.12922159	-45.97654518	-44.88168346	-45.20993517	-42.61030223	-41.47020657	-40.35928824	-39.15201485	-37.97795693	-36.73326349	-35.39131726	-33.98580375	-54.57730525	-52.99802062	-51.64432513	-50.24601475	-49.03492172	-47.81177995	-46.59229296	-45.46944766	-44.32338633	-43.2168543	-42.15218996	-41.0759998	-39.83446964	-38.69482045	-37.45316565	-36.16885485	-34.83383982	-33.40865505	-31.79657324	-55.09212267	-52.54378438	-51.15381591	-49.84748064	-48.66259752	-47.50747007	-46.27455763	-45.14243196	-44.04702905	-42.91667158	-41.92287442	-40.74820101	-39.57772756	-38.41700306	-37.24052183	-35.95727634	-34.64027199	-33.23098435	-31.64252738	-55.26129432	-53.63702325	-52.18680894	-50.85246376	-49.59838801	-48.39002058	-47.20315208	-46.07858716	-44.98143632	-43.84788965	-42.76646663	-41.67970625	-40.57462003	-39.50438371	-38.35438171	-37.17050701	-35.94130204	-34.67922496	-33.35918097	-31.98397006	-30.50261999	-55.89624463	-54.444674	-52.02233007	-50.68525983	-49.43100363	-48.2483676	-47.1206328	-45.99799743	-44.90227487	-43.82832205	-42.74431916	-41.69502681	-40.65442048	-39.54053116	-38.44700587	-37.33456117	-36.19131629	-35.0513227	-33.8181907	-32.61073262	-31.35298771	-54.8619574	-53.35693273	-51.96655437	-50.64495368	-49.40174695	-48.26076908	-47.08607539	-46.06825238	-44.97272673	-43.93413225	-42.85060279	-41.82037757	-40.8034298	-39.76992404	-38.73642027	-37.69382733	-36.64392359	-35.59039693	-34.53752879	-33.49705199	-32.53540551	-54.83670721	-54.36544919	-52.01771321	-50.63536922	-49.43334975	-48.28424885	-47.21023445	-46.11977347	-45.07896135	-44.09568622	-43.08929317	-42.09679677	-41.1196184	-40.19078135	-39.17807732	-38.23860242	-37.30544627	-36.39538192	-35.54337136	-34.64756108	-33.874339	-55.77261168	-54.53408378	-52.11165004	-50.91053614	-49.65231413	-48.5196076	-47.40646093	-46.40324289	-45.38018131	-44.4321127	-43.4125499	-42.48953169	-41.54914733	-40.64284574	-39.75055775	-38.88187317	-38.06920776	-37.23911282	-36.53364279	-35.9188728	-35.4038215	-55.1671369	-53.73239811	-52.33782729	-51.13785585	-49.8920259	-48.80068971	-47.71258764	-46.69473369	-45.71766059	-44.79161663	-43.85598636	-43.00633911	-42.11080115	-41.27895295	-40.50831113	-39.65734094	-38.91990307	-38.25620108	-37.67942041	-37.19296772	-36.92421754	-55.51251693	-53.9968422	-52.65494924	-51.43533665	-50.25210658	-49.1440101	-48.10753153	-47.15213057	-46.19883609	-45.27763395	-44.41666092	-43.59173487	-42.7490459	-41.98132969	-41.24079582	-40.53859221	-39.99357005	-39.37071828	-38.94815208	-38.59886133	-38.46804359	-55.93827699	-54.46844496	-53.08942135	-51.85807389	-50.69397301	-49.62334901	-50.07896976	-47.65667572	-46.7418247	-45.85677635	-45.02990831	-44.23245784	-43.50395133	-42.80893806	-42.11113405	-41.51642615	-41.01238695	-40.54546879	-40.21487744	-40.04532389	-40.08781744	-56.53130496	-55.03516611	-53.64434473	-52.39825652	-51.25275477	-50.20160086	-49.20963447	-48.26679402	-47.41500485	-46.54488297	-45.75978285	-45.01358855	-44.3191389	-43.68321976	-43.08141163	-42.56522876	-42.1300034	-41.79699495	-41.59498611	-41.55766952	-41.74730471	-55.71540596	-54.32057605	-53.07319898	-51.92441342	-50.86741581	-49.88995509	-48.9784601	-48.12144558	-47.32697089	-46.57538817	-45.87709338	-45.26599012	-44.64899972	-44.14082031	-43.7011827	-43.36602609	-43.12516621	-43.05131491	-43.17267921	-56.55088746	-55.12786727	-53.85795495	-52.70975946	-51.66831682	-50.71581884	-49.79659747	-48.96756162	-48.19783948	-47.47836647	-46.83196712	-46.24491225	-45.72035889	-45.28444897	-44.92238849	-44.686236	-44.55085956	-44.58240281	-44.81063184	-56.04174723	-54.76748046	-53.64387199	-52.54584153	-51.5954938	-50.72056599	-49.90278198	-49.17057248	-48.50782333	-47.88223839	-47.35899975	-46.89118729	-46.52271216	-46.23385889	-46.08314862	-46.05112913	-46.21088248	-55.86988196	-54.67425524	-53.59339887	-52.63625209	-51.75470649	-50.95467691	-50.24152135	-49.6206634	-49.03831322	-48.55937766	-48.15828633	-47.85515451	-47.66037977	-47.59107291	-47.67364191	-55.8542878	-54.77660589	-53.85349242	-52.92827147	-52.13948525	-51.46958262	-50.85363003	-50.32616719	-49.89579553	-49.56091317	-49.33056762	-49.20994329	-49.24299995	-55.1619442	-54.28641881	-53.5050884	-52.83082356	-52.24958708	-51.7866072	-51.38588863	-51.11894909	-50.95742415
S22-5.1MHz(dB)	-36.41681511	-36.41534102	-36.43307047	-36.43584034	-36.43599448	-36.46838037	-36.43957165	-36.42040855	-36.40581873	-36.41167283	-36.44334706	-36.44861524	-36.50224333	-36.46914202	-38.11704527	-36.46684489	-36.50522831	-36.4934805	-36.46170326	-36.44671269	-36.43129108	-36.41028281	-36.45467353	-36.44425124	-36.4619318	-36.47686577	-36.48144627	-36.51223977	-36.50133265	-36.47232705	-36.48642151	-38.07329642	-36.46981546	-36.47368136	-36.44800435	-36.43632747	-36.40001767	-36.43962918	-36.46276884	-36.48609764	-36.50787371	-36.52702703	-36.54295225	-36.582997	-36.56878923	-38.2436094	-36.57309238	-36.57357667	-36.57511761	-36.5627162	-36.56046357	-36.55012093	-36.51423235	-36.49267465	-36.51292433	-36.54060424	-36.57065905	-36.5791628	-36.62898967	-36.61214496	-36.63841993	-36.61961236	-36.61315506	-36.60109618	-36.64899091	-36.6270433	-36.59698411	-36.60340254	-36.59043599	-36.57247868	-36.54158573	-36.52525373	-36.4944307	-38.18196972	-36.5538506	-36.57916592	-36.61751853	-36.60731107	-36.62056368	-36.64661707	-36.64912227	-36.62211996	-36.6050225	-36.6300041	-36.64047695	-36.60406488	-36.59860555	-36.61956012	-36.56337072	-36.54638486	-36.52985192	-36.49138378	-36.49159892	-36.5218571	-36.54523706	-36.56761209	-36.58562711	-36.62491516	-36.60928052	-36.61087053	-36.61715742	-36.63570867	-36.59839224	-36.60891801	-36.63531874	-36.60273165	-36.6223496	-36.58100957	-36.56543779	-36.56824219	-36.52082062	-36.496849	-36.46276502	-38.12508064	-38.249416	-36.54659874	-36.59131178	-36.57509841	-36.61681554	-36.59642157	-36.60075331	-36.62843957	-36.60640236	-36.59289089	-36.60090128	-36.59416188	-36.58780309	-36.60582499	-36.5611619	-36.55145684	-36.55395526	-36.52818965	-36.48355043	-36.44194548	-36.46826369	-36.50192075	-36.52747217	-36.53881357	-36.54879771	-36.55908963	-36.59411308	-36.58082751	-36.57673943	-36.57896262	-36.56322513	-36.57283443	-36.56801883	-36.56727265	-36.56360401	-36.55475484	-36.54748348	-36.52427325	-36.51650486	-36.50040286	-36.50944004	-36.522601	-38.24911658	-36.5954796	-36.6322485	-36.6530988	-36.63833457	-36.6842887	-36.66284731	-36.67203318	-36.67685028	-36.66822546	-36.67380095	-36.67428234	-36.67501038	-36.66173476	-36.65425331	-36.67152497	-36.64954476	-36.60374179	-36.57273898	-36.54391295	-38.27666115	-38.18697891	-36.64544943	-36.64865112	-36.64707179	-36.65473529	-36.6638889	-36.66771444	-36.66264007	-36.67310632	-36.66224645	-36.66617664	-36.65571221	-36.64760382	-36.64109499	-36.63076111	-36.60966022	-36.61769301	-36.57616651	-36.54353712	-36.52477668	-36.53155031	-36.56615503	-36.58080562	-36.60956551	-36.6103965	-36.6481945	-36.62577267	-36.62384244	-36.63276027	-36.63560731	-36.66374592	-36.63558484	-36.62983338	-36.65502228	-36.61711767	-36.60810377	-36.59274598	-36.56469854	-36.53738454	-36.54536609	-36.49264528	-36.52797588	-36.52909994	-36.55239786	-36.57400307	-36.57926004	-36.58878651	-36.62306959	-36.60908535	-36.61232739	-36.63625394	-36.61258361	-36.61201534	-36.60630505	-36.59682019	-36.61715069	-36.57987799	-36.57039271	-36.52907908	-36.51534242	-36.48730847	-36.48998014	-36.47114725	-36.51942667	-36.51207351	-36.53296573	-36.54249929	-36.54683503	-38.12159026	-36.56661314	-36.56555138	-36.57284589	-36.60747364	-36.60955489	-36.58319757	-36.58506761	-36.57378391	-36.56453933	-36.58746986	-36.53903868	-36.55430742	-36.5497483	-36.49597981	-36.50761565	-36.54492701	-36.57640741	-36.59874057	-36.62058945	-36.63237884	-36.64407093	-36.68189378	-36.69341179	-36.66550228	-36.66359084	-36.66750789	-36.66851589	-36.69102704	-36.65129975	-36.63697456	-36.65923156	-36.60818447	-36.59458037	-36.55892598	-36.52273223	-36.58112315	-36.57650849	-36.59182855	-36.60549357	-36.6507688	-36.6304839	-36.63558175	-36.64610461	-36.64498505	-36.67443912	-36.67712593	-36.67071781	-36.66405403	-36.62720176	-36.61071373	-36.59533744	-36.60655294	-36.59066555	-36.53499561	-36.52095285	-36.57734775	-36.59712335	-36.58458484	-36.59465925	-36.60922537	-36.63742756	-36.6106059	-36.61585394	-36.61287058	-36.61697949	-36.60717522	-36.60222963	-36.59542164	-36.60871687	-36.56635505	-36.54281493	-36.5174931	-36.48326021	-36.53347206	-36.52292619	-36.57619136	-36.58207795	-36.56393514	-36.5768125	-36.57957229	-36.60789552	-36.58230563	-36.57764273	-36.56913844	-36.6000224	-36.55813688	-36.543919	-36.55814296	-36.50235235	-36.51031766	-36.49018779	-36.50257674	-36.51693487	-36.5263496	-36.53743596	-36.56651923	-36.54078589	-36.54257276	-36.53456183	-36.53197145	-36.5256164	-36.52054495	-36.49749206	-36.50676364	-36.46147541	-36.45822599	-36.47664871	-36.52553013	-36.49651896	-36.5290788	-36.50660937	-36.50622505	-36.53296161	-36.53036576	-36.48787978	-36.47873128	-36.46225077	-36.43442324	-36.4443304	-36.4538036	-36.46109564	-36.45990159	-36.46422709	-36.45677753	-36.45368017	-36.47475853	-36.43222168
S12-S52	-3.34309E-05	-0.000528746	-0.001084533	-0.001717334	-0.002430818	-0.003202946	-0.004040776	-0.005011168	-0.006046712	0.001065992	0.000676046	0.00019002	-0.000385822	-0.001043098	-0.001529676	-0.002641741	-0.003530468	-0.00456156	-0.005699587	-0.006946085	-0.008343156	-0.009949271	0.001889079	0.001527173	0.00105598	0.000494004	-0.00016979	-0.000936731	-0.001770067	-0.002748748	-0.00378665	-0.004092437	-0.006300999	-0.007697887	-0.009467592	-0.011397997	-0.013615909	0.002829354	0.002535694	0.00210257	0.001554011	0.000881647	0.000131287	-0.000717911	-0.001670167	-0.002288458	-0.003909421	-0.005218395	-0.006667297	-0.008367455	-0.010244535	-0.01245882	-0.015149997	-0.018392134	0.003903088	0.003703061	0.003295001	0.002791321	0.002145994	0.001392953	0.000542821	-0.000412676	-0.001477725	-0.002633916	-0.003885842	-0.005267275	-0.006918909	-0.008677044	-0.010763235	-0.013201065	-0.016078875	-0.019591438	-0.024211864	0.004031783	0.004711253	0.004230753	0.003607593	0.002837694	0.0019831	0.00103926	-1.2981E-05	-0.001153942	-0.002408675	-0.003709562	-0.005229264	-0.006911399	-0.008770657	-0.010858057	-0.013369611	-0.016296926	-0.019856868	-0.024509468	0.006508516	0.006333344	0.005934972	0.005305293	0.004538234	0.003661473	0.002693072	0.001630463	0.000480755	-0.000747222	-0.002065317	-0.003486648	-0.005032036	-0.006696726	-0.008587553	-0.010729615	-0.013190942	-0.01602635	-0.019376868	-0.02337069	-0.028334173	0.006563579	0.006358448	0.007280117	0.006518792	0.005611645	0.004580455	0.003471188	0.002305605	0.001061602	-0.000251286	-0.001629505	-0.003084024	-0.00463585	-0.006355763	-0.008201499	-0.010248047	-0.012548946	-0.01509302	-0.01813072	-0.021498954	-0.025447714	0.010205752	0.009655082	0.008822916	0.007879977	0.006777524	0.005562527	0.004337763	0.003016811	0.001690294	0.000328662	-0.001103598	-0.002597695	-0.004153294	-0.005815753	-0.007587965	-0.009505517	-0.011601715	-0.013886579	-0.016393323	-0.019121741	-0.021915317	0.012608093	0.009508214	0.010567318	0.009435878	0.008073169	0.00667147	0.00522685	0.003818045	0.00238195	0.000935422	-0.000525281	-0.002018158	-0.003551465	-0.005121835	-0.006820132	-0.008563955	-0.010397628	-0.012316958	-0.014263727	-0.016424214	-0.018469045	0.012476249	0.011298111	0.012554154	0.010854292	0.009330091	0.007698844	0.006139489	0.004574239	0.003063118	0.001564159	8.82258E-05	-0.001397826	-0.002898525	-0.004416912	-0.005968309	-0.007554513	-0.009143645	-0.010820761	-0.012387188	-0.013851557	-0.015171899	0.018649208	0.016559747	0.01460968	0.012465517	0.010614554	0.008732068	0.00700321	0.005331634	0.003731138	0.002185363	0.00069902	-0.00076482	-0.002210564	-0.00363426	-0.005032173	-0.006500908	-0.007902818	-0.009251722	-0.010503354	-0.011626222	-0.012410256	0.022210864	0.01939773	0.016638341	0.014072734	0.011803059	0.009712447	0.007780216	0.005969852	0.004328709	0.002766742	0.001273059	-0.000158015	-0.001543785	-0.002881275	-0.004181063	-0.005453488	-0.00659482	-0.007762286	-0.008719133	-0.009561924	-0.01009214	0.025782022	0.021859288	0.018443674	0.015380718	0.012787235	0.010473195	0.006626314	0.006547591	0.004840056	0.003262173	0.001795052	0.000408696	-0.000906496	-0.002149792	-0.003345077	-0.004458425	-0.00547819	-0.00641823	-0.007201274	-0.007783484	-0.008091143	0.02901808	0.02382846	0.019774146	0.016341761	0.013452196	0.010990728	0.008839101	0.006938664	0.005203391	0.003666507	0.002228902	0.000903489	-0.000335488	-0.001493317	-0.002566498	-0.003559004	-0.00444223	-0.005215672	-0.005824458	-0.006248211	-0.006430323	0.024883653	0.020372384	0.016690479	0.013703317	0.011180114	0.00901604	0.007122132	0.005445066	0.003942981	0.002568257	0.001314404	0.000156164	-0.000913821	-0.001878196	-0.002750414	-0.003512199	-0.004154004	-0.004633954	-0.004925653	0.024610101	0.019965094	0.016391577	0.013457864	0.011020893	0.008901136	0.007115142	0.005512033	0.004076594	0.002789798	0.001612921	0.000543535	-0.000418584	-0.00128243	-0.002052265	-0.002698099	-0.003237119	-0.003623925	-0.003841551	0.018771835	0.015470933	0.012699611	0.010507796	0.008567462	0.006890486	0.005398548	0.004078563	0.002879883	0.001812082	0.000844804	-1.90593E-05	-0.000790964	-0.001468748	-0.002018724	-0.002474362	-0.002777306	0.013862528	0.01160494	0.009671727	0.007972517	0.00646863	0.005137705	0.003942643	0.002881626	0.001911354	0.001045573	0.000272274	-0.000405103	-0.000985211	-0.00146205	-0.001832418	0.010162804	0.008584698	0.007096029	0.005883071	0.004730516	0.003693139	0.002758917	0.001909308	0.001153947	0.000479317	-0.000103109	-0.000599733	-0.001006331	0.006206663	0.0051716	0.004219976	0.003348166	0.002547224	0.001829737	0.001177034	0.000599685	0.000100141
S12+S52	0.005704173	0.006133633	0.006480499	0.006896324	0.007317753	0.007795309	0.008263597	0.008897874	0.009565717	0.005865232	0.006260511	0.006678599	0.007031147	0.007468355	0.006750716	0.008412914	0.00888705	0.009524519	0.010238333	0.011060938	0.012024011	0.013196914	0.006409265	0.006840523	0.007233217	0.007612121	0.008028149	0.008440291	0.008844993	0.009425136	0.009966635	0.008943119	0.011517802	0.012387535	0.013699658	0.015153817	0.016884372	0.006987849	0.007463685	0.007866338	0.008228947	0.008552059	0.008933035	0.009332937	0.009730909	0.008689795	0.01089921	0.011667329	0.012522288	0.013683594	0.014997952	0.016672947	0.018848845	0.021578387	0.007637006	0.008181524	0.008528761	0.008939256	0.009213789	0.009529516	0.009905828	0.010242426	0.010680235	0.01117588	0.011724791	0.012402459	0.013465893	0.014565785	0.016051389	0.01788654	0.020173629	0.023125217	0.027216337	0.00755082	0.009430153	0.009768578	0.010044185	0.010215039	0.01040978	0.010751114	0.011050923	0.011397064	0.011886728	0.012318694	0.013120055	0.014084942	0.015227608	0.016621132	0.01848455	0.020772546	0.023742558	0.027838958	0.009959677	0.010494163	0.010851851	0.011038621	0.011162085	0.011274003	0.011420221	0.011563925	0.011751645	0.012094862	0.012479446	0.012996672	0.013687669	0.01447766	0.015584354	0.016971972	0.018721857	0.020877251	0.023583792	0.026959839	0.031355472	0.009771456	0.010149819	0.012290991	0.012363556	0.012364381	0.01231815	0.012281643	0.012331661	0.012435682	0.012619762	0.012952393	0.013370247	0.013912657	0.014730685	0.015714014	0.016935238	0.018458371	0.02026304	0.022618609	0.025327725	0.02867513	0.013819286	0.01395226	0.01386607	0.013751926	0.013553044	0.013289183	0.013183341	0.0129621	0.012972491	0.013043868	0.013300958	0.013620821	0.014079721	0.014721095	0.015543812	0.016576347	0.017831237	0.019341876	0.021117237	0.023162388	0.025319226	0.016232147	0.013334325	0.015580857	0.015314311	0.014824082	0.014377266	0.013946886	0.013704516	0.013526997	0.013416316	0.013488823	0.013692347	0.014029757	0.014443664	0.015164851	0.01593231	0.016876928	0.017970366	0.019145116	0.020614163	0.022017717	0.015730113	0.015050655	0.017513763	0.016549416	0.015912946	0.015198643	0.014664736	0.014143268	0.013828289	0.013570878	0.013590363	0.013618145	0.013834429	0.014156329	0.01461438	0.015193127	0.015835042	0.016662886	0.017421843	0.018143756	0.018778034	0.022137985	0.020675128	0.019441811	0.018013527	0.01701822	0.015993053	0.015233225	0.014584864	0.014086063	0.013705275	0.013529139	0.013383766	0.013474632	0.013627392	0.013830987	0.014303863	0.014745442	0.015194961	0.015621807	0.016003824	0.016088055	0.025563637	0.023389706	0.021297231	0.019433948	0.017946683	0.01669203	0.015644396	0.014748416	0.014125598	0.013659762	0.013301157	0.013068434	0.013030179	0.013039474	0.013156586	0.013344025	0.013419991	0.013740468	0.013855588	0.013939108	0.013765518	0.028974414	0.025640297	0.022875258	0.020487253	0.018626139	0.017078039	0.012893629	0.014830754	0.014043254	0.013452572	0.013003218	0.012694599	0.012454303	0.012324026	0.012339517	0.012337684	0.012321427	0.012364407	0.012310022	0.012112425	0.011707668	0.031999785	0.027370649	0.02393146	0.02114039	0.018927299	0.01717018	0.01576615	0.014659961	0.013720256	0.013080759	0.012533733	0.012132735	0.011828418	0.011594554	0.011460328	0.011326671	0.011208328	0.011046564	0.010820423	0.010468334	0.009925212	0.028159018	0.024218313	0.021130347	0.018770998	0.016903581	0.015421234	0.014236019	0.013296658	0.012546605	0.011949504	0.011480995	0.011063796	0.010796803	0.010538012	0.010310419	0.010062453	0.00980234	0.009441559	0.008954557	0.027585092	0.023469679	0.020447897	0.018087448	0.016240216	0.014725374	0.013589551	0.012634852	0.011859433	0.01124476	0.010721101	0.010288592	0.009933125	0.009602047	0.009295506	0.008962428	0.00860657	0.008176831	0.007653169	0.021926423	0.019123986	0.01685715	0.015225579	0.013830727	0.01271154	0.011794289	0.011036834	0.010389864	0.00988291	0.009416762	0.009027233	0.008647349	0.008288718	0.007909523	0.007490551	0.007006005	0.017080156	0.015297413	0.013853497	0.012641448	0.011636299	0.010803961	0.010093759	0.009488512	0.008976389	0.008511111	0.008090634	0.00769093	0.007294421	0.006883911	0.006434581	0.013386214	0.012233916	0.011154434	0.010397641	0.009674258	0.009033257	0.008491476	0.008000771	0.007554834	0.007131809	0.006728163	0.00632707	0.00589416	0.009697526	0.009032683	0.008444479	0.007913671	0.007428694	0.006978461	0.006568856	0.006159784	0.005764604
(S12-S52)/(S12+S52)	-0.005860777	-0.086204421	-0.167353384	-0.249021697	-0.332180878	-0.410881149	-0.488985196	-0.563187122	-0.632123304	0.181747571	0.10798574	0.028452025	-0.05487321	-0.139669056	-0.226594634	-0.314010169	-0.397259902	-0.478928134	-0.556690887	-0.627983341	-0.693874629	-0.753908869	0.294741961	0.223253882	0.145990327	0.064896984	-0.021149272	-0.110983232	-0.200120784	-0.291640104	-0.379932652	-0.457607357	-0.547066112	-0.621422	-0.691082391	-0.752153489	-0.806420803	0.404896226	0.339737548	0.267287055	0.188846862	0.103091818	0.01469683	-0.076922332	-0.171635241	-0.263350086	-0.35868845	-0.447265589	-0.532434448	-0.611495391	-0.683062241	-0.747247641	-0.803762609	-0.852340507	0.51107571	0.452612637	0.386340003	0.312254263	0.232911176	0.14617251	0.05479817	-0.04029087	-0.138360686	-0.23567866	-0.331421007	-0.424696016	-0.5138099	-0.595714116	-0.670548509	-0.738044641	-0.797024411	-0.847189359	-0.889607764	0.533952994	0.499594531	0.433098159	0.359172332	0.277795687	0.190503585	0.09666537	-0.001174649	-0.101249055	-0.20263567	-0.301132762	-0.398570245	-0.490694183	-0.575970758	-0.653268223	-0.723285713	-0.784541548	-0.836340733	-0.880401777	0.653486614	0.603511099	0.546908709	0.480611918	0.406575803	0.324771386	0.235816083	0.140995619	0.040909628	-0.061780126	-0.165497496	-0.268272366	-0.367632799	-0.462555809	-0.551036859	-0.632196118	-0.704574434	-0.767646592	-0.821618002	-0.866870539	-0.903643646	0.671709378	0.626459236	0.592313246	0.527258648	0.453855683	0.371846003	0.282632216	0.186966287	0.085367449	-0.01991208	-0.125807234	-0.2306632	-0.333210981	-0.431464182	-0.521922629	-0.605131556	-0.679851218	-0.744854688	-0.801584185	-0.848830828	-0.88744895	0.738515158	0.692008458	0.63629533	0.573008942	0.500073917	0.418575575	0.329033664	0.232740948	0.130298368	0.025196669	-0.082971298	-0.190715046	-0.29498414	-0.395062564	-0.488166267	-0.573438624	-0.650639929	-0.717954094	-0.776300565	-0.825551358	-0.865560333	0.776736012	0.713063026	0.678224478	0.616147757	0.544598235	0.464029071	0.374768261	0.278597555	0.17608858	0.069722725	-0.038941953	-0.14739317	-0.253138048	-0.354607704	-0.449732879	-0.537521208	-0.616085333	-0.685403878	-0.745032142	-0.796744148	-0.838826544	0.793144259	0.750672369	0.716816452	0.655871604	0.586320791	0.506548118	0.418656651	0.323421666	0.221511013	0.115258491	0.006491794	-0.10264436	-0.20951534	-0.312009734	-0.40838605	-0.497232268	-0.577431059	-0.649392938	-0.711014778	-0.763433799	-0.807959949	0.842407674	0.800950139	0.751456779	0.692008694	0.623717029	0.545991339	0.459732599	0.365559437	0.264881515	0.159454148	0.051667751	-0.057145324	-0.164053764	-0.266687866	-0.363833223	-0.45448617	-0.535949881	-0.608867792	-0.6723521	-0.726465225	-0.771395676	0.868846008	0.829327667	0.781244297	0.724131497	0.657673541	0.581861332	0.497316501	0.404779197	0.30644429	0.202546873	0.095710406	-0.012091339	-0.118477636	-0.2209656	-0.31779241	-0.408683859	-0.491417604	-0.564921511	-0.629286387	-0.685978188	-0.733146427	0.889820325	0.852536445	0.80627176	0.750745754	0.686520969	0.61325515	0.51392159	0.441487382	0.344653461	0.242494385	0.138046724	0.032194449	-0.072785784	-0.174439099	-0.271086572	-0.361366495	-0.444606789	-0.519089176	-0.584992824	-0.642603297	-0.691097783	0.906821078	0.870584411	0.826282499	0.77301133	0.710729855	0.64010559	0.560637882	0.473307087	0.379248855	0.280297695	0.17783227	0.074467092	-0.028362855	-0.128794716	-0.223946274	-0.314214498	-0.396332985	-0.472153319	-0.538283783	-0.596867755	-0.64787765	0.88368327	0.841197509	0.789881918	0.73002599	0.661405051	0.584651044	0.500289566	0.409506368	0.314266748	0.21492582	0.11448524	0.014114863	-0.084638081	-0.178230573	-0.266760629	-0.349040008	-0.423776807	-0.490803944	-0.550072144	0.892152227	0.850676046	0.801626525	0.744044348	0.678617404	0.604476101	0.523574482	0.43625625	0.343742775	0.248097576	0.150443561	0.052828872	-0.042140178	-0.133557985	-0.220780345	-0.301045558	-0.37612188	-0.443194364	-0.501955601	0.856128478	0.808980566	0.753366402	0.690141007	0.619451263	0.542065345	0.457725566	0.369540997	0.277181957	0.18335513	0.089712832	-0.002111315	-0.091468986	-0.177198424	-0.255227002	-0.330331157	-0.396417896	0.811615983	0.758621127	0.698143419	0.630664906	0.555901002	0.475539061	0.390602058	0.303696309	0.21293127	0.122848038	0.033653009	-0.052672758	-0.135063579	-0.212386498	-0.284776609	0.759199252	0.701713071	0.636162184	0.565808207	0.488979777	0.408838009	0.324904349	0.23864048	0.1527428	0.067208367	-0.01532503	-0.094788457	-0.170733538	0.640025422	0.572543125	0.499732002	0.423086327	0.342889841	0.26219778	0.179184018	0.097354834	0.017371654
S32-S42	0.028447786	0.025600966	0.021888603	0.018415812	0.015203947	0.012419212	0.009986731	0.008070743	0.006422016	0.024221651	0.024417152	0.023470501	0.021378273	0.019047862	0.013418831	0.013982868	0.011554628	0.009544229	0.007753561	0.006219122	0.004928163	0.003851874	0.018384762	0.019636411	0.019889496	0.019307254	0.018084927	0.01638681	0.014333793	0.012474196	0.010505198	0.007045404	0.007210733	0.005786726	0.004660125	0.003641964	0.00278363	0.013600948	0.015127676	0.016054744	0.016316848	0.01592669	0.015068593	0.01383126	0.012292194	0.008759521	0.009236531	0.007780629	0.006409822	0.005234843	0.004148178	0.003245254	0.002482749	0.001843172	0.009934555	0.011396574	0.012399456	0.013196078	0.013340392	0.013128959	0.012572985	0.011604372	0.010479277	0.009207832	0.007874981	0.006608569	0.00552599	0.00444374	0.003526848	0.002725453	0.002038998	0.001477131	0.001017952	0.006735743	0.009441737	0.010255995	0.010772227	0.010856848	0.010634639	0.010243991	0.009512392	0.008577666	0.007582961	0.006451557	0.005450541	0.004488123	0.003571317	0.002757072	0.002066329	0.001473052	0.001004886	0.000620849	0.006069801	0.007006825	0.007803026	0.008358735	0.00868619	0.008771808	0.008614211	0.008195429	0.007577908	0.006854616	0.005987233	0.005100766	0.004224411	0.003362132	0.002595298	0.00190877	0.001312142	0.000812729	0.000423361	0.000122505	-8.94549E-05	0.004005116	0.004598587	0.006283771	0.006694772	0.006925458	0.006927027	0.006726264	0.006353989	0.005818969	0.005166911	0.004446252	0.003677442	0.002907941	0.002194835	0.001531473	0.000942542	0.000449066	5.29652E-05	-0.000247529	-0.000452041	-0.000578094	0.004103218	0.004581645	0.00496217	0.005232563	0.005344439	0.005262667	0.00505392	0.004647872	0.004164498	0.003574921	0.002939085	0.002254064	0.001582052	0.000947114	0.000377803	-0.000115513	-0.000514981	-0.000810251	-0.001011333	-0.001133526	-0.001149398	0.003244919	0.00283827	0.003784789	0.003954775	0.003947852	0.003815698	0.003523458	0.003136573	0.002635634	0.002059292	0.001446542	0.000813421	0.000210522	-0.000361464	-0.000857363	-0.001262774	-0.001567034	-0.001764604	-0.001852116	-0.00187159	-0.00180164	0.001928205	0.002063963	0.002759625	0.002737899	0.002655799	0.002430854	0.002107999	0.001664776	0.001151463	0.000567265	-3.60527E-05	-0.00064935	-0.001227918	-0.001738697	-0.002178266	-0.002521572	-0.00273249	-0.002845875	-0.002827476	-0.002692675	-0.002496458	0.001741673	0.001803905	0.001816281	0.001691838	0.001500265	0.001194796	0.000793349	0.000289856	-0.000276243	-0.00087588	-0.0015165	-0.002128891	-0.002710244	-0.003198125	-0.003577515	-0.003876996	-0.004028426	-0.00402012	-0.003887723	-0.003646269	-0.003291788	0.001106826	0.00108668	0.000963201	0.000760574	0.000454813	5.88494E-05	-0.000447849	-0.001014901	-0.001647146	-0.002325247	-0.003008241	-0.003648295	-0.004269525	-0.004772222	-0.005152518	-0.005387051	-0.005395258	-0.005337536	-0.005055473	-0.004676728	-0.004175725	0.000539054	0.00041437	0.000203944	-0.000102495	-0.000504182	-0.001008914	-0.001339179	-0.002260999	-0.002986395	-0.003760021	-0.00452267	-0.005264187	-0.00591178	-0.006436572	-0.006858	-0.007046092	-0.007014804	-0.006816268	-0.006405969	-0.005828312	-0.005125762	4.88246E-05	-0.000161091	-0.000470064	-0.000871197	-0.001365197	-0.001968463	-0.002656676	-0.003441078	-0.004273104	-0.005180406	-0.006074493	-0.006935097	-0.007698672	-0.00830822	-0.008745663	-0.008932772	-0.008848616	-0.008490372	-0.007908407	-0.007099949	-0.006154496	-0.00065723	-0.001042127	-0.001532773	-0.002126866	-0.002838647	-0.003642049	-0.004558194	-0.005549216	-0.006602523	-0.00767688	-0.008694056	-0.009583928	-0.010384234	-0.010887013	-0.011081033	-0.010931392	-0.010433926	-0.009592864	-0.008488811	-0.001042606	-0.001508235	-0.002075951	-0.002769738	-0.0035886	-0.004510944	-0.005584614	-0.006754702	-0.007995519	-0.009289102	-0.010555291	-0.011705732	-0.012686528	-0.01333197	-0.01358413	-0.01335491	-0.01265881	-0.011536192	-0.010087144	-0.00187659	-0.002526652	-0.003282979	-0.004211311	-0.005275992	-0.006493257	-0.007867962	-0.009364559	-0.010903963	-0.012518819	-0.014009931	-0.015300261	-0.016198867	-0.016569541	-0.016276841	-0.015344855	-0.013805717	-0.002819959	-0.003665	-0.004687009	-0.005882539	-0.007278277	-0.008854882	-0.010629867	-0.012550807	-0.014567609	-0.016544332	-0.018302788	-0.019614122	-0.020209782	-0.019896116	-0.018621056	-0.003892331	-0.00499266	-0.006245124	-0.007845788	-0.009652976	-0.011713882	-0.01407549	-0.016628876	-0.019278767	-0.021760611	-0.023739175	-0.024779919	-0.024509432	-0.006481921	-0.00815463	-0.010176733	-0.012573726	-0.015388252	-0.018609258	-0.022130054	-0.025692253	-0.028812896
S32+S42	0.031450772	0.028819443	0.025267036	0.021928732	0.018810228	0.016071132	0.013621266	0.011664596	0.009900792	0.027213775	0.027713143	0.027039769	0.025183538	0.023050637	0.017495946	0.018273684	0.015890297	0.013880568	0.012051246	0.010395258	0.008938871	0.007637876	0.021545873	0.023159911	0.023755346	0.023476704	0.022534633	0.021067733	0.019188629	0.017493126	0.015590472	0.011881078	0.012286702	0.0107141	0.009425096	0.008167626	0.006992257	0.016848961	0.018798182	0.020121774	0.020763606	0.020723141	0.020177909	0.019234095	0.01789758	0.014151569	0.015125349	0.013718686	0.012297087	0.011023446	0.009752985	0.008567945	0.007464244	0.00641756	0.013158635	0.015116709	0.016574641	0.017845171	0.018406044	0.018605778	0.018435696	0.017782236	0.016934087	0.015870519	0.014648099	0.013408439	0.012348734	0.01113925	0.010032638	0.008949015	0.00787656	0.006848341	0.00586998	0.010366926	0.013639426	0.014985022	0.016020593	0.016565405	0.016791072	0.016881835	0.016516003	0.015889957	0.015163151	0.014131687	0.013251962	0.012286408	0.011278683	0.010236425	0.009243009	0.0082291	0.007239327	0.006296105	0.009573778	0.011097706	0.012503036	0.013637022	0.014533669	0.015175535	0.015551384	0.015630583	0.015438357	0.015132359	0.01457138	0.01389941	0.013145399	0.012269044	0.011400196	0.010495969	0.009585602	0.008625665	0.007655996	0.006680682	0.005721001	0.007798033	0.008927183	0.011463324	0.01253388	0.013414296	0.014043156	0.014438132	0.014663798	0.014645777	0.014439345	0.014119472	0.013616928	0.012981812	0.012344267	0.01159052	0.010767892	0.009899289	0.008974265	0.008058616	0.007089637	0.006124526	0.008332679	0.009518682	0.010613031	0.011631899	0.012471342	0.013101302	0.013642161	0.013834179	0.013984173	0.013930572	0.013793093	0.013462397	0.013002309	0.012457293	0.011796202	0.011067783	0.010257634	0.009397219	0.008467445	0.007519846	0.006526741	0.007822055	0.007830068	0.009910421	0.010949138	0.011779911	0.012461904	0.012953365	0.013370403	0.013592019	0.013637009	0.013581305	0.013396358	0.013083843	0.012594506	0.012093319	0.011414841	0.01065229	0.009796678	0.008864443	0.007935778	0.006948951	0.00653022	0.007341459	0.009361474	0.010219615	0.011119797	0.01182298	0.01246735	0.012885626	0.013245253	0.01339816	0.013539176	0.013453004	0.013282615	0.012952568	0.012494857	0.011893169	0.01116161	0.010363791	0.009420335	0.008398685	0.007353818	0.006909555	0.007871542	0.008879048	0.009734434	0.010637311	0.011368604	0.012070268	0.012634638	0.013081174	0.013383602	0.013613075	0.013627134	0.013596959	0.01335059	0.012931598	0.012496653	0.0118097	0.010977584	0.010023214	0.008979658	0.007837963	0.006506001	0.007497171	0.008449548	0.009337008	0.010231122	0.011045828	0.01179052	0.012402138	0.012987032	0.013462611	0.01378462	0.013973817	0.014072729	0.013968441	0.013686279	0.013233448	0.012471769	0.011718521	0.010691726	0.009603856	0.008391689	0.006107133	0.0070753	0.008043235	0.008960779	0.009887061	0.01075929	0.009814797	0.012348274	0.013040716	0.013648154	0.014150433	0.014521794	0.014695114	0.014699261	0.014576337	0.014157114	0.013477799	0.012640124	0.011579811	0.010339973	0.008987075	0.005735036	0.00667815	0.007656432	0.008612564	0.009577076	0.010520097	0.011432424	0.012319653	0.01312494	0.013942116	0.014615056	0.015178328	0.015557596	0.015718143	0.015686122	0.015341825	0.014698656	0.013757687	0.012585138	0.011190171	0.009647181	0.006277883	0.007266811	0.008253656	0.009272912	0.01029197	0.011315863	0.012337442	0.013350687	0.014311742	0.015207143	0.015993124	0.016547831	0.016986007	0.01706898	0.01680675	0.016153854	0.015140864	0.013778865	0.012134074	0.005861268	0.006848243	0.007881976	0.008942272	0.010061692	0.011159551	0.012365744	0.013569189	0.014749796	0.015916607	0.016977302	0.017866898	0.018523962	0.01879636	0.018649251	0.017975684	0.016832456	0.015240797	0.013302513	0.006420824	0.007474519	0.008564288	0.009785503	0.011036983	0.012373612	0.013777512	0.015241102	0.016677933	0.018132809	0.019393092	0.020420534	0.020996894	0.021020064	0.020340013	0.019009881	0.017040985	0.00698897	0.008160093	0.00944121	0.010815641	0.012316183	0.013945746	0.015700315	0.017548755	0.019424761	0.021207686	0.02273564	0.023773188	0.024061649	0.023410333	0.021773565	0.00764446	0.008987675	0.010394275	0.01212051	0.013983985	0.016050578	0.018338862	0.020779889	0.023275286	0.02555669	0.027300685	0.028080731	0.027504586	0.009943035	0.0117184	0.013798842	0.016203668	0.01897737	0.022104981	0.02550416	0.02889885	0.031804107
(S32-S42)/(S32+S42)	0.904517875	0.888322733	0.866290878	0.839802832	0.808280856	0.772765209	0.733172004	0.69190082	0.648636555	0.890051092	0.881067576	0.867999298	0.848898688	0.826348605	0.766968036	0.765191509	0.727149901	0.687596444	0.64338254	0.598265324	0.551318246	0.504312191	0.853284634	0.847862091	0.837263979	0.822400533	0.802539193	0.777815549	0.746994104	0.713091314	0.673821673	0.59299369	0.586872909	0.540103757	0.494437924	0.445902343	0.398101794	0.807227676	0.804741439	0.797879147	0.78583883	0.768546097	0.746786618	0.719101156	0.686807612	0.61897874	0.610665667	0.567155571	0.521247183	0.474882625	0.425323961	0.378766905	0.33261891	0.287207648	0.754983731	0.753905776	0.748098042	0.739476162	0.724783248	0.705638821	0.681991333	0.652582264	0.618827369	0.580184663	0.537611132	0.492866428	0.447494455	0.398926318	0.351537414	0.30455341	0.258869108	0.215691862	0.173416667	0.649733905	0.692238639	0.684416444	0.672398764	0.655392853	0.633350834	0.606805507	0.57595003	0.539816794	0.50009137	0.456531307	0.411300688	0.365291705	0.316643086	0.269339386	0.223555912	0.179005302	0.13880925	0.098608383	0.634002685	0.631375996	0.624090494	0.61294433	0.597659837	0.578023015	0.553919215	0.524320104	0.490849383	0.452977373	0.410889917	0.366977177	0.321360403	0.274033762	0.227653794	0.181857436	0.136886716	0.094222245	0.055298002	0.018337135	-0.015636235	0.513605938	0.515121858	0.548163105	0.534134027	0.516274466	0.493267136	0.465868003	0.43331125	0.397313767	0.357835548	0.31490214	0.270063999	0.22400115	0.177802008	0.132131503	0.087532642	0.045363453	0.005901901	-0.030716021	-0.063760763	-0.094390075	0.492424763	0.481331893	0.467554504	0.449845978	0.428537594	0.401690388	0.370463273	0.335970204	0.297800774	0.256624102	0.213083839	0.167434078	0.121674673	0.076028875	0.032027481	-0.010436828	-0.050204631	-0.086222425	-0.119437833	-0.150737991	-0.176105891	0.4148422	0.362483431	0.381899981	0.361195062	0.335134264	0.306189026	0.272011059	0.234590797	0.193910442	0.151007628	0.106509809	0.060719554	0.016090189	-0.028700173	-0.07089562	-0.110625633	-0.147107708	-0.18012274	-0.208937619	-0.235842052	-0.259267937	0.295274155	0.281137982	0.294785284	0.267906305	0.238835248	0.205604193	0.169081533	0.129196354	0.086934008	0.042339023	-0.00266284	-0.048268047	-0.092445486	-0.134235736	-0.174333005	-0.212018529	-0.244811432	-0.274597892	-0.300146065	-0.320606695	-0.339477803	0.252067345	0.229167929	0.204558086	0.173799291	0.141038039	0.10509614	0.065727532	0.022941371	-0.021117598	-0.065444237	-0.111400281	-0.156224442	-0.199327246	-0.239549349	-0.276649074	-0.310242776	-0.341111596	-0.366211772	-0.387871894	-0.406058754	-0.419980031	0.170123838	0.144945331	0.11399433	0.08145798	0.044453888	0.005327747	-0.037983839	-0.08183271	-0.126830079	-0.17271886	-0.218231712	-0.261080777	-0.303389965	-0.341643126	-0.376473261	-0.407078429	-0.432597606	-0.455478633	-0.472839721	-0.486963545	-0.497602411	0.088266301	0.058565714	0.025355951	-0.011438179	-0.050994164	-0.093771452	-0.136444934	-0.183102414	-0.229005435	-0.275496659	-0.31961351	-0.362502531	-0.402295657	-0.437884036	-0.470488547	-0.49770681	-0.520471075	-0.539256412	-0.553201483	-0.563668016	-0.570348222	0.008513398	-0.024122143	-0.061394687	-0.101154175	-0.142548447	-0.187114561	-0.232380828	-0.279316156	-0.325571317	-0.371565215	-0.415632556	-0.456907865	-0.494849737	-0.528575173	-0.557541447	-0.582249646	-0.602001709	-0.617136567	-0.628392568	-0.63448084	-0.63795805	-0.104689685	-0.143409158	-0.185708385	-0.229363351	-0.275811806	-0.321853405	-0.369460243	-0.41565026	-0.461336086	-0.504820655	-0.543612114	-0.579165202	-0.611340516	-0.637824496	-0.659320407	-0.676704904	-0.689123543	-0.696201366	-0.699584618	-0.177880673	-0.220236771	-0.263379506	-0.309735354	-0.356659644	-0.404222746	-0.451619736	-0.49779703	-0.542076554	-0.583610676	-0.621729595	-0.655163088	-0.684871179	-0.709284695	-0.728400838	-0.742943087	-0.752047728	-0.756928368	-0.758288611	-0.292266229	-0.338035453	-0.38333357	-0.430362261	-0.478028497	-0.524766512	-0.571072778	-0.61442793	-0.653795864	-0.690396015	-0.722418663	-0.749258616	-0.771488736	-0.788272614	-0.800237476	-0.80720419	-0.810147831	-0.403486981	-0.449137027	-0.496441521	-0.543891876	-0.590952317	-0.634952229	-0.677047985	-0.715196397	-0.749950466	-0.780110185	-0.805026291	-0.825052217	-0.839916738	-0.84988607	-0.855213948	-0.509170116	-0.555500672	-0.600823433	-0.647315028	-0.690287917	-0.729810583	-0.767522528	-0.800238946	-0.828293463	-0.851464372	-0.869545034	-0.882452769	-0.891103456	-0.651905702	-0.695882557	-0.73750628	-0.775980219	-0.810873756	-0.841858129	-0.867703717	-0.889040675	-0.905948894
Net Ana Temperature[]	21.33306674	21.32089068	21.35851727	21.38930148	21.37501428	21.36230589	21.40070112	21.41130356	21.46720332	21.4907972	21.45149312	21.42207479	21.3753181	21.40461698	21.46149572	21.44281745	21.42223838	21.3966658	21.41056349	21.41700078	21.40218904	21.42982862	21.35986497	21.33448715	21.32462737	21.37592573	21.35806284	21.34969878	21.34878213	21.36684238	21.37402493	21.38765256	21.3648377	21.38751493	21.39426642	21.3923838	21.43187224	21.50383017	21.52870683	21.54911192	21.59332901	21.64533628	21.68250065	21.71364061	21.75675409	21.8824617	21.79762919	21.81440405	21.82819008	21.84779538	21.8527811	21.83408725	21.82672553	21.81839782	21.89561153	21.91177876	21.8634926	21.79396261	21.78330044	21.76128798	21.76215269	21.75799013	21.76145936	21.74482732	21.76491041	21.7443677	21.75564788	21.71788886	21.68495715	21.7335731	21.77204363	21.74583744	21.77803947	21.84111659	21.67432875	21.65996105	21.66096598	21.64869904	21.61548169	21.61394703	21.58349	21.61995845	21.60472864	21.61097637	21.61703454	21.61195274	21.63585043	21.65517788	21.61946767	21.57782135	21.56167229	21.5871436	21.60985978	21.61395222	21.62347442	21.64060244	21.62613867	21.61568424	21.59967281	21.60612049	21.59296546	21.61454687	21.63993768	21.59940795	21.60884705	21.62153726	21.6239652	21.59766554	21.60820826	21.60221501	21.57032719	21.59138146	21.55315502	21.73893015	21.62152947	21.64319138	21.64275253	21.63374189	21.63250325	21.60552324	21.60877175	21.59783433	21.52860556	21.53951441	21.48980265	21.52586341	21.50538561	21.47747079	21.44237081	21.43108543	21.44458063	21.46905998	21.42208517	21.39705271	21.44805505	21.49434692	21.47884705	21.46445339	21.45307453	21.44124124	21.42216048	21.41638276	21.37811478	21.35725266	21.38022851	21.43518567	21.44335497	21.46445599	21.48969878	21.52301999	21.5533316	21.59257855	21.61503765	21.63240976	21.65951961	21.79704233	21.88939756	21.87205142	21.89081537	21.90670995	21.9205531	21.90894053	21.91078162	21.86871722	21.85196053	21.84050636	21.86250065	21.86378343	21.82346404	21.7909504	21.8223838	21.80716697	21.82344326	21.82207738	21.80950143	21.79139704	21.83010647	21.81377824	21.6897585	21.68844975	21.70122306	21.72792521	21.7141236	21.70734095	21.73157362	21.71786809	21.64128278	21.62518826	21.66856661	21.67184108	21.6556323	21.61588678	21.62245131	21.62447936	21.57315243	21.60547131	21.60844456	21.6125396	21.56745261	21.58458582	21.56716178	21.54988315	21.55962607	21.56435212	21.61912231	21.62446378	21.64850428	21.62122825	21.61276292	21.61933264	21.65352636	21.61863412	21.62486887	21.58586861	21.58377305	21.63108803	21.60200467	21.57637237	21.53250844	21.53851207	21.52622695	21.49676448	21.51721371	21.53971436	21.5470631	21.54353934	21.55603999	21.51647105	21.48725006	21.45811997	21.43151909	21.40501948	21.38662685	21.37212153	21.40625811	21.42693586	21.46364321	21.4438068	21.42345365	21.45760582	21.44086211	21.44373669	21.47863931	21.42037653	21.44456245	21.44872501	21.4467463	21.49365619	21.49953778	21.48688652	21.52737211	21.55480395	21.57576993	21.60550506	21.6395274	21.67668657	21.71564269	21.74753311	21.77336276	21.78625292	21.86070371	21.8906336	21.89393664	21.89772527	21.86942872	21.87187743	21.82803428	21.77921319	21.79869644	21.8303973	21.79224617	21.82854583	21.83398598	21.83751753	21.77700857	21.81561672	21.84583744	21.83481953	21.8242067	21.81713062	21.80917164	21.85231368	21.83210854	21.81582186	21.84279927	21.86398338	21.82805765	21.78350039	21.82119969	21.81620618	21.80415476	21.79668657	21.75628668	21.74967541	21.76279408	21.75441184	21.81990132	21.80978707	21.76897689	21.74196572	21.6784887	21.6989691	21.70710724	21.69145417	21.74849649	21.76474422	21.76569462	21.76368476	21.72431576	21.70931966	21.72948325	21.70278629	21.68112698	21.68743443	21.71033757	21.69882368	21.67017138	21.65346404	21.58907816	21.57918722	21.58803947	21.60406648	21.61567385	21.60230849	21.55633342	21.61820566	21.64569722	21.63316022	21.60001818	21.59432355	21.61233186	21.61440665	21.58296027	21.57771228	21.55806024	21.56204622	21.58766294	21.57329525	21.60227733	21.60540898	21.60363802	21.57902882	21.53	21.55715658	21.56227214	21.54351337	21.49251883	21.46097637	21.52074526	21.52135809	21.50905998	21.52005713	21.51749156	21.51668398	21.48344326	21.49739808	21.51585043	21.47891197	21.47567904	21.44978967	21.46542197	21.46438587	21.5355544	21.52178655	21.51364321	21.48018956	21.45639314	21.45329784	21.43306674	21.44580888	21.42407427	21.42748117	21.44441184
BPM Temperature[]	19.23931446	19.21103609	19.21007531	19.19631265	19.17694105	19.16291872	19.17579849	19.18969099	19.1719813	19.16050377	19.14889639	19.12994028	19.12851207	19.13334199	19.11877434	19.09509218	19.08792521	19.09550766	19.10111659	19.11371072	19.12028045	19.12438328	19.14437808	19.14879252	19.15463516	19.15673851	19.14050896	19.13534147	19.12477279	19.13734095	19.14053493	19.16097118	19.18335497	19.23679564	19.30514152	19.38506881	19.47751233	19.66502207	19.72788886	19.77979746	19.81986497	19.86302259	19.89306674	19.91267203	19.93541937	19.96364581	19.981745	20.01207479	20.03025188	20.02446118	19.9762659	19.91384056	19.82830434	19.73331602	19.55567385	19.53477019	19.53071929	19.50612828	19.49291093	19.47961568	19.46569722	19.46728123	19.45133731	19.43464035	19.42614905	19.412698	19.4268242	19.4054791	19.40708907	19.3958712	19.38743184	19.38275773	19.37559076	19.35458323	19.36696962	19.36530771	19.35203843	19.33653596	19.31942353	19.32173461	19.3351597	19.31316541	19.30612828	19.32651259	19.35845235	19.36276292	19.35510257	19.36081537	19.35281745	19.34827318	19.36060763	19.36237341	19.33988574	19.35486887	19.34539081	19.33399117	19.33983381	19.32955077	19.33640613	19.32926513	19.3297585	19.33521163	19.32321475	19.31319138	19.30529733	19.29659829	19.29974033	19.29532589	19.30296027	19.30605038	19.28802908	19.28519865	19.27364321	19.2576214	19.25819268	19.24217086	19.21207479	19.2142041	19.2099974	19.21641132	19.24824721	19.25964684	19.23344586	19.1916645	19.18470527	19.21178915	19.2112698	19.21056868	19.17270839	19.17008569	19.16616463	19.17276032	19.19205401	19.2169047	19.15707608	19.13998961	19.15575175	19.14850688	19.1421449	19.10288237	19.11656713	19.11963126	19.11352895	19.14562451	19.19851986	19.29233965	19.38743184	19.48870423	19.57574656	19.65606336	19.72287717	19.7774604	19.81599585	19.86655414	19.91381459	19.99548169	20.02609712	20.03799013	20.05977668	20.05367437	19.98244612	19.92004674	19.83123864	19.72204622	19.65253181	19.60088289	19.56239938	19.54354713	19.52627889	19.53383537	19.51443781	19.49618281	19.49987016	19.50085692	19.47301999	19.4620618	19.40088289	19.39561153	19.3942872	19.40862114	19.41887821	19.40506362	19.40202545	19.3972215	19.37935601	19.37229291	19.38239418	19.38551026	19.37304596	19.33497793	19.3266684	19.33856141	19.34780576	19.32778499	19.32074786	19.31742405	19.33305635	19.35016879	19.34715658	19.34653337	19.3266684	19.34629966	19.35881589	19.37351337	19.36907297	19.36842379	19.36938458	19.35377824	19.35232407	19.33510776	19.35416775	19.34598806	19.3224617	19.33071929	19.31430797	19.3000779	19.28382238	19.27052714	19.28340691	19.28662685	19.26535965	19.25567385	19.23700338	19.22344845	19.23749675	19.22160478	19.2252402	19.20171384	19.21633342	19.21874838	19.20077902	19.18475721	19.16078941	19.14845495	19.15058426	19.12477279	19.15816671	19.14183329	19.13108284	19.13770449	19.14307972	19.13277071	19.14528694	19.14217086	19.13399117	19.15266165	19.18252402	19.27346144	19.37050117	19.46138665	19.56175019	19.6353155	19.70615425	19.76961828	19.81677486	19.85891976	19.90446637	19.94307972	19.96138665	19.97860296	20.06535965	20.09192418	20.04603999	19.9860296	19.90399896	19.81921579	19.73466632	19.69576733	19.66782654	19.6268242	19.61197092	19.5915087	19.59781875	19.54502727	19.51617762	19.51885225	19.51191898	19.50737471	19.52409764	19.5254739	19.52685017	19.51947546	19.52653856	19.50103869	19.49844196	19.51830693	19.51755388	19.50524539	19.49766294	19.50467411	19.50241496	19.49688393	19.50927032	19.51088029	19.48914568	19.47655155	19.45746559	19.47192937	19.48018696	19.47086471	19.46694365	19.48200467	19.44752012	19.43967801	19.44092444	19.41900805	19.4111919	19.39267723	19.39610491	19.37984939	19.35915347	19.37779797	19.3900026	19.37590236	19.36336017	19.34157362	19.33723708	19.35370034	19.37226694	19.31669696	19.32955077	19.32601922	19.30651779	19.28784731	19.27257855	19.27346144	19.26577512	19.28083615	19.28530252	19.2787328	19.28332901	19.28291353	19.27161776	19.25479096	19.24632563	19.27530512	19.25359647	19.25170086	19.24713062	19.24700078	19.25427162	19.269047	19.2407167	19.23518567	19.24240457	19.23934043	19.26006232	19.29343028	19.26748896	19.27647364	19.24962347	19.24655934	19.25292132	19.28483511	19.29532589	19.3421449	19.37208517	19.35528434	19.36255518	19.3534926	19.3971436	19.42043625	19.41251623	19.38756167	19.40215528	19.37439626	19.35606336	19.32827837	19.35523241	19.37299403	19.36336017	19.3970657	19.41965723
