BPM Serial No.	16elec																																																																																																																																																																																																																																																																																																																																																																																				
BPM Size	110																																																																																																																																																																																																																																																																																																																																																																																				
"Experi,menter"	Tajima      Hanamura      Kawachi      																																																																																																																																																																																																																																																																																																																																																																																				
Meas. Start Time	2019/08/2703:28																																																																																																																																																																																																																																																																																																																																																																																				
Meas. Finish Time	2019/08/2707:31																																																																																																																																																																																																																																																																																																																																																																																				
Linear Scale Origin X(mm)	-99.673																																																																																																																																																																																																																																																																																																																																																																																				
Linear Scale Origin Y(mm)	88.51																																																																																																																																																																																																																																																																																																																																																																																				
note																																																																																																																																																																																																																																																																																																																																																																																					
																																																																																																																																																																																																																																																																																																																																																																																					
																																																																																																																																																																																																																																																																																																																																																																																					
Data Point Number	1	2	3	4	5	6	7	8	9	10	11	12	13	14	15	16	17	18	19	20	21	22	23	24	25	26	27	28	29	30	31	32	33	34	35	36	37	38	39	40	41	42	43	44	45	46	47	48	49	50	51	52	53	54	55	56	57	58	59	60	61	62	63	64	65	66	67	68	69	70	71	72	73	74	75	76	77	78	79	80	81	82	83	84	85	86	87	88	89	90	91	92	93	94	95	96	97	98	99	100	101	102	103	104	105	106	107	108	109	110	111	112	113	114	115	116	117	118	119	120	121	122	123	124	125	126	127	128	129	130	131	132	133	134	135	136	137	138	139	140	141	142	143	144	145	146	147	148	149	150	151	152	153	154	155	156	157	158	159	160	161	162	163	164	165	166	167	168	169	170	171	172	173	174	175	176	177	178	179	180	181	182	183	184	185	186	187	188	189	190	191	192	193	194	195	196	197	198	199	200	201	202	203	204	205	206	207	208	209	210	211	212	213	214	215	216	217	218	219	220	221	222	223	224	225	226	227	228	229	230	231	232	233	234	235	236	237	238	239	240	241	242	243	244	245	246	247	248	249	250	251	252	253	254	255	256	257	258	259	260	261	262	263	264	265	266	267	268	269	270	271	272	273	274	275	276	277	278	279	280	281	282	283	284	285	286	287	288	289	290	291	292	293	294	295	296	297	298	299	300	301	302	303	304	305	306	307	308	309	310	311	312	313	314	315	316	317	318	319	320	321	322	323	324	325	326	327	328	329	330	331	332	333	334	335	336	337	338	339	340	341	342	343	344	345	346	347	348	349	350	351	352	353	354	355	356	357	358	359	360	361	362	363	364	365	366	367	368	369	370	371	372	373
R(beam)[mm]	20.001	15.004	10.004	5.004	0.003	-4.998	-9.998	-14.998	-19.998	30.002	25.005	20.005	15.004	10.004	5.004	0.003	-4.998	-9.997	-14.998	-19.998	-24.999	-30	35.003	30.006	25.005	20.005	15.004	10.004	5.004	0.003	-4.998	-9.998	-14.998	-19.999	-24.999	-30	-35	40.004	35.006	30.005	25.005	20.005	15.004	10.004	5.004	0.003	-4.998	-9.997	-14.998	-19.999	-24.999	-30	-35	-40.001	45.005	40.007	35.006	30.005	25.005	20.005	15.005	10.004	5.004	0.003	-4.998	-9.998	-14.998	-19.999	-24.999	-30	-35.001	-40.001	-45.001	45.004	40.007	35.006	30.006	25.005	20.005	15.004	10.004	5.004	0.003	-4.998	-9.997	-14.998	-19.999	-24.999	-30	-35	-40.001	-45.001	50.005	45.007	40.007	35.006	30.006	25.005	20.005	15.004	10.004	5.004	0.003	-4.998	-9.998	-14.998	-19.998	-24.999	-30	-35	-40.001	-45.001	-50.002	50.005	45.007	40.007	35.006	30.006	25.005	20.005	15.004	10.004	5.004	0.003	-4.998	-9.998	-14.998	-19.999	-24.999	-30	-35	-40.001	-45.002	-50.002	50.005	45.007	40.007	35.006	30.005	25.005	20.005	15.005	10.004	5.004	0.003	-4.998	-9.997	-14.998	-19.998	-24.999	-30	-35	-40.001	-45.002	-50.002	50.005	45.007	40.007	35.006	30.005	25.005	20.005	15.004	10.004	5.004	0.003	-4.998	-9.998	-14.998	-19.998	-24.999	-30	-35	-40.001	-45.002	-50.002	50.005	45.007	40.007	35.006	30.006	25.005	20.005	15.004	10.004	5.004	0.003	-4.998	-9.998	-14.998	-19.998	-24.999	-30	-35	-40.001	-45.002	-50.002	50.005	45.007	40.007	35.006	30.005	25.005	20.005	15.004	10.004	5.004	0.003	-4.998	-9.997	-14.998	-19.998	-24.999	-30	-35	-40.001	-45.002	-50.002	50.005	45.007	40.007	35.006	30.006	25.005	20.005	15.004	10.004	5.004	0.003	-4.998	-9.998	-14.998	-19.998	-24.999	-30	-35	-40.001	-45.002	-50.002	50.005	45.007	40.007	35.006	30.006	25.005	20.005	15.004	10.004	5.004	0.003	-4.998	-9.998	-14.998	-19.998	-24.999	-30	-35	-40.001	-45.002	-50.002	50.005	45.007	40.007	35.006	30.006	25.005	20.005	15.004	10.004	5.004	0.003	-4.998	-9.997	-14.998	-19.999	-24.999	-30	-35	-40.001	-45.002	-50.002	45.005	40.007	35.006	30.005	25.005	20.005	15.004	10.004	5.004	0.003	-4.998	-9.998	-14.998	-19.998	-24.999	-30	-35	-40.001	-45.002	45.005	40.007	35.006	30.005	25.005	20.005	15.004	10.004	5.003	0.003	-4.998	-9.997	-14.998	-19.999	-24.999	-30	-35	-40.001	-45.001	40.004	35.006	30.005	25.005	20.005	15.004	10.004	5.004	0.003	-4.998	-9.998	-14.998	-19.999	-24.999	-30	-35.001	-40.001	35.003	30.006	25.005	20.005	15.004	10.004	5.004	0.003	-4.998	-9.998	-14.998	-19.999	-24.999	-30	-35	30.003	25.005	20.005	15.004	10.004	5.004	0.003	-4.998	-9.998	-14.998	-19.999	-24.999	-30	20.002	15.004	10.004	5.004	0.003	-4.998	-9.998	-14.998	-19.999
Y(beam)[mm]	-49.998	-49.998	-49.998	-49.998	-49.998	-49.998	-49.998	-49.998	-49.998	-45	-45	-45	-45	-45	-45	-45	-45	-45	-45	-45	-45	-45	-40.001	-40.001	-40.001	-40.001	-40.001	-40.001	-40.001	-40.001	-40.001	-40.001	-40.001	-40.001	-40.001	-40.001	-40.001	-35.001	-35.001	-35.001	-35.001	-35.001	-35.001	-35.001	-35.001	-35.001	-35.001	-35.001	-35.001	-35.001	-35.001	-35.001	-35.001	-35.001	-30.001	-30.001	-30.001	-30.001	-30.001	-30.001	-30.001	-30.001	-30.001	-30.001	-30.001	-30.001	-30.001	-30.001	-30.001	-30.001	-30.001	-30.001	-30.001	-25.002	-25.002	-25.002	-25.002	-25.002	-25.002	-25.002	-25.002	-25.002	-25.002	-25.002	-25.002	-25.002	-25.002	-25.002	-25.002	-25.002	-25.002	-25.001	-20.002	-20.002	-20.002	-20.002	-20.002	-20.002	-20.002	-20.002	-20.002	-20.002	-20.002	-20.002	-20.002	-20.002	-20.002	-20.002	-20.002	-20.002	-20.002	-20.002	-20.002	-15.002	-15.002	-15.002	-15.002	-15.002	-15.002	-15.002	-15.002	-15.002	-15.002	-15.002	-15.002	-15.002	-15.002	-15.002	-15.002	-15.002	-15.002	-15.002	-15.002	-15.002	-10.003	-10.003	-10.003	-10.003	-10.003	-10.003	-10.003	-10.003	-10.003	-10.003	-10.003	-10.003	-10.003	-10.003	-10.003	-10.003	-10.003	-10.003	-10.003	-10.003	-10.003	-5.003	-5.003	-5.003	-5.003	-5.003	-5.003	-5.003	-5.003	-5.003	-5.003	-5.003	-5.003	-5.003	-5.003	-5.003	-5.003	-5.003	-5.003	-5.003	-5.003	-5.003	-0.003	-0.003	-0.003	-0.003	-0.003	-0.003	-0.003	-0.003	-0.003	-0.003	-0.003	-0.003	-0.003	-0.003	-0.003	-0.003	-0.003	-0.003	-0.003	-0.003	-0.003	4.997	4.997	4.997	4.997	4.997	4.997	4.997	4.997	4.997	4.997	4.997	4.997	4.997	4.997	4.997	4.997	4.997	4.997	4.997	4.997	4.997	9.997	9.997	9.997	9.997	9.997	9.997	9.997	9.997	9.997	9.997	9.997	9.997	9.997	9.997	9.997	9.997	9.997	9.997	9.997	9.997	9.997	14.997	14.997	14.997	14.997	14.997	14.997	14.997	14.997	14.997	14.997	14.997	14.997	14.997	14.997	14.997	14.997	14.997	14.997	14.997	14.997	14.997	19.997	19.997	19.997	19.997	19.997	19.997	19.997	19.997	19.997	19.997	19.997	19.997	19.997	19.997	19.997	19.997	19.997	19.997	19.997	19.997	19.997	24.996	24.996	24.996	24.996	24.996	24.996	24.996	24.996	24.996	24.996	24.996	24.996	24.996	24.996	24.996	24.996	24.996	24.996	24.996	29.996	29.996	29.996	29.996	29.996	29.996	29.996	29.996	29.996	29.996	29.996	29.996	29.996	29.996	29.996	29.996	29.996	29.996	29.996	34.996	34.996	34.996	34.996	34.996	34.996	34.996	34.996	34.996	34.996	34.996	34.996	34.996	34.996	34.996	34.996	34.996	39.996	39.996	39.996	39.996	39.996	39.996	39.996	39.996	39.996	39.996	39.996	39.996	39.996	39.996	39.996	44.996	44.996	44.996	44.996	44.996	44.996	44.996	44.996	44.996	44.996	44.996	44.996	44.996	49.996	49.997	49.997	49.997	49.997	49.996	49.997	49.996	49.996
S32-5.1MHz(dB)	-30.46865785	-31.30463269	-32.54410812	-33.91991397	-35.38630618	-36.9236203	-38.55064662	-40.11800781	-41.76480078	-31.79450648	-31.67511514	-31.95896039	-32.67267862	-33.53552757	-36.20504852	-35.84720348	-37.25832137	-38.63061366	-40.0846643	-41.60328776	-43.18690752	-44.81256566	-33.99591555	-33.39387593	-33.23058557	-33.37500576	-33.8497996	-34.56537634	-35.515683	-36.49048707	-37.69268383	-40.47667424	-40.22291807	-41.675474	-43.04832752	-44.57017412	-46.21754871	-36.34908918	-35.40951116	-34.85267146	-34.63489843	-34.74345936	-35.07728989	-35.63487152	-36.42292314	-38.8264021	-38.28686273	-39.36797131	-40.58425274	-41.80461219	-43.15821207	-44.58987962	-46.0608565	-47.67330447	-38.73859121	-39.10027677	-36.78672146	-36.18580068	-35.98999881	-35.99146486	-36.19568497	-36.65575058	-37.25768731	-38.03430819	-38.98401877	-39.98935425	-40.9758006	-42.15983829	-43.37321828	-44.6702134	-46.09339889	-47.62653484	-49.25851059	-41.30425786	-38.7593964	-37.97310389	-37.52458689	-37.25522839	-37.25171921	-37.35744309	-37.71451248	-38.248788	-38.87881683	-39.74837542	-40.58766736	-41.53062537	-42.58365269	-43.75393808	-44.95473657	-46.28179776	-47.70607695	-49.22562352	-42.13462229	-40.86750318	-39.87280623	-39.17268328	-38.7040738	-38.43951061	-38.35401518	-38.48247431	-38.78264079	-39.18077994	-39.76061514	-40.44466769	-41.22153813	-42.1434923	-43.10287881	-44.15349117	-45.27322284	-46.5237737	-47.87630587	-49.36239898	-51.00585594	-44.54611829	-43.41125554	-41.03889945	-40.34639775	-39.86811126	-39.59353649	-39.50489827	-39.57144168	-39.80484078	-40.17166179	-40.64265901	-41.26416186	-41.99868455	-42.76628892	-43.66741235	-44.65142441	-45.72422629	-46.91577756	-48.15998758	-49.59491886	-51.13536581	-44.12793037	-43.03197797	-42.20957011	-41.47902032	-41.00527276	-40.76027436	-40.5881599	-40.66236789	-40.84853701	-41.15826191	-41.55284829	-42.08957279	-42.7475992	-43.47234535	-44.30801976	-45.22975735	-46.24109553	-47.35115061	-48.56940843	-49.90994852	-51.41487079	-45.15023267	-45.4704648	-43.2869299	-42.55329989	-42.08906764	-41.79506207	-41.6860043	-41.66798185	-41.81125787	-42.10342486	-42.47892419	-42.96604813	-43.55429414	-44.26672367	-44.99836351	-45.88037715	-46.86078452	-47.92420338	-49.11500377	-50.37364537	-51.79584929	-47.47550801	-46.50627641	-44.3732522	-43.77013253	-43.23662231	-42.94211519	-42.75171924	-42.7617423	-42.85803103	-43.1250031	-43.41086375	-43.87293574	-44.3925836	-45.03099289	-45.754151	-46.5671361	-47.50708445	-48.49689462	-49.63527319	-50.91082352	-52.30017487	-47.27784827	-46.3071735	-45.43329898	-44.85048443	-44.33695132	-44.04777344	-43.83129178	-43.78932115	-43.87144438	-44.08496125	-44.37336888	-44.81032439	-45.27569696	-45.87979616	-46.59827931	-47.32956788	-48.19052608	-49.17104237	-50.26745125	-51.45720307	-52.8725845	-48.39600934	-47.35257636	-46.54884055	-45.94033096	-45.45536357	-45.11123004	-44.92039811	-44.88839256	-44.92614067	-45.08371249	-45.36862985	-45.74427544	-46.1842167	-46.7490577	-47.39419897	-48.12589826	-49.02897155	-49.92426005	-50.989141	-52.16749324	-53.51404537	-49.56028004	-48.52945915	-47.69789942	-47.06836224	-46.56519421	-46.23409418	-47.40174606	-45.95219727	-45.97368296	-46.11342445	-46.35972332	-46.69442039	-47.14633088	-47.68775142	-48.26874486	-48.98031268	-49.81308022	-50.72188834	-51.75634913	-52.93481861	-54.27209909	-50.79236708	-49.75297658	-48.89335062	-48.23484178	-47.73278981	-47.38896619	-47.15336755	-47.05262237	-47.09461237	-47.16311684	-47.39099726	-47.69884451	-48.11857356	-48.63307668	-49.20195523	-49.89256087	-50.69174166	-51.59042087	-52.61694321	-53.79449941	-55.14540725	-51.01820816	-50.14857964	-49.45472115	-48.93812949	-48.56585061	-48.32021866	-48.19710163	-48.18424219	-48.26999319	-48.46199917	-48.76895964	-49.18078637	-49.61585239	-50.19916658	-50.88979677	-51.64865879	-52.5529837	-53.59343193	-54.77471981	-52.37013083	-51.47857293	-50.76085577	-50.20811966	-49.81358589	-49.56025077	-49.39755912	-49.35340116	-49.43525969	-49.60608834	-49.86586136	-50.23755046	-50.69882038	-51.27707972	-51.92497592	-52.71435657	-53.61047453	-54.63779398	-55.86919561	-52.86438718	-52.11192486	-51.55379166	-51.10181958	-50.80718022	-50.6377422	-50.58032404	-50.63439252	-50.80036145	-51.03583064	-51.41148685	-51.82647338	-52.39549256	-53.06333164	-53.85894485	-54.74783604	-55.83265122	-53.60467946	-52.97864759	-52.49977215	-52.17426978	-51.98042987	-51.8853772	-51.92839484	-52.05549562	-52.28862559	-52.63427414	-53.09168204	-53.63645129	-54.29861315	-55.11129982	-56.06266345	-54.53176437	-54.00884333	-53.68790704	-53.38929935	-53.28748729	-53.30915923	-53.44199433	-53.65706418	-53.97636742	-54.42360109	-55.00480243	-55.65616364	-56.50090892	-55.24706921	-54.95228542	-54.83854861	-54.81727715	-54.94086103	-55.11096024	-55.47238769	-55.92508149	-56.51255322
S42-5.1MHz(dB)	-56.46467258	-55.89072628	-55.43758158	-55.09456106	-54.89002811	-54.78103884	-54.80224762	-54.93415798	-55.1875341	-56.48170521	-55.63885165	-54.96746141	-54.43688116	-53.9577082	-53.82197974	-53.3908891	-53.26677547	-53.26451446	-53.36057011	-53.58054675	-53.95491173	-54.47089715	-56.00069305	-55.09201537	-54.29193068	-53.61102932	-53.07198044	-52.60256508	-52.29574006	-52.01165224	-51.89373159	-52.32384612	-51.93148063	-52.16179827	-52.4353864	-52.91018126	-53.55729462	-55.81816982	-54.75509288	-53.82295035	-53.0473561	-52.38789715	-51.8391098	-51.38220931	-51.04781842	-51.37378663	-50.61114183	-50.54688924	-50.61980559	-50.76726872	-51.06902239	-51.51035958	-52.05425712	-52.8017951	-55.83576131	-54.70318725	-53.59009413	-52.68758132	-51.93408801	-51.2541726	-50.65328291	-50.2045588	-49.80291686	-49.5530294	-49.41760838	-49.36312818	-49.34729465	-49.51736316	-49.75422799	-50.13777498	-50.69612604	-51.41232298	-52.32102744	-54.82147631	-53.57486853	-52.53076122	-51.66582176	-50.88326492	-50.2094267	-49.5984685	-49.10670487	-48.74749697	-48.43012072	-48.29514025	-48.17644118	-48.16265337	-48.28977005	-48.55680542	-48.91360758	-49.43134441	-50.11824211	-50.95263543	-55.10995803	-53.77463084	-52.59003598	-51.58075134	-50.68479791	-49.89690185	-49.18568288	-48.6007403	-48.11127196	-47.65724264	-47.35492998	-47.13654018	-47.01381369	-47.03358688	-47.11955489	-47.33738518	-47.67461251	-48.17834732	-48.83431932	-49.68916462	-50.74366922	-54.43950414	-53.30141574	-51.74850381	-50.70655645	-49.7866406	-48.98202416	-48.27018217	-47.6401328	-47.10998834	-46.67549806	-46.31051111	-46.08408406	-45.95236128	-45.89220082	-45.96758565	-46.17278287	-46.50129527	-47.00893223	-47.63386875	-48.46839485	-49.49199432	-53.48205458	-52.14450802	-51.00112934	-49.90584611	-48.95652217	-48.1557302	-47.35090308	-46.74073271	-46.18663917	-45.71069512	-45.30873374	-45.02381079	-44.87167	-44.80007684	-44.86469643	-45.05470725	-45.36539357	-45.84377276	-46.47983731	-47.29283357	-48.33499386	-52.82016974	-52.06803869	-50.27560166	-49.12829259	-48.15164521	-47.28095367	-46.52898858	-45.81323185	-45.23025548	-44.74596382	-44.33691688	-44.02716746	-43.81923729	-43.77392706	-43.773723	-43.9609097	-44.28147315	-44.76721754	-45.41925772	-46.18927644	-47.19249599	-52.77738193	-51.54525755	-49.63297845	-48.54841574	-47.48893796	-46.56596556	-45.71213123	-45.01773645	-44.36807223	-43.85877101	-43.36319689	-43.03305568	-42.78611467	-42.67496516	-42.69222792	-42.83650554	-43.16801886	-43.60537686	-44.26869627	-45.1134969	-46.15438523	-51.76281817	-50.37229719	-49.03203227	-47.91112084	-46.80277472	-45.87471211	-44.97872326	-44.19645722	-43.50751986	-42.93777146	-42.4263102	-42.07875298	-41.77685344	-41.64370143	-41.65662616	-41.73653644	-42.02062319	-42.49608861	-43.15040897	-43.98520319	-45.08960009	-51.38906162	-49.86864939	-48.53792307	-47.34435864	-46.21160914	-45.19974503	-44.27087218	-43.47164746	-42.71728672	-42.05882067	-41.52130386	-41.10116045	-40.75023623	-40.56791893	-40.52331832	-40.62344015	-40.99186613	-41.39415229	-42.07640257	-42.92244616	-44.03202698	-51.10102287	-49.54369993	-48.13132336	-46.87794688	-45.68407804	-44.61413712	-45.00965806	-42.73141505	-41.92187289	-41.20720142	-40.59241245	-40.09164426	-39.74450821	-39.52356005	-39.40261237	-39.49703126	-39.8106747	-40.24116842	-40.92535401	-41.849801	-43.02899186	-50.92258443	-49.31837638	-47.81980606	-46.47275652	-45.23437163	-44.09514359	-43.03674593	-42.06422664	-41.20780018	-40.39098076	-39.7083581	-39.12612419	-38.6887208	-38.40756707	-38.2591217	-38.31828207	-38.5835946	-39.07017795	-39.79247217	-40.77597599	-42.04124879	-49.1991121	-47.62944795	-46.20630931	-44.8800375	-43.66706616	-42.52562963	-41.46785501	-40.49280442	-39.6120313	-38.83499239	-38.17414463	-37.68119113	-37.27484525	-37.09160976	-37.11237669	-37.36679011	-37.86846102	-38.64742454	-39.73471142	-49.23347534	-47.58484441	-46.05154408	-44.64525473	-43.32892812	-42.11909992	-40.93834908	-39.86498764	-38.88395139	-37.99298843	-37.22188026	-36.60198962	-36.13409431	-35.8824072	-35.8549834	-36.09901187	-36.62862829	-37.46226109	-38.63777412	-47.64658619	-46.02855773	-44.55789709	-43.09461208	-41.76956072	-40.50601079	-39.31197021	-38.20067171	-37.21038739	-36.29042805	-35.54317388	-34.95719403	-34.60702643	-34.51946984	-34.74681518	-35.30148081	-36.23663944	-46.20324546	-44.56106666	-43.01296376	-41.56514166	-40.1807987	-38.86217719	-37.606281	-36.44850887	-35.39465322	-34.48081478	-33.75590991	-33.27289109	-33.09579017	-33.28869709	-33.89139913	-44.78119454	-43.11203557	-41.60776547	-40.01816042	-38.54991699	-37.14818896	-35.80418146	-34.56006338	-33.44349745	-32.52002063	-31.86410678	-31.55858078	-31.69995771	-41.71837403	-40.04802108	-38.42730993	-36.83900152	-35.29952478	-33.8260658	-32.46246057	-31.27942276	-30.36931917
S12-5.1MHz(dB)	-50.93312804	-51.02769549	-51.34085496	-51.76471102	-52.2086889	-52.79224471	-53.4725679	-54.22072253	-55.06618007	-49.21540907	-49.1940114	-49.30992096	-49.58386021	-49.8721708	-51.63537169	-50.78979611	-51.44736264	-52.11007258	-52.86734999	-53.73400209	-54.72123469	-55.76952383	-47.63784049	-47.56125724	-47.66234446	-47.83368418	-48.13455182	-48.53019557	-49.031803	-49.5371823	-50.19653469	-52.30279954	-51.68383574	-52.60096568	-53.47385615	-54.54750361	-55.73201901	-46.17625733	-46.02012678	-46.05712903	-46.21131554	-46.52207081	-46.87524525	-47.31835831	-47.87185855	-49.89602986	-49.11983573	-49.83645231	-50.65009929	-51.51632619	-52.45973459	-53.55665749	-54.68924244	-55.95077671	-44.76395211	-46.0878791	-44.57002384	-44.62870621	-44.92165028	-45.25593415	-45.65168169	-46.1699815	-46.74152571	-47.39532558	-48.16534482	-48.93778915	-49.70883161	-50.64301808	-51.56814146	-52.60046048	-53.76386226	-55.02320235	-56.42091375	-44.69000687	-43.01203686	-43.08652168	-43.37273903	-43.70129292	-44.14394072	-44.59368843	-45.16942446	-45.81330612	-46.49361399	-47.31947586	-48.0868299	-48.89952315	-49.82191338	-50.83387643	-51.83940004	-53.01979635	-54.25006269	-55.58343459	-41.68865063	-41.49772136	-41.51973255	-41.75613044	-42.0959669	-42.53993455	-43.03165332	-43.61850788	-44.26905305	-44.92447365	-45.66497702	-46.45848533	-47.2859408	-48.20909825	-49.11931447	-50.11909659	-51.14823313	-52.30973272	-53.53866832	-54.93365837	-56.438899	-41.73536764	-41.68251334	-40.1809452	-40.49901932	-40.93727362	-41.4712266	-42.07077625	-42.72368497	-43.419994	-44.17327576	-44.94096692	-45.78352496	-46.66558051	-47.55078225	-48.50410506	-49.52470301	-50.59094264	-51.77784325	-52.97885297	-54.35977211	-55.83267749	-38.408995	-38.563295	-38.93876252	-39.31656504	-39.85908509	-40.52886833	-41.15191443	-41.93376116	-42.70339752	-43.50423553	-44.30291558	-45.17589974	-46.08220216	-47.02513182	-47.99837202	-49.04216812	-50.13740531	-51.29465373	-52.52956356	-53.89928406	-55.39035641	-36.81830332	-38.84714789	-37.6606881	-38.15433227	-38.82749301	-39.55446293	-40.36961674	-41.13993084	-41.98538297	-42.8844026	-43.75981819	-44.68254449	-45.6117321	-46.62971919	-47.59987285	-48.66661647	-49.80305021	-50.9894329	-52.24689326	-53.57610419	-55.04161094	-37.01919963	-37.54212992	-36.48999384	-37.26259416	-37.97910113	-38.830353	-39.64869475	-40.57518699	-41.46080645	-42.42748254	-43.30242504	-44.27494641	-45.24305937	-46.26563938	-47.28690591	-48.36787626	-49.52440574	-50.68779666	-51.99363779	-53.35534551	-54.85620227	-33.81079071	-34.60301793	-35.37356396	-36.31860503	-37.19141021	-38.16436113	-39.07409396	-40.03782723	-41.00557612	-41.99881503	-42.96015917	-44.00262656	-44.98261662	-46.03436699	-47.12930464	-48.17302624	-49.32295974	-50.53652609	-51.82376698	-53.19542206	-54.7457927	-32.44175539	-33.39034198	-34.43664394	-35.51930194	-36.55237156	-37.58727117	-38.62786138	-39.69581022	-40.70174878	-41.71593168	-42.75492838	-43.79161792	-44.81793573	-45.88588878	-46.97049301	-48.08238767	-49.32379935	-50.48669033	-51.82228915	-53.20034278	-54.72000027	-31.25202459	-32.48704595	-33.69987469	-34.92604334	-36.07976276	-37.2213236	-40.14206433	-39.42630647	-40.49315155	-41.55953639	-42.61508275	-43.67535754	-44.77356016	-45.87674002	-46.95146419	-48.09536171	-49.32592385	-50.52467143	-51.86652537	-53.28858559	-54.85000346	-30.31030696	-31.83535788	-33.21040205	-34.54760378	-35.81369747	-37.02925734	-38.20362818	-39.33478073	-40.47698373	-41.54380868	-42.63573471	-43.71617342	-44.81589777	-45.92424795	-47.04838053	-48.21799667	-49.42410305	-50.68829747	-52.05947153	-53.51621949	-55.12690167	-31.52911176	-33.03627729	-34.46846957	-35.79226027	-37.05233265	-38.2586852	-39.42809891	-40.56262731	-41.67609287	-42.78334733	-43.88792285	-45.02469374	-46.12564762	-47.26916243	-48.45323622	-49.69317818	-50.98870348	-52.40605468	-53.88968237	-31.67267966	-33.25982681	-34.69186605	-36.0425323	-37.30872468	-38.55852097	-39.70283952	-40.84567898	-41.97634803	-43.08689144	-44.20136302	-45.32238736	-46.45500901	-47.61654084	-48.81492399	-50.08744966	-51.41603234	-52.84605628	-54.40680326	-33.83796375	-35.24066779	-36.60988803	-37.81095603	-39.01281287	-40.17885934	-41.3106329	-42.42949959	-43.56632075	-44.66138147	-45.79052618	-46.93169935	-48.10636704	-49.340931	-50.63725966	-52.00732	-53.48906843	-36.20710641	-37.43289516	-38.59005149	-39.73664123	-40.86384804	-41.96974751	-43.07143389	-44.17462452	-45.28823186	-46.41785434	-47.57564713	-48.75378047	-50.02006268	-51.33800606	-52.76379442	-38.59697048	-39.65215059	-40.80570514	-41.79283415	-42.84899214	-43.92409554	-45.00217757	-46.10626644	-47.23160563	-48.39382315	-49.58510176	-50.87990555	-52.25191675	-41.99343931	-42.96613439	-43.97226624	-44.99792737	-46.04540665	-47.12489081	-48.24363814	-49.42240807	-50.63150651
S52-5.1MHz(dB)	-50.84048086	-49.55246349	-48.43478538	-47.31888155	-46.24841364	-45.1958896	-44.21279212	-43.15643886	-42.15197969	-52.41341339	-51.07248442	-49.79102676	-48.63269535	-47.41874028	-47.66157427	-45.15191872	-44.14693016	-43.04289766	-41.97350908	-40.9127768	-39.84402122	-38.73221089	-52.92405301	-51.51046934	-50.21878079	-48.94526942	-47.74503452	-46.58864332	-45.50552412	-44.31493702	-43.25312088	-43.72469157	-41.00879583	-39.96740901	-38.72489306	-37.53587831	-36.33292486	-53.63854533	-52.14928004	-50.79778169	-49.53140779	-48.33178864	-47.13560709	-45.97457556	-44.88511609	-45.21479806	-42.61035626	-41.46753788	-40.35758258	-39.15212298	-37.9799223	-36.75337	-35.39290507	-33.98679952	-54.57304941	-54.12371612	-51.64533559	-50.25203064	-49.03592613	-47.80746802	-46.5964401	-45.46659453	-44.32410601	-43.21737099	-42.16323261	-41.07386719	-39.83370046	-38.70060986	-37.45882533	-36.16831728	-34.8322828	-33.4090011	-31.79763725	-55.05986389	-52.55076733	-51.14320548	-49.91412537	-48.66605363	-47.50323855	-46.27183296	-45.14469543	-44.05471467	-42.91166145	-41.9030859	-40.75096911	-39.57937935	-38.41391748	-37.24409876	-35.95928737	-34.64187788	-33.23028313	-31.64220939	-55.2713251	-53.64606418	-52.18691913	-50.85612438	-49.60835077	-48.38836743	-47.20974273	-46.08658266	-44.98679984	-43.84054518	-42.77213667	-41.68235245	-40.5750351	-39.5049402	-38.35693995	-37.17033308	-35.93910792	-34.68034267	-33.35744103	-31.98351509	-30.50134839	-55.85416434	-54.44375946	-52.0177259	-50.69591269	-49.44051626	-48.26025066	-47.11635719	-45.98698734	-44.90839128	-43.83184652	-42.74741375	-41.69606755	-40.65283158	-39.53842952	-38.44854597	-37.33149495	-36.19045174	-35.05333134	-33.82147685	-32.61020653	-31.35217059	-54.85828596	-53.35690892	-52.00933763	-50.63484133	-49.40639101	-48.27812196	-47.09769094	-46.04854758	-44.98100138	-43.92947868	-42.85277176	-41.82190134	-40.80079836	-39.77178964	-38.74044485	-37.69555132	-36.64227546	-35.59175901	-34.53830103	-33.49816316	-32.55071945	-54.8388344	-54.37362732	-52.03047054	-50.64275413	-49.4350724	-48.27222494	-47.21443048	-46.11535388	-45.07991111	-44.09772413	-43.09399939	-42.10211141	-41.11547254	-40.1872518	-39.17781995	-38.23743161	-37.308939	-36.40319527	-35.53956441	-34.64759167	-33.87767222	-55.81565565	-54.4655745	-52.13891073	-50.90536002	-49.64319325	-48.51534135	-47.40331748	-46.39442106	-45.36868344	-44.43463774	-43.41231516	-42.48866142	-41.54881041	-40.64202471	-39.7506068	-38.88246868	-38.07219982	-37.24129909	-36.53416284	-35.91649878	-35.41108203	-55.17531577	-53.72467548	-52.32849496	-51.12715511	-49.89758772	-48.81253943	-47.71131144	-46.69591607	-45.72131472	-44.79355018	-43.85660988	-43.01027983	-42.10888003	-41.28402232	-40.49989944	-39.6554966	-38.92063589	-38.25448793	-37.67921687	-37.19010392	-36.92297836	-55.51083921	-53.99274453	-52.63966751	-51.44315811	-50.24215856	-49.14756918	-48.11316579	-47.15882191	-46.19812754	-45.27828819	-44.41796675	-43.59216589	-42.75199604	-41.97607524	-41.23854417	-40.53702722	-40.00172387	-39.36996013	-38.94550802	-38.60180458	-38.46881852	-55.95492394	-54.45745982	-53.09389222	-51.87016525	-50.70927936	-49.61572793	-50.0243802	-47.65494226	-46.74078704	-45.86370335	-45.03683692	-44.24183983	-43.50524175	-42.81147692	-42.11079673	-41.5207047	-41.02919045	-40.54223969	-40.22269701	-40.04900735	-40.08591484	-56.5102589	-55.01947354	-53.64213634	-52.4007648	-51.2745462	-50.18926258	-49.20414555	-48.26623963	-47.41421765	-46.54586505	-45.76137478	-45.00583537	-44.31269323	-43.6887526	-43.07803593	-42.55938969	-42.12678016	-41.80041846	-41.5926471	-41.55848095	-41.74781565	-55.71652404	-54.3110663	-53.07084418	-51.9334632	-50.87237981	-49.90091273	-48.97934907	-48.12015539	-47.32064554	-46.56596474	-45.87382233	-45.26369265	-44.64738266	-44.13634177	-43.70133917	-43.36157975	-43.13059357	-43.05218175	-43.17533355	-56.54021305	-55.14597819	-53.87031198	-52.71345703	-51.65074196	-50.72571115	-49.80206624	-48.96748226	-48.19397513	-47.47905796	-46.83233448	-46.25560006	-45.72300599	-45.28401906	-44.93292282	-44.68460484	-44.55350941	-44.58402373	-44.81042827	-56.04755329	-54.76847351	-53.64370276	-52.54753472	-51.59306393	-50.71446224	-49.90542	-49.16709434	-48.51542169	-47.8839703	-47.34929951	-46.88765037	-46.51888345	-46.23377233	-46.08437424	-46.0485602	-46.20596173	-55.84900576	-54.68147645	-53.5880037	-52.62387044	-51.75531075	-50.96387248	-50.24987008	-49.61322913	-49.0413755	-48.55823999	-48.17049718	-47.85963577	-47.6578024	-47.59542265	-47.6759334	-55.87262212	-54.75899764	-53.86074462	-52.93384336	-52.16101404	-51.45897119	-50.85373479	-50.3285071	-49.90486477	-49.5577164	-49.31618635	-49.20460738	-49.24633865	-55.14097722	-54.26645164	-53.498406	-52.83747513	-52.25919498	-51.77194537	-51.38892093	-51.11564508	-50.95655947
S22-5.1MHz(dB)	-36.44376923	-36.41839493	-36.4314274	-36.43758475	-36.43842214	-36.43859512	-36.43873353	-36.42220966	-36.40718978	-36.41378324	-36.46863265	-36.45211179	-36.47210095	-36.47424642	-38.12094805	-36.46959131	-36.47508193	-36.46577147	-36.48818907	-36.47526346	-36.43480777	-36.41425518	-36.44836347	-36.44608748	-36.46084381	-36.47198891	-36.48259119	-36.48556562	-36.49918998	-36.47198072	-36.48526476	-38.09089313	-36.47092802	-36.47211503	-36.44527653	-36.43448749	-36.39947096	-36.43962678	-36.46233905	-36.48693858	-36.50910378	-36.52524369	-36.5678371	-36.57978659	-36.59351416	-38.23527485	-36.56845704	-36.59921476	-36.56861	-36.55828768	-36.5596468	-36.55463381	-36.51507828	-36.48936812	-36.53667829	-38.24613525	-36.57113772	-36.58387168	-36.60014449	-36.61171452	-36.60560001	-36.65028327	-36.6150709	-36.60228881	-36.62568401	-36.62618715	-36.59441338	-36.60303952	-36.59078568	-36.57078173	-36.54666806	-36.52523971	-36.49801149	-38.24700786	-36.55289599	-36.60292759	-36.59786622	-36.60928189	-36.61667633	-36.64652896	-36.62234325	-36.62149717	-36.60608802	-36.6548035	-36.61982863	-36.60931692	-36.59927265	-36.58885347	-36.56404636	-36.54936014	-36.53384429	-36.49523845	-36.49411964	-36.5211637	-36.5453282	-36.57169994	-36.58702521	-36.59848412	-36.63437629	-36.61057333	-36.61632699	-36.61082205	-36.60372703	-36.60713566	-36.63902486	-36.60373254	-36.59378065	-36.58430739	-36.56761654	-36.53993846	-36.54735696	-36.52981977	-36.46048765	-38.17106186	-38.19899514	-36.57619478	-36.56352103	-36.58081117	-36.58923433	-36.62919934	-36.60175285	-36.63284006	-36.63868775	-36.58921805	-36.59991309	-36.59546546	-36.62040207	-36.60086294	-36.56452993	-36.5780837	-36.52638586	-36.50480249	-36.47927931	-36.44503967	-36.47200653	-36.50069558	-36.53382135	-36.53767274	-36.54760666	-36.5652884	-36.56633652	-36.58223446	-36.58103337	-36.60550423	-36.56653688	-36.5758449	-36.57109369	-36.59648483	-36.56052259	-36.55231288	-36.54602339	-36.52394151	-36.54242823	-36.49525789	-36.48132479	-36.51575479	-38.23810186	-36.58903599	-36.59876488	-36.6233407	-36.64207207	-36.6568225	-36.66780093	-36.67060331	-36.67901843	-36.66901509	-36.67632127	-36.67053418	-36.67528444	-36.66129736	-36.68460841	-36.64177423	-36.6250421	-36.60847211	-36.57592071	-36.54407969	-38.27734444	-38.28645781	-36.62264965	-36.67285853	-36.64716652	-36.65212082	-36.6941046	-36.70430112	-36.66645351	-36.6729802	-36.67186541	-36.66844225	-36.65987756	-36.65253687	-36.64417451	-36.6269404	-36.61312686	-36.61908105	-36.57724476	-36.54853681	-36.52141533	-36.55973053	-36.57070773	-36.61145759	-36.63548349	-36.64256864	-36.62619249	-36.62899533	-36.62490231	-36.6358354	-36.63601405	-36.66769794	-36.63882235	-36.63099183	-36.62756168	-36.6160536	-36.60801005	-36.59355262	-36.56321488	-36.5417726	-36.55001199	-36.49456336	-36.50454464	-36.55837905	-36.58412335	-36.57245239	-36.58111116	-36.58902136	-36.59491831	-36.61213878	-36.64173252	-36.60746947	-36.61257435	-36.63765299	-36.63685362	-36.59728432	-36.58761158	-36.57805607	-36.56938756	-36.52898164	-36.51102095	-36.48547582	-36.45884732	-36.46948386	-36.51778036	-36.50839908	-36.53407767	-36.53993693	-36.5479675	-38.24679963	-36.56541759	-36.59253142	-36.57271466	-36.57761523	-36.61411187	-36.58020871	-36.58268481	-36.57296846	-36.55788597	-36.56119353	-36.54252794	-36.52527555	-36.52084395	-36.52413486	-36.50568823	-36.54721207	-36.57250264	-36.59774466	-36.61507449	-36.62678909	-36.63915765	-36.65272312	-36.69899228	-36.66509252	-36.66371946	-36.69478797	-36.6970802	-36.68647146	-36.64641923	-36.63566396	-36.65831024	-36.60898467	-36.62251749	-36.56078018	-36.55031065	-36.55081722	-36.57660517	-36.59467394	-36.60732725	-36.62117999	-36.63058696	-36.63389585	-36.6432186	-36.6452289	-36.64488491	-36.64421734	-36.6425867	-36.64040561	-36.62400216	-36.61146963	-36.59146274	-36.57654871	-36.59136075	-36.53701956	-36.55404325	-36.57819576	-36.59245886	-36.58502298	-36.59583849	-36.60979595	-36.60896496	-36.61238757	-36.61278733	-36.61603126	-36.61429013	-36.63360725	-36.60112321	-36.6256046	-36.58053417	-36.56946825	-36.53878811	-36.51627381	-36.48994446	-36.53373265	-36.52667482	-36.54658791	-36.55399999	-36.56978519	-36.57339764	-36.60658952	-36.5786762	-36.57835857	-36.57760802	-36.56950189	-36.59969687	-36.58215622	-36.57379873	-36.52703899	-36.50320603	-36.48170119	-36.48750775	-36.50496267	-36.5189397	-36.52454972	-36.55644572	-36.53598919	-36.53621332	-36.54169619	-36.53761587	-36.56494356	-36.52682954	-36.54406927	-36.49971129	-36.48128094	-36.46469611	-36.45796554	-36.50443831	-36.49812646	-36.49838879	-36.49882556	-36.50554441	-36.50482983	-36.5073409	-36.49691278	-36.48866388	-36.47980306	-36.45761	-36.43682649	-36.4436522	-36.45457687	-36.45774194	-36.45912701	-36.45725547	-36.48728399	-36.45181549	-36.44276396	-36.43137032
S12-S52	-3.04565E-05	-0.000520073	-0.001076774	-0.001724961	-0.00241831	-0.003205096	-0.004036701	-0.005007895	-0.006040723	0.001066091	0.000674799	0.000184484	-0.000383923	-0.001047441	-0.001519668	-0.002638492	-0.00352684	-0.004564325	-0.005694372	-0.006945148	-0.008344922	-0.009943984	0.001892191	0.00152981	0.001055259	0.000487473	-0.000179787	-0.00093814	-0.001770303	-0.00274955	-0.003784599	-0.004086937	-0.006298486	-0.007693624	-0.009461388	-0.011406869	-0.013618394	0.002831149	0.002531188	0.002094248	0.001553848	0.000887637	0.000133816	-0.000720484	-0.001658046	-0.002285697	-0.003904751	-0.005223071	-0.006662441	-0.008369659	-0.010235996	-0.012432457	-0.015153261	-0.018389069	0.003910457	0.002994376	0.003292218	0.002797169	0.002140879	0.001389832	0.000537672	-0.000414557	-0.001476719	-0.002636396	-0.003889395	-0.005263398	-0.006923224	-0.008677042	-0.010758646	-0.01320066	-0.016079251	-0.019583941	-0.02420103	0.004061668	0.0047121	0.004236991	0.003588385	0.002843128	0.001990481	0.001035267	-1.57232E-05	-0.00114919	-0.002416833	-0.003726881	-0.005230263	-0.006906758	-0.008775613	-0.010861132	-0.013364631	-0.016297685	-0.019862835	-0.024512416	0.006509588	0.006337914	0.00593645	0.005304006	0.004547874	0.003657555	0.002693441	0.00163071	0.000485159	-0.00075395	-0.002058674	-0.003484968	-0.005037224	-0.006700136	-0.008582666	-0.010731857	-0.013189738	-0.016025534	-0.019380532	-0.023374669	-0.028342394	0.006577286	0.006343112	0.007287069	0.006522875	0.005604433	0.004578312	0.003471423	0.002288903	0.001062249	-0.000247963	-0.001626589	-0.003087799	-0.004633781	-0.006353393	-0.008199038	-0.0102563	-0.012550913	-0.015096981	-0.018122779	-0.021500452	-0.025448248	0.01020267	0.009650135	0.008790381	0.007879222	0.006777608	0.005553667	0.004341108	0.003020152	0.001689653	0.000319171	-0.001107156	-0.002597158	-0.004154606	-0.005812289	-0.007578712	-0.009507394	-0.011606622	-0.013887245	-0.016390297	-0.019120828	-0.021875539	0.012612388	0.009508127	0.010587692	0.009430823	0.008070465	0.006668091	0.005225478	0.003824326	0.002384746	0.000935323	-0.000516776	-0.002017706	-0.003553817	-0.005125351	-0.006824062	-0.008562817	-0.010396995	-0.012308232	-0.014270252	-0.016424071	-0.018465833	0.012475297	0.01137956	0.012507569	0.010855464	0.009324696	0.007689742	0.006148579	0.004569865	0.003062288	0.001560197	8.59565E-05	-0.001395762	-0.002898569	-0.004426584	-0.005969585	-0.007557059	-0.009144786	-0.010816836	-0.012389896	-0.013853048	-0.015152819	0.018649284	0.016554882	0.01461554	0.01250069	0.010617717	0.008727728	0.007009267	0.00533056	0.003731505	0.002185692	0.000697406	-0.000763418	-0.002209654	-0.003633709	-0.005039886	-0.006502043	-0.007904545	-0.009252898	-0.010499515	-0.011630664	-0.012420096	0.022196577	0.019406477	0.016640842	0.014072581	0.01179708	0.009713538	0.007781809	0.005970514	0.004325013	0.002761259	0.001268904	-0.00015012	-0.001541978	-0.002887041	-0.004189036	-0.005456961	-0.006579717	-0.007762355	-0.008726989	-0.00955886	-0.010091227	0.025784675	0.021856233	0.018439448	0.015385138	0.012789745	0.010464675	0.006684359	0.006540381	0.004845907	0.003265339	0.001800626	0.000413541	-0.000907465	-0.002151292	-0.003350736	-0.004456316	-0.005465145	-0.006417895	-0.007196085	-0.007778175	-0.008092319	0.029018512	0.02382524	0.019772246	0.016334917	0.013461854	0.010983758	0.008831836	0.006935057	0.00520684	0.003665027	0.002231196	0.000899519	-0.000342591	-0.001483995	-0.002574115	-0.003565444	-0.004449132	-0.005206553	-0.005829935	-0.006247946	-0.006424799	0.024880751	0.020368834	0.016684457	0.013701357	0.011180427	0.009021287	0.007124006	0.005446405	0.003940143	0.002562547	0.001306306	0.00015219	-0.000916508	-0.001880768	-0.002751635	-0.003514822	-0.004151763	-0.004639893	-0.004917219	0.024594184	0.019978802	0.016399689	0.013457707	0.011017184	0.008896412	0.007112871	0.00551083	0.004071791	0.002781845	0.001611085	0.000551983	-0.000418193	-0.001281745	-0.002042461	-0.002700759	-0.003233467	-0.003620525	-0.003843526	0.018752095	0.015470516	0.012695445	0.010507825	0.008571276	0.006883613	0.005402504	0.004079527	0.002880895	0.001812362	0.000843443	-2.28896E-05	-0.00078862	-0.001467218	-0.002024846	-0.00247416	-0.002778277	0.013862814	0.011593936	0.009670256	0.007970051	0.00646966	0.005140867	0.003948871	0.002877718	0.001908596	0.001043215	0.00027671	-0.000395776	-0.000986062	-0.001460077	-0.001831973	0.010144767	0.008580292	0.007086611	0.005879176	0.004737862	0.00369163	0.002755759	0.001906017	0.0011522	0.000477128	-0.000104301	-0.000607908	-0.001008839	0.006199635	0.00517213	0.004215875	0.00334375	0.002547704	0.001824357	0.001175985	0.000598604	0.00010801
S12+S52	0.005710787	0.006138894	0.006496623	0.006886681	0.007322819	0.007790924	0.00827705	0.008898292	0.009570287	0.005856354	0.006264721	0.006663046	0.007018863	0.007465762	0.006758825	0.008413335	0.008880637	0.009524835	0.010240718	0.01105977	0.012017477	0.013199005	0.006408954	0.006844849	0.0072225	0.007628597	0.008019541	0.008428802	0.008840635	0.009420242	0.009967657	0.008938593	0.011508492	0.01238156	0.013701108	0.01515362	0.0168875	0.00699124	0.007469357	0.007863784	0.008228976	0.008551373	0.008929095	0.009332644	0.009738525	0.008686412	0.010903787	0.011667841	0.012530913	0.013681116	0.01500078	0.016631952	0.018839367	0.02157687	0.007646205	0.006928465	0.008525369	0.008940847	0.009207856	0.009530436	0.00989621	0.010244046	0.010680233	0.011172579	0.011701404	0.012410674	0.013463384	0.0145503	0.016038512	0.017888869	0.020179752	0.023131012	0.027220872	0.007593799	0.009427208	0.009781585	0.009975779	0.010217539	0.010421267	0.010750167	0.011045298	0.011390716	0.011886818	0.012337933	0.013113209	0.014085591	0.015231179	0.016606743	0.018482156	0.020764934	0.023740112	0.027837926	0.009956766	0.010494404	0.010853267	0.011034919	0.011164132	0.011271533	0.01141397	0.011555033	0.011749091	0.012098997	0.012476598	0.012993331	0.013681586	0.014472893	0.015582122	0.016970285	0.018731123	0.020873319	0.023588734	0.026958496	0.03135599	0.009800742	0.010134882	0.0123006	0.012360475	0.012349778	0.012305428	0.012286217	0.012327676	0.012428321	0.012617863	0.012950114	0.013364501	0.01391812	0.014738158	0.015712235	0.016936583	0.01845949	0.020250903	0.022611136	0.025329064	0.028679688	0.013817731	0.013947325	0.013808756	0.013758012	0.013549507	0.013264901	0.013174865	0.012988027	0.012961106	0.013041191	0.013293803	0.013618513	0.014083935	0.014720149	0.015542348	0.016569294	0.017831915	0.019336	0.021116929	0.023157893	0.025275799	0.016235554	0.013330637	0.015593872	0.01530426	0.014820039	0.014384563	0.013941302	0.01371583	0.013528575	0.013413288	0.013489737	0.01368319	0.014035799	0.014448101	0.015161572	0.01593675	0.016866596	0.017951859	0.019153236	0.020614175	0.022005395	0.015713076	0.01516182	0.017451637	0.016553983	0.015914467	0.015193226	0.014676912	0.014148618	0.013841719	0.013563427	0.013588458	0.013621713	0.013835035	0.014148414	0.014612987	0.015189021	0.015825298	0.016659894	0.01741735	0.018151011	0.018768747	0.022134777	0.020673924	0.019452865	0.018055538	0.017017284	0.015978813	0.015240491	0.014582529	0.014082075	0.01370304	0.013526604	0.01337875	0.013479011	0.013617871	0.01384155	0.014307147	0.014741804	0.015198607	0.015626259	0.016008494	0.016082281	0.025549998	0.023400336	0.021307937	0.019428969	0.017947745	0.016690262	0.015640889	0.014742318	0.014122701	0.013653458	0.013295194	0.013075672	0.013027037	0.013043342	0.013153108	0.013343939	0.013416314	0.013742276	0.013854605	0.01393421	0.013764303	0.028970954	0.025642027	0.022868751	0.020484569	0.018618369	0.017075317	0.012991187	0.014825198	0.014050204	0.013447614	0.012999856	0.012686182	0.01245135	0.012318296	0.012334468	0.012331522	0.012300071	0.012371725	0.012297654	0.0121093	0.01171083	0.032007451	0.027373834	0.023930617	0.02113216	0.018923237	0.017171994	0.015763264	0.014656848	0.013724476	0.013078215	0.012534138	0.012138792	0.011830345	0.011595542	0.011458164	0.011330242	0.011207235	0.011049274	0.010819428	0.010467038	0.009929774	0.028155694	0.024218975	0.021125529	0.018763761	0.016900624	0.015418405	0.014237165	0.013299164	0.012550035	0.011953977	0.011476726	0.011062708	0.010796296	0.010541844	0.010308962	0.01006678	0.009795864	0.009434216	0.00895875	0.027572834	0.023476088	0.020450243	0.018085321	0.016247079	0.01471402	0.013583205	0.012633714	0.011858093	0.011236134	0.01071888	0.010285056	0.009930362	0.00960327	0.009291556	0.008961958	0.00860661	0.00817803	0.007651464	0.021904575	0.019123151	0.016853066	0.015224688	0.013836015	0.01270876	0.011796304	0.011040585	0.010384309	0.00988158	0.009424979	0.009027087	0.008653854	0.008290345	0.007902	0.007493701	0.007010578	0.017088185	0.015283339	0.013854624	0.012645642	0.011636969	0.010801127	0.010094078	0.009490262	0.008971141	0.00850973	0.008084086	0.007696081	0.007296026	0.006881705	0.006432846	0.013361381	0.012236915	0.011141629	0.010390851	0.009669365	0.009038276	0.008488248	0.00799584	0.007546408	0.007132069	0.006738292	0.006323151	0.005889	0.009698934	0.009042098	0.008443629	0.00790576	0.007423777	0.00698178	0.006565925	0.006160819	0.005773037
(S12-S52)/(S12+S52)	-0.00533315	-0.084717628	-0.165743585	-0.250477787	-0.330243043	-0.411388427	-0.487698054	-0.562792869	-0.631195649	0.182040121	0.107714097	0.027687598	-0.0546988	-0.140299242	-0.224842038	-0.313608309	-0.397138222	-0.479202504	-0.556052034	-0.627965	-0.694398856	-0.753388907	0.295241708	0.223497912	0.146107118	0.063900801	-0.022418661	-0.111301681	-0.200246108	-0.291876788	-0.379687986	-0.457223744	-0.547290294	-0.621377578	-0.690556397	-0.752748797	-0.806418575	0.404956729	0.338876234	0.266315558	0.188826377	0.103800503	0.01498651	-0.077200433	-0.17025641	-0.263134732	-0.358109635	-0.447646783	-0.531680412	-0.611767251	-0.682364225	-0.747504355	-0.80434022	-0.852258427	0.511424579	0.432184617	0.386167259	0.312852767	0.232505716	0.145830923	0.054331111	-0.040468096	-0.138266508	-0.23597023	-0.332387009	-0.42410254	-0.514226106	-0.596347961	-0.670800739	-0.737925904	-0.796801235	-0.846653017	-0.889061504	0.534866388	0.499840473	0.433160001	0.359709744	0.278259588	0.191001832	0.096302389	-0.001423516	-0.100888261	-0.203320449	-0.302066895	-0.398854593	-0.490342083	-0.576161103	-0.654019421	-0.723109946	-0.784865717	-0.836678222	-0.880540309	0.653785366	0.603932691	0.54697355	0.480656571	0.407364754	0.324494885	0.235977559	0.141125542	0.041293332	-0.06231509	-0.165002876	-0.268212074	-0.368175438	-0.462943795	-0.55080215	-0.632391082	-0.704161618	-0.76775207	-0.821601196	-0.867061304	-0.903890896	0.671100803	0.625869315	0.592415723	0.527720381	0.453808377	0.372056279	0.282546167	0.185671914	0.085469995	-0.019651717	-0.125604219	-0.231044855	-0.332931549	-0.431084617	-0.521825089	-0.6055708	-0.679916585	-0.74549669	-0.801497962	-0.848845094	-0.887326523	0.738375168	0.691898622	0.636580233	0.572700635	0.500210693	0.418673828	0.329499247	0.232533518	0.130363304	0.024474075	-0.083283627	-0.190707884	-0.294989004	-0.394852565	-0.487616946	-0.573795941	-0.650890428	-0.718206695	-0.776168577	-0.82567216	-0.865473675	0.776837528	0.713253766	0.678964914	0.61622211	0.544564338	0.463558846	0.374819923	0.278825741	0.176274763	0.06973105	-0.038308854	-0.14745872	-0.253196661	-0.354742173	-0.450089362	-0.537300094	-0.616425211	-0.685624341	-0.745056958	-0.796736767	-0.839150289	0.793943653	0.750540557	0.716698887	0.65576147	0.585925734	0.506129661	0.418928689	0.322990233	0.22123613	0.115029723	0.006325699	-0.102465948	-0.209509301	-0.312867839	-0.408512328	-0.497534318	-0.577858723	-0.649274019	-0.71135368	-0.763210795	-0.80734309	0.842533178	0.800761477	0.751330981	0.692346546	0.623937214	0.546206251	0.459910841	0.365544252	0.264982598	0.159504176	0.051558093	-0.057062016	-0.163932921	-0.266833828	-0.364112859	-0.454461187	-0.536199324	-0.608799056	-0.671914802	-0.726530798	-0.77228444	0.868750649	0.829324701	0.780969182	0.724309165	0.65730152	0.581988354	0.49752985	0.404991555	0.306245441	0.202238795	0.095440801	-0.011480877	-0.118367543	-0.221342148	-0.318482587	-0.4089468	-0.490426539	-0.564852182	-0.629898043	-0.685999383	-0.733144752	0.890018153	0.852359791	0.80631636	0.751059876	0.686942295	0.612853955	0.514530263	0.441166559	0.344899371	0.242819186	0.138511242	0.032597788	-0.072880826	-0.174641994	-0.271656293	-0.361375996	-0.444318162	-0.518755081	-0.585159197	-0.642330677	-0.691011612	0.906617401	0.870365471	0.826232208	0.772988496	0.711392742	0.639632065	0.560279642	0.47316158	0.379383487	0.280239081	0.17800951	0.074102822	-0.028958683	-0.127979789	-0.224653317	-0.314683837	-0.396987441	-0.471212253	-0.538839498	-0.596916307	-0.647023699	0.883684511	0.841027897	0.789777016	0.730203109	0.661539292	0.585098596	0.500380912	0.409529921	0.313954735	0.214367693	0.113822166	0.013757015	-0.084890964	-0.178409731	-0.266916826	-0.349150599	-0.423828109	-0.491815453	-0.548873364	0.8919716	0.851027755	0.801931267	0.744123194	0.67810249	0.604621465	0.523651913	0.436200292	0.34337653	0.247580273	0.150303456	0.053668425	-0.042112559	-0.133469618	-0.219819038	-0.301358152	-0.375695792	-0.44271355	-0.502325586	0.856081211	0.808994067	0.753301819	0.690183271	0.619490253	0.541643161	0.457982821	0.369502775	0.277427728	0.183408068	0.089490158	-0.002535658	-0.091129374	-0.176979152	-0.25624481	-0.330165318	-0.396297839	0.811251389	0.758599639	0.697980439	0.630260711	0.555957456	0.475956526	0.391206713	0.303228542	0.212748426	0.122590786	0.034228944	-0.051425701	-0.135150622	-0.21216797	-0.284784162	0.759260395	0.701181022	0.636048029	0.565803124	0.489986879	0.40844406	0.32465579	0.238376138	0.152681863	0.066899011	-0.015478779	-0.096140057	-0.171309052	0.639207816	0.572005492	0.499296576	0.422951128	0.343181593	0.261302608	0.179104185	0.097163053	0.018709369
S32-S42	0.028459412	0.025607537	0.021902709	0.018378417	0.015208294	0.012426458	0.009996693	0.008073247	0.006421015	0.024220829	0.024424016	0.023452875	0.021349568	0.019043619	0.013442589	0.013989997	0.01154046	0.009536067	0.007755311	0.006220509	0.004923099	0.00385611	0.018377241	0.01963516	0.019871398	0.019354586	0.018080408	0.016351709	0.014329955	0.012470234	0.010499842	0.007046038	0.007214841	0.005780148	0.004651098	0.0036467	0.002788309	0.013606167	0.015134717	0.016050645	0.016319657	0.01591367	0.015066411	0.013832321	0.012292811	0.008747019	0.009232843	0.007785468	0.00640499	0.00522907	0.004155599	0.003237748	0.002480635	0.001843266	0.009947851	0.009251298	0.012384832	0.013192796	0.013336171	0.013127409	0.012562702	0.011607777	0.010477618	0.00921036	0.007859268	0.006609408	0.00552831	0.004455481	0.003528674	0.002728515	0.00203954	0.001468259	0.001023347	0.006790511	0.009439984	0.010265307	0.010687109	0.010859834	0.01063495	0.010243989	0.0095051	0.008580984	0.00758909	0.00644586	0.005444785	0.004477122	0.003576617	0.002756998	0.002069193	0.001475645	0.000998572	0.000623361	0.006065209	0.007001795	0.007800595	0.008363217	0.008686502	0.008768043	0.008613375	0.008193991	0.007574109	0.00684776	0.005991448	0.005103774	0.004228328	0.003363539	0.002590326	0.001902397	0.001316239	0.000818418	0.000421708	0.000125649	-8.63127E-05	0.004028264	0.004589708	0.006287004	0.006693817	0.006912084	0.006923596	0.006727422	0.006356294	0.005816599	0.005167435	0.004450952	0.003681947	0.002905049	0.002198069	0.001525245	0.000940518	0.000442743	4.81144E-05	-0.000244056	-0.000458826	-0.000577943	0.004099464	0.004583	0.004935907	0.005237556	0.005341162	0.005251585	0.005055297	0.004663594	0.004163959	0.003569973	0.002935869	0.00225377	0.001581083	0.000950404	0.000378046	-0.000111492	-0.000517087	-0.000812979	-0.001014048	-0.001123519	-0.001143524	0.003241432	0.00283464	0.003785901	0.003956954	0.003950076	0.003808264	0.003519938	0.003131985	0.002641477	0.002058951	0.001447643	0.000817315	0.000199534	-0.000357187	-0.000851632	-0.001256659	-0.001569378	-0.001760195	-0.001856959	-0.00187471	-0.001797307	0.001932032	0.002081197	0.002745417	0.002741299	0.002666862	0.00243108	0.00210398	0.001664396	0.001148335	0.0005653	-3.71579E-05	-0.000650013	-0.001225207	-0.001746014	-0.002179048	-0.002518894	-0.002730303	-0.002843128	-0.002819485	-0.002702943	-0.002497016	0.001744787	0.001808128	0.001814696	0.001699033	0.001500071	0.001190276	0.000796119	0.00029602	-0.000274003	-0.000882202	-0.001518734	-0.002124024	-0.00270227	-0.00319418	-0.003585311	-0.003887386	-0.004029748	-0.004023372	-0.003891532	-0.003646464	-0.003293899	0.001108715	0.001078688	0.000962982	0.000753211	0.00044495	5.62898E-05	-0.000440658	-0.001009155	-0.00164224	-0.002320196	-0.003003591	-0.003647689	-0.004265814	-0.004769308	-0.005146653	-0.005383608	-0.00538454	-0.00532714	-0.00505181	-0.004679039	-0.004176277	0.000540695	0.000412805	0.000200638	-9.82288E-05	-0.000501387	-0.001000259	-0.001352226	-0.002262257	-0.002987972	-0.003755567	-0.004532152	-0.005268264	-0.005906301	-0.006437054	-0.006852189	-0.007039973	-0.006989294	-0.006816079	-0.006406087	-0.00582625	-0.005122141	4.29521E-05	-0.000166931	-0.000472556	-0.000871499	-0.001368258	-0.001969619	-0.002660914	-0.003444907	-0.004283374	-0.005176114	-0.006071247	-0.006936915	-0.007702484	-0.008310944	-0.008752644	-0.008934653	-0.008850985	-0.008496726	-0.007902142	-0.007102337	-0.006156892	-0.000655242	-0.00104594	-0.00152707	-0.00212812	-0.002826129	-0.003639872	-0.004553398	-0.005550917	-0.006597564	-0.007660521	-0.008695585	-0.009584871	-0.010380134	-0.010886587	-0.011089431	-0.01092573	-0.010424404	-0.009594125	-0.008485132	-0.001046935	-0.001508677	-0.002085161	-0.002770429	-0.003585498	-0.004508609	-0.0055866	-0.006749984	-0.007996384	-0.00929043	-0.010557621	-0.011710732	-0.012688309	-0.013335064	-0.013582085	-0.013355726	-0.012655635	-0.011539277	-0.01008905	-0.001872447	-0.002515695	-0.003272751	-0.004217225	-0.005275192	-0.006495665	-0.007866439	-0.00936219	-0.010903433	-0.012520976	-0.014016823	-0.015308074	-0.016205736	-0.016571858	-0.016280844	-0.015345493	-0.013807246	-0.002807788	-0.003670659	-0.004697464	-0.005889094	-0.007276447	-0.008854386	-0.010640359	-0.01255543	-0.014563104	-0.016543146	-0.018306068	-0.019614243	-0.020213843	-0.019899709	-0.018630159	-0.003890098	-0.004995497	-0.006241947	-0.007838516	-0.00965108	-0.011725989	-0.014082645	-0.01663107	-0.019272125	-0.021758851	-0.02373765	-0.024779515	-0.024505643	-0.006476642	-0.008156791	-0.01017326	-0.012573555	-0.015389595	-0.018600493	-0.022132298	-0.025692969	-0.028812304
S32+S42	0.031464079	0.028817453	0.025284532	0.021896467	0.018810169	0.016073813	0.013635153	0.011656868	0.009901608	0.02721961	0.027728377	0.027022782	0.025144342	0.023053621	0.017515744	0.018270409	0.015882474	0.013879211	0.01205069	0.010408471	0.008934392	0.007636052	0.021546775	0.02315424	0.023730031	0.023527876	0.022520899	0.021038783	0.019185556	0.017487272	0.015585456	0.011885953	0.012278401	0.010711205	0.009429258	0.008170683	0.006987497	0.016843009	0.018792984	0.020123346	0.020772755	0.020718026	0.020184107	0.019226428	0.01789863	0.014146359	0.015127695	0.013724088	0.012293966	0.01101891	0.009747749	0.008552855	0.007473125	0.006424054	0.013178144	0.012931491	0.016568192	0.017834217	0.018398211	0.018601618	0.018429023	0.017785125	0.016947318	0.015868892	0.014622427	0.01341512	0.01234644	0.011141411	0.010034742	0.008953542	0.007876997	0.006843697	0.005864833	0.010420925	0.013630684	0.014991288	0.015907931	0.016572867	0.016808837	0.016867779	0.016514725	0.015886572	0.015166555	0.014142001	0.013246821	0.012291552	0.011277517	0.010224747	0.009236395	0.008228117	0.007237614	0.006290948	0.009577028	0.011097215	0.012494434	0.013635423	0.014531578	0.015168116	0.015559552	0.015624063	0.015434902	0.015130383	0.014567422	0.013898108	0.013147803	0.012262733	0.011401875	0.010495712	0.009582314	0.008618742	0.007654634	0.006680635	0.00571928	0.007821892	0.008914441	0.011458364	0.012524268	0.013393919	0.014034565	0.014445709	0.014655248	0.014637858	0.014441179	0.014122689	0.013609124	0.012983921	0.012346992	0.011586466	0.010766837	0.009904357	0.008972604	0.008060885	0.007085323	0.006127543	0.008335184	0.009523884	0.01057194	0.011631042	0.01247304	0.013072246	0.013635249	0.013867949	0.013974615	0.013933205	0.013789957	0.013469807	0.012995309	0.012459101	0.011801441	0.01106472	0.010266427	0.009392687	0.008470969	0.007513986	0.006517385	0.00781254	0.007819214	0.00991293	0.010949179	0.011774416	0.012457591	0.012951434	0.013373599	0.013594077	0.013639571	0.013586677	0.013397054	0.013084051	0.012594718	0.012100577	0.011419407	0.01064739	0.009792123	0.00885989	0.007932967	0.006940556	0.006525713	0.007374992	0.009342943	0.010216265	0.01111154	0.011822509	0.012465499	0.01288828	0.013243906	0.013391306	0.013541916	0.01345512	0.013286693	0.012952781	0.012490563	0.011909059	0.011157357	0.010362564	0.009415267	0.008397879	0.007350138	0.006907632	0.007867326	0.008884842	0.009743068	0.010638915	0.011359654	0.012070529	0.012632951	0.013081308	0.013378517	0.013606931	0.013619151	0.013597719	0.013357608	0.012941867	0.012488438	0.011819142	0.010981267	0.010024312	0.008994199	0.007837506	0.006498568	0.007499611	0.008446983	0.00933963	0.010227443	0.01104743	0.01179103	0.012401427	0.01298511	0.013459149	0.013783088	0.013970934	0.014079206	0.013964845	0.013683943	0.013231176	0.012457178	0.011707085	0.010695627	0.009606864	0.008396426	0.006112281	0.007078493	0.008043306	0.008961864	0.009893651	0.010757461	0.009882102	0.01234132	0.013042133	0.013649268	0.014149246	0.014521827	0.014690728	0.014690635	0.014571753	0.014152343	0.013451429	0.012636248	0.011572779	0.010337419	0.008989594	0.005730182	0.006673936	0.007656492	0.008621253	0.009579153	0.010512054	0.011438228	0.012324619	0.013120262	0.013943581	0.014611685	0.015179962	0.015556672	0.015713406	0.01568582	0.015337925	0.014691389	0.013763066	0.012581463	0.0111884	0.009654407	0.006280204	0.007263229	0.008261393	0.009275116	0.010286105	0.011313823	0.012336898	0.013345949	0.014316018	0.015210227	0.015983143	0.016534965	0.016990681	0.01706777	0.01679817	0.016156878	0.015138309	0.013775878	0.012135142	0.005861127	0.006843271	0.007879277	0.008945245	0.010047256	0.011161608	0.012365388	0.013563322	0.014745813	0.015908412	0.016980606	0.017864661	0.018523956	0.018794855	0.018649438	0.017982861	0.016829192	0.015247282	0.013306933	0.006420344	0.007475148	0.008561347	0.0097883	0.011038489	0.012372491	0.013782244	0.015241283	0.016671256	0.018134537	0.019392779	0.020433221	0.021005892	0.021016773	0.020336702	0.019006817	0.017038695	0.006984129	0.008159121	0.009440335	0.010813077	0.012311552	0.013944894	0.015705718	0.017547208	0.019422684	0.021213139	0.022736498	0.023775336	0.024069509	0.023410985	0.02177716	0.007643645	0.008981961	0.010378462	0.012119711	0.013982752	0.016046867	0.018337946	0.0207823	0.023273521	0.025559431	0.027292243	0.028077296	0.027497801	0.00993346	0.011732941	0.013796545	0.016205725	0.018970452	0.022111907	0.025500596	0.028890214	0.031800453
(S32-S42)/(S32+S42)	0.904504843	0.888612083	0.866249323	0.83933255	0.808514498	0.77308712	0.733155913	0.692574262	0.648482017	0.889830131	0.880831089	0.867892684	0.849080393	0.826057606	0.767457461	0.765718886	0.72661602	0.687075554	0.643557412	0.597639129	0.551027863	0.504987369	0.852899864	0.848015714	0.837394526	0.822623609	0.802827996	0.777217468	0.74691372	0.713103447	0.673694873	0.59280382	0.587604292	0.539635601	0.493262352	0.446315207	0.399042643	0.807822814	0.805338705	0.79761315	0.785627981	0.768107465	0.746449212	0.719443119	0.686801779	0.618323007	0.610327141	0.567284898	0.520986531	0.47455421	0.426313644	0.378557563	0.331940859	0.286931872	0.754874963	0.715408439	0.747506518	0.739746312	0.724862372	0.705713292	0.681680286	0.652667729	0.618246378	0.58040345	0.537480428	0.492683458	0.447765513	0.399902763	0.351645714	0.304741406	0.258923563	0.214541821	0.174488725	0.651622652	0.692553952	0.684751527	0.671810107	0.655277924	0.632699938	0.607311065	0.575553055	0.54014072	0.50038323	0.455795498	0.411025807	0.364243815	0.317145802	0.269639734	0.224026085	0.179341749	0.137969803	0.099088571	0.633308092	0.630950655	0.6243256	0.613344846	0.597767338	0.578057508	0.553574735	0.524446913	0.490713096	0.452583419	0.411290852	0.367227934	0.321599574	0.274289533	0.227184245	0.181254668	0.137361271	0.094957947	0.055091849	0.018807924	-0.015091535	0.514998645	0.514862196	0.548682501	0.534467702	0.51606135	0.493324585	0.46570386	0.433721342	0.397366811	0.357826413	0.315163248	0.27054987	0.223742065	0.178024662	0.131640209	0.087353225	0.044701875	0.005362362	-0.030276578	-0.064757187	-0.094318876	0.491826419	0.481211295	0.466887517	0.450308425	0.428216541	0.401735455	0.370752114	0.336285797	0.297965934	0.256220488	0.212899108	0.16732012	0.121665636	0.07628189	0.032033921	-0.010076353	-0.050366802	-0.086554521	-0.119708601	-0.149523738	-0.175457456	0.414901149	0.362522373	0.381915453	0.361392796	0.335479537	0.305698269	0.271779814	0.234191643	0.19431087	0.150954227	0.106548686	0.061007083	0.015250171	-0.028360046	-0.070379425	-0.11004595	-0.147395553	-0.179756178	-0.209591696	-0.236318879	-0.25895719	0.296064446	0.282196544	0.293849312	0.268326949	0.240008343	0.205631441	0.168784264	0.129140292	0.086706685	0.042213974	-0.002743918	-0.048309748	-0.092213073	-0.134798384	-0.174455585	-0.211510786	-0.24470874	-0.274365293	-0.299458814	-0.32186024	-0.33972365	0.252588339	0.229827491	0.204246312	0.174383772	0.140998521	0.104781032	0.065955577	0.023432346	-0.020946115	-0.065941724	-0.111614719	-0.155958644	-0.198729651	-0.239128183	-0.277031949	-0.311278783	-0.34095094	-0.366385052	-0.388209335	-0.405424003	-0.420273869	0.170609082	0.143832452	0.114003019	0.080646805	0.043505515	0.005095288	-0.037372304	-0.081374074	-0.126471011	-0.172388006	-0.217918593	-0.2610913	-0.302986811	-0.341522416	-0.376108919	-0.406888087	-0.432243992	-0.45503551	-0.47232478	-0.487051596	-0.497387501	0.088460456	0.058318144	0.024944712	-0.01096075	-0.050677673	-0.092982855	-0.136835888	-0.183307568	-0.229101451	-0.275147892	-0.320310528	-0.362782453	-0.402042763	-0.438173971	-0.470237806	-0.497442218	-0.519594949	-0.539406896	-0.553547882	-0.563607825	-0.569785572	0.007495773	-0.025012381	-0.061719643	-0.101087329	-0.142837037	-0.187367678	-0.232633446	-0.279514308	-0.326470125	-0.371218396	-0.415506287	-0.456978407	-0.495124132	-0.528907881	-0.557997219	-0.58252031	-0.602460725	-0.617357019	-0.628078148	-0.634794715	-0.637728627	-0.10433451	-0.144004876	-0.184844164	-0.229444059	-0.274752064	-0.321718969	-0.369087756	-0.415925244	-0.460851885	-0.503642788	-0.544047253	-0.579672889	-0.610931034	-0.637844677	-0.660157112	-0.676227769	-0.688610871	-0.6964438	-0.699219861	-0.178623446	-0.220461403	-0.264638579	-0.309709672	-0.356863386	-0.403939011	-0.451793349	-0.49766451	-0.542281688	-0.583994802	-0.621745823	-0.655525005	-0.684967582	-0.709506093	-0.728283854	-0.742691941	-0.752004948	-0.756808801	-0.758179978	-0.291642731	-0.336541164	-0.38227053	-0.430843444	-0.477890778	-0.52500862	-0.570766244	-0.614265184	-0.65402589	-0.690449161	-0.722785711	-0.749175771	-0.771485252	-0.788506322	-0.80056461	-0.807367842	-0.810346399	-0.402024006	-0.44988406	-0.497594992	-0.544627049	-0.591025986	-0.634955413	-0.677483109	-0.715522973	-0.749798746	-0.779853724	-0.805140168	-0.824982787	-0.839811213	-0.850015867	-0.855490771	-0.50893239	-0.556170003	-0.601432737	-0.646757665	-0.69021316	-0.730733843	-0.767951057	-0.800251659	-0.828070847	-0.85130418	-0.869758123	-0.882546346	-0.891185548	-0.652002621	-0.695204304	-0.737377328	-0.775871192	-0.811240307	-0.841198066	-0.86791294	-0.88933121	-0.906034371
Net Ana Temperature[]	21.33942612	21.32581927	21.33992989	21.38311348	21.38937679	21.35040769	21.38012724	21.41384835	21.44586082	21.49586861	21.46914048	21.44281226	21.39803168	21.39048559	21.44384575	21.44822643	21.42548689	21.40980525	21.39653856	21.42361465	21.40453389	21.42672553	21.37240976	21.35143599	21.31551805	21.35284342	21.36184108	21.35407427	21.35586082	21.35961309	21.36487406	21.38752012	21.38189301	21.37665282	21.40321735	21.38908595	21.42276552	21.48653337	21.52498572	21.5427006	21.56454687	21.62719813	21.66903142	21.71067775	21.7334952	21.77638795	21.79256816	21.81971955	21.8256349	21.84286419	21.84549468	21.84281226	21.82323293	21.82737471	21.89001818	21.91958452	21.8930979	21.82238639	21.77639574	21.75070891	21.76394443	21.7661932	21.74256557	21.75290574	21.7580187	21.77005713	21.75188003	21.73345365	21.69738769	21.70400415	21.76732537	21.74989353	21.77763438	21.72003376	21.67131135	21.67043625	21.65749416	21.64808881	21.63001558	21.62626331	21.5955518	21.61633082	21.61649701	21.61111659	21.61179174	21.60981044	21.63050117	21.63282524	21.647141	21.5955544	21.55507401	21.56901844	21.58380421	21.61522462	21.62104388	21.63502727	21.64133991	21.59816152	21.6150766	21.61355232	21.59391067	21.61987536	21.63721371	21.62390808	21.60431317	21.61385095	21.62759803	21.60183069	21.60413399	21.60693846	21.58393404	21.57883926	21.57422228	21.62303558	21.63705012	21.64664243	21.65702415	21.65097637	21.63412101	21.61184108	21.62123604	21.60720592	21.55043885	21.52283822	21.52070891	21.50535965	21.52474942	21.48364581	21.4551623	21.43599844	21.45306674	21.45605297	21.45306414	21.41335757	21.40326149	21.47579849	21.47146715	21.4788107	21.46220722	21.45518567	21.43038172	21.42910413	21.3747598	21.37820306	21.34141781	21.42359647	21.44683199	21.4614282	21.47735393	21.51375487	21.54507401	21.58060504	21.6021423	21.62697741	21.655557	21.77865489	21.80165931	21.86157362	21.88401974	21.90023371	21.91386133	21.92018956	21.90978447	21.89689172	21.86004674	21.84738769	21.83660348	21.86859257	21.84725786	21.80493378	21.79217865	21.83274474	21.81537782	21.8202363	21.81215528	21.78492599	21.80185147	21.77501428	21.72313425	21.67887562	21.70074786	21.71334199	21.71378603	21.70787588	21.72098156	21.73023371	21.67437549	21.63162036	21.64876655	21.68581407	21.64027266	21.64924695	21.58871722	21.62108543	21.591745	21.58162815	21.61755908	21.61641132	21.58194235	21.57703194	21.5779382	21.55749156	21.56080499	21.56371332	21.59647364	21.65084653	21.6476214	21.63526357	21.6188081	21.62370293	21.65297325	21.63969359	21.62762919	21.60848351	21.57894053	21.61459102	21.62854064	21.58755908	21.53386393	21.54076344	21.53311607	21.50447157	21.51134251	21.54929888	21.53438847	21.52483511	21.57331602	21.53383537	21.50274474	21.47919761	21.43518047	21.42618021	21.38156323	21.37280187	21.39394703	21.41917424	21.45508439	21.45085952	21.44445079	21.45997403	21.44923656	21.44641911	21.45566346	21.44990911	21.41385095	21.44275773	21.43304856	21.46144897	21.49119709	21.49337834	21.50185926	21.54806803	21.55493638	21.60363802	21.61827318	21.66419112	21.69367956	21.7465074	21.761745	21.78089847	21.85471306	21.88762399	21.89569203	21.90578291	21.88396001	21.87762659	21.83875097	21.80306933	21.77741366	21.80956115	21.80654116	21.81323033	21.82522202	21.84104388	21.79795897	21.79334978	21.84612568	21.85717736	21.8219839	21.81921838	21.81323552	21.8377019	21.83414957	21.81393404	21.83054012	21.86838743	21.83471566	21.79701896	21.80256297	21.81580109	21.80056868	21.81250844	21.78200467	21.7415866	21.77041807	21.75358348	21.79132693	21.81829135	21.78181771	21.75461958	21.67176318	21.69495715	21.71352376	21.69115814	21.71717216	21.76465334	21.74915866	21.77453648	21.74692028	21.69589457	21.72791223	21.71704233	21.67616983	21.69567125	21.68975331	21.72080239	21.68492859	21.6546845	21.62969878	21.55538042	21.58681641	21.58862373	21.61184887	21.6069021	21.55648922	21.58569203	21.6145209	21.64178395	21.60185406	21.60171124	21.59777201	21.61557777	21.59268502	21.56875097	21.56286938	21.5515866	21.58345365	21.56706829	21.59845235	21.61459621	21.59105427	21.60840042	21.53950922	21.5401558	21.57526357	21.5619839	21.50395222	21.48133991	21.48736172	21.52628928	21.51432355	21.49767333	21.52872501	21.50872241	21.49971955	21.48518826	21.49982342	21.51344326	21.4719839	21.46014801	21.46644768	21.45607115	21.51541158	21.5346014	21.5318281	21.50589717	21.46521683	21.45970397	21.45582446	21.4305531	21.43406388	21.43869644	21.4372189
BPM Temperature[]	19.25003895	19.21373669	19.2072189	19.19914308	19.18210854	19.17314983	19.167463	19.18387432	19.1790444	19.17579849	19.15320696	19.13939237	19.12518826	19.13323812	19.12685017	19.1013503	19.09376785	19.08732797	19.09696183	19.10708907	19.12638276	19.118255	19.13591275	19.14302778	19.15354453	19.16091924	19.13983381	19.13775643	19.12370813	19.12739548	19.13469229	19.15871202	19.16624253	19.21423007	19.2776162	19.35253181	19.43869125	19.63941833	19.70171384	19.7593612	19.80163594	19.84588419	19.88257595	19.90667359	19.92521423	19.95512854	19.97242275	19.99927292	20.02305895	20.029369	20.00781615	19.93227733	19.87561672	19.77886263	19.58408206	19.54603999	19.53090106	19.5111919	19.49693586	19.48761361	19.46709945	19.4703973	19.45598546	19.44196313	19.42537003	19.41918982	19.41970917	19.41719034	19.40903661	19.39981823	19.38631524	19.38615944	19.38197871	19.35962088	19.36652817	19.3676967	19.35611529	19.34933783	19.32939496	19.31770969	19.33326409	19.31807323	19.3097637	19.31581407	19.34396261	19.35666061	19.36042586	19.35263568	19.3621397	19.34655934	19.35873799	19.36793041	19.35421968	19.34752012	19.35120748	19.33773046	19.34154765	19.3324591	19.33367956	19.33632823	19.33316022	19.33718515	19.33773046	19.31877434	19.31178915	19.2956375	19.29610491	19.29298883	19.30062321	19.30558297	19.29462477	19.28322514	19.28493898	19.26162036	19.26722929	19.25022072	19.22334459	19.21145157	19.2128538	19.20895871	19.23845754	19.25827058	19.2465074	19.20716697	19.18304337	19.19971436	19.21160737	19.21106206	19.1843677	19.17691509	19.16107505	19.17514931	19.17338354	19.21124383	19.16829395	19.14557258	19.15216827	19.15022072	19.14957154	19.11739808	19.10519346	19.1266684	19.11664503	19.12900545	19.16837185	19.24957154	19.34661127	19.44307972	19.54126201	19.62544794	19.69506622	19.75595949	19.79802649	19.84450792	19.89446897	19.98530252	20.01454168	20.03599065	20.05408985	20.06400935	20.02066996	19.95183069	19.87159179	19.76515191	19.67530512	19.62503246	19.57172163	19.54653337	19.53287458	19.53303038	19.53116074	19.49932485	19.49475461	19.50599844	19.4787328	19.46299662	19.41347702	19.39800052	19.39413139	19.39496235	19.41752791	19.41360686	19.40493378	19.40288237	19.3873799	19.37772007	19.380161	19.3859517	19.37821345	19.35359647	19.32134511	19.3381719	19.34061283	19.33300441	19.31776162	19.32163075	19.33165412	19.3438068	19.35647884	19.34588419	19.33843158	19.3366658	19.35463516	19.36660608	19.37128019	19.36793041	19.37437029	19.36839782	19.35120748	19.33947027	19.34398857	19.36258115	19.33284861	19.32698001	19.3267463	19.30272656	19.29122306	19.27273435	19.26787847	19.2915087	19.27657751	19.26323033	19.24494936	19.21739808	19.23009608	19.22723968	19.23840561	19.20981563	19.2000779	19.22596728	19.20020774	19.18314723	19.17089068	19.15279148	19.14378084	19.13427681	19.14853285	19.15164892	19.12651259	19.13001818	19.14653337	19.13149831	19.13490003	19.15297325	19.13149831	19.14305375	19.15593352	19.23921059	19.33061542	19.42220203	19.52339652	19.6070631	19.67678525	19.74336536	19.80064918	19.83840561	19.88634121	19.92757725	19.95473903	19.97083874	20.04985718	20.08514672	20.07982342	20.0114256	19.94196313	19.85385614	19.76104908	19.70212932	19.67509738	19.649208	19.61347702	19.59836406	19.60109063	19.56297066	19.52814853	19.52199429	19.50812776	19.50828356	19.50799792	19.5367437	19.52614905	19.51963126	19.51994287	19.51506102	19.50023371	19.50701117	19.52274734	19.51155544	19.49485848	19.4998442	19.49929888	19.49927292	19.5012724	19.51326928	19.49519605	19.47823942	19.46149052	19.46242534	19.48634121	19.47668138	19.45720592	19.4803947	19.45923137	19.44388471	19.43985978	19.43557518	19.41339912	19.40192158	19.39140483	19.39413139	19.36458063	19.36289276	19.39896131	19.38208258	19.37629187	19.34988315	19.33791223	19.33461439	19.38249805	19.32272137	19.32313685	19.33069333	19.3153986	19.29335238	19.27668138	19.27107245	19.26715139	19.28369255	19.281745	19.27971955	19.28210854	19.28184887	19.27657751	19.26361984	19.25697222	19.26128278	19.26572319	19.24837704	19.25328486	19.23861335	19.25253181	19.25847832	19.25541418	19.23679564	19.24448195	19.24076863	19.24494936	19.2788886	19.27912231	19.27813555	19.26502207	19.22830434	19.2494417	19.27255258	19.29013243	19.301584	19.37172163	19.36722929	19.35564788	19.3548429	19.36990392	19.41874838	19.40685536	19.40012984	19.40233706	19.39641652	19.3533368	19.34440405	19.33949623	19.35593352	19.38384835	19.37117632	19.40384316
