6.326191107654736356e+00 6.414600674748587750e+00 6.348392721568088426e+00 6.487186519027906328e+00 6.385096030330421613e+00 6.339285111117884064e+00 6.389099415025671469e+00 6.427055086751300550e+00
4.936026530019853453e+02 2.090104678469687656e+02 -2.068312630538839301e+02 -5.050130427737311720e+02 -4.974143804585968383e+02 -2.063218573190503946e+02 2.094743558521666671e+02 5.010480055002527706e+02
2.068713080331662582e+02 5.002366879930305572e+02 4.947208523546252081e+02 2.108795226071535751e+02 -2.088142202767663775e+02 -4.934705172173694905e+02 -4.979697672529295005e+02 -2.088460769338692558e+02
3.205368088683718452e+04 -3.257375888279535138e+04 -3.209948018265002247e+04 3.278929245934556093e+04 3.227045020215931436e+04 -3.209202877545593947e+04 -3.230873151589468762e+04 3.261793632308031010e+04
3.219740295177110602e+04 3.252653811544426208e+04 -3.218930654338694512e+04 -3.279893358018789877e+04 3.248116355430126350e+04 3.201190943461587813e+04 -3.251364927950452693e+04 -3.254853233338526479e+04
1.470477831507107010e+06 -3.610146150986355729e+06 3.567831730761947576e+06 -1.512037602036006982e+06 -1.475736862944795284e+06 3.548030836172170471e+06 -3.601077374249460176e+06 1.507629964608844370e+06
3.577726774961718358e+06 -1.508835951611246681e+06 -1.468581823884242447e+06 3.632165991137457546e+06 -3.593978242581616621e+06 1.479488840287441155e+06 1.482362548592415173e+06 -3.622026344412583392e+06
-5.255218179440741660e+05 5.307307384007510263e+05 -5.228408108672244125e+05 5.333725120665119030e+05 -5.267250768549790373e+05 5.210645767439333722e+05 -5.287069524045619182e+05 5.331095740061340621e+05
1.646415907017834187e+08 -1.662878829567682147e+08 1.638129432317312360e+08 -1.670940137519650161e+08 1.649884762572425604e+08 -1.632012937781812847e+08 1.655979235934970975e+08 -1.669954889016608596e+08
2.645431318420695334e+03 -2.379053054285559938e+03 2.345040116870108250e+03 -2.689433912962043905e+03 3.067622522696786746e+03 -3.322161203349826792e+03 3.368068847734629344e+03 -3.099551152319398625e+03
1.814739202956164036e+03 -1.538230375794290921e+03 1.103743801060503984e+03 -8.300976345002786729e+02 8.206843431049438777e+02 -1.102370236945552961e+03 1.534129811710910190e+03 -1.841854807951767043e+03
-7.054477358344041704e+01 7.127457039368347580e+01 -7.023378124820088431e+01 7.164659535490515907e+01 -7.073217350799599501e+01 6.994195010003117829e+01 -7.094630332157960595e+01 7.153902941795605841e+01
7.795717296003795127e+01 -7.873631349004438107e+01 7.757578607598999554e+01 -7.914629214220555298e+01 7.815908919110509601e+01 -7.731032472953137358e+01 7.843415771426394656e+01 -7.908195714624874029e+01
2.197501234496670897e+00 -2.218897318114076533e+00 2.186049723768017650e+00 -2.230672748394974203e+00 2.203551370339973836e+00 -2.180248939236149042e+00 2.212083591228499291e+00 -2.229916307271205156e+00
-1.620430382768812683e+00 1.636252382439216335e+00 -1.611207342105912543e+00 1.642866388853624127e+00 -1.622006337860159020e+00 1.604812706376428366e+00 -1.629078714320568722e+00 1.643437933899062786e+00
1.580799841814404996e-03 -1.596045430783624847e-03 1.565911044514853518e-03 -1.588649700957219489e-03 1.563029632887371267e-03 -1.546666422921792782e-03 1.575840933219170570e-03 -1.597743583484886268e-03
