6.282611646872788391e+00 6.256629235694005864e+00 6.323402174089381766e+00 6.458345631884857774e+00 6.382351323838033608e+00 6.333257077323661832e+00 6.390580664260646415e+00 6.334941561155591039e+00
5.353426210542771742e+02 3.740072827882773367e+02 3.616462728121639381e-01 -3.862453046536170405e+02 -5.435365404148004700e+02 -3.774079122132805537e+02 4.937223225280881062e-02 3.797181728162329932e+02
2.926282999684342023e-01 3.747124015158296970e+02 5.380402757859113763e+02 3.855723059932426509e+02 -1.694609006482998004e-01 -3.787110755139448202e+02 -5.440947814365187014e+02 -3.770632526771867674e+02
4.546138658811995992e+04 -7.077953741759409922e+01 -4.560717013766263699e+04 -5.518467637142481230e+00 4.612074244875552540e+04 -1.556347717300823774e+02 -4.614750053762589232e+04 1.659587474493248180e+02
6.374125294695915045e+01 4.516480339405312407e+04 -1.084854128111972393e+01 -4.651292651109666622e+04 7.986707447707219387e+01 4.556134122987247247e+04 -1.177023556462350911e+02 -4.557135631871828082e+04
3.877293604362624232e+06 -2.732490257007053122e+06 7.868096615081497475e+03 2.794416620657399297e+06 -3.919146129742526449e+06 2.754230325711585116e+06 -1.369008993236956121e+04 -2.735853893171994481e+06
7.727325791229667630e+03 2.718524991966999602e+06 -3.878373295291066635e+06 2.800921509770064149e+06 -1.004628662298226482e+04 -2.732016024435246363e+06 3.921942392373403069e+06 -2.753672396203073207e+06
1.652808700577220321e+08 -1.642961438619121313e+08 1.648921572046530545e+08 -1.681268198933539093e+08 1.665708997927524447e+08 -1.649846103998640478e+08 1.668341904835033417e+08 -1.654175972450030744e+08
5.736927764071553247e+05 -5.701552253678074339e+05 5.721762247149738250e+05 -5.834555660574347712e+05 5.781803584317823406e+05 -5.727944479031994706e+05 5.792635444942243630e+05 -5.742908667519297451e+05
1.062562686172346002e+04 -1.040434190109186784e+04 1.006183469050251915e+04 -9.871591460648938664e+03 9.623122276831363706e+03 -9.690289319342973613e+03 1.018429796243494093e+04 -1.047811157094124792e+04
-1.932263094517820491e+03 1.544759067882010640e+03 -1.393968752856178298e+03 1.583608120471722259e+03 -1.952524719240347849e+03 2.312097141966213258e+03 -2.495663167810022060e+03 2.314797239179257758e+03
4.290763155829225184e+01 -4.265134455229924981e+01 4.278745886417043920e+01 -4.360181738544691399e+01 4.318093876846214130e+01 -4.276855692924791441e+01 4.326507312522421245e+01 -4.292405626045397327e+01
-1.415985344560539083e+01 1.405388722452159733e+01 -1.409403126306760257e+01 1.437588715210121393e+01 -1.426002268773167181e+01 1.414423435933039919e+01 -1.431550293949292474e+01 1.419037107883936955e+01
2.052199750405866163e-01 -2.035801572783925983e-01 2.028684788434291786e-01 -2.051781590798749944e-01 2.024131301071428468e-01 -2.009046521744447256e-01 2.046270170549982781e-01 -2.045282201913292131e-01
-3.698326721865506928e-01 3.689422785564253626e-01 -3.709365960085098668e-01 3.778054855526290501e-01 -3.730806199755821728e-01 3.682070404289586874e-01 -3.716729815371400680e-01 3.689186663454179782e-01
9.548237658706884567e-02 -9.491392458486229422e-02 9.525800711673801380e-02 -9.712589199268616136e-02 9.622619966310246020e-02 -9.530939095095583569e-02 9.637810698297652467e-02 -9.556052212558450998e-02
