8.348260977846573283e+00 8.580254462696634832e+00 8.379354361909516768e+00 8.314341333194649408e+00 8.309445381449913626e+00 8.238692976393373613e+00 8.275656750433585174e+00 8.399060418261816707e+00
6.500438065112336972e+02 2.792088676417926081e+02 -2.756956455981397198e+02 -6.500689771625968660e+02 -6.489501006084567507e+02 -2.709793975148951972e+02 2.705812291245281926e+02 6.507974579838740965e+02
2.741404864595165805e+02 6.682114247224633345e+02 6.527166554054822427e+02 2.723889691734418648e+02 -2.722241337101187355e+02 -6.412189876412260219e+02 -6.447973268701922507e+02 -2.733731397999472392e+02
4.209520253834463074e+04 -4.356735211857538525e+04 -4.238334004203985387e+04 4.255740195863856934e+04 4.225825297825178859e+04 -4.152910662919769675e+04 -4.205455206109509891e+04 4.221334995849247207e+04
4.249900373543470050e+04 4.333887374348637968e+04 -4.284367124841333134e+04 -4.253494088183959684e+04 4.247017876573765534e+04 4.202539587339307764e+04 -4.204972503680942464e+04 -4.234945019191946631e+04
1.918276901505812537e+06 -4.814671951150424778e+06 4.760663679793179967e+06 -1.983218218596775550e+06 -1.947224498444105266e+06 4.651165515546532348e+06 -4.666081771677461453e+06 1.940653817706342787e+06
4.675237645426116884e+06 -2.002238225473355502e+06 -1.960673004206743091e+06 4.764530601370976306e+06 -4.745996782399483025e+06 1.924069581652818713e+06 1.923289436719493475e+06 -4.667308445093818009e+06
-7.659545135664913105e+05 7.926128736924040131e+05 -7.859202129342885455e+05 7.897934064153960207e+05 -7.838289023730861954e+05 7.664114521640678868e+05 -7.658867697258354165e+05 7.657494933257749071e+05
2.142158092726623714e+08 -2.215914790860320032e+08 2.197351240138050020e+08 -2.209174270902996957e+08 2.193739236471672356e+08 -2.145769338323563039e+08 2.144166774638629258e+08 -2.142814697158116102e+08
-1.386443083481947497e+03 1.824675125803202491e+03 -1.805197920460610931e+03 1.424923669970703486e+03 -8.723194604727196975e+02 4.742954241003770335e+02 -4.736278571704159503e+02 8.521255021207758773e+02
-1.815960899902520032e+04 1.918039423905474541e+04 -1.956692981509658057e+04 2.005706553449125568e+04 -1.991547681842588645e+04 1.910059917835003580e+04 -1.855298560558891040e+04 1.816302404497523094e+04
-3.080005389473163646e+01 3.184531042879248020e+01 -3.157563926600965232e+01 3.175880254727271179e+01 -3.155835568657010270e+01 3.088302435179188166e+01 -3.085964747814013620e+01 3.082732647214882959e+01
1.752240931101012222e+01 -1.814497086012032057e+01 1.802600314784758950e+01 -1.815077153518833342e+01 1.802792941184247510e+01 -1.761206443003582578e+01 1.756675373016936703e+01 -1.753165566143155374e+01
1.005268501077835719e+00 -1.039414244362115713e+00 1.030876082077136546e+00 -1.037121400822849759e+00 1.030687205876555490e+00 -1.008603573881917459e+00 1.007691709219442844e+00 -1.006376473310079511e+00
6.336627115278549160e-01 -6.560149683571656620e-01 6.513428716239751948e-01 -6.554863496157523617e-01 6.509880424950598155e-01 -6.362409341092991610e-01 6.349637665160612343e-01 -6.339361542454582388e-01
3.501408119715204020e-03 -3.620728119741663774e-03 3.586629218650275435e-03 -3.601817921812496340e-03 3.574616616832241179e-03 -3.497623389069220469e-03 3.498664906387102813e-03 -3.500478841417449180e-03
