3.146661916073004495e+00 3.159515744692531936e+00 3.129405009509879321e+00 3.199648986420916330e+00 3.193697227500167823e+00 3.117638297863765562e+00 3.289474697745063292e+00 3.196462991582970758e+00 3.224656483808400864e+00 3.174933074604849192e+00 3.163434723222394940e+00 3.178382102397868003e+00 3.207986511569023147e+00 3.157337520257406993e+00 3.202845403929249546e+00 3.196760821158105337e+00
2.696681222441689556e+02 2.442851877039763338e+02 1.899174570132765894e+02 1.022428709464424941e+02 5.429502994647740222e-01 -1.018508127833039936e+02 -1.953468712814245976e+02 -2.511524933113027203e+02 -2.722515523796336652e+02 -2.479212765514453167e+02 -1.900157028671380033e+02 -1.029490431930973529e+02 2.404411889431601335e+00 1.005570612165171696e+02 1.936829784920891768e+02 2.479666525784159887e+02
-7.815939283482165045e-02 1.018287645719896943e+02 1.892858109646033142e+02 2.484458353920519755e+02 2.711667789324902174e+02 2.438274284554458973e+02 1.971206395267363405e+02 1.025010139618143796e+02 1.369897062365130758e-01 -1.030221066824576184e+02 -1.903166491075414513e+02 -2.465466431186976877e+02 -2.730140295042289722e+02 -2.461031253946618449e+02 -1.923649127284377300e+02 -1.017292679227717400e+02
2.278313968431775720e+04 1.596041213445519679e+04 -4.855028691962109733e+00 -1.626116968710418951e+04 -2.284032126498334765e+04 -1.606208615190389537e+04 6.665766178880473092e+01 1.628888124424412126e+04 2.320801860676194701e+04 1.593494618276967230e+04 1.272305944241703060e+02 -1.617814624355779415e+04 -2.304151765027298461e+04 -1.613084961818402553e+04 6.268037197868524402e+01 1.629474247446518712e+04
9.107256199612851333e+01 1.592888980742031890e+04 2.276676637526498962e+04 1.613939904697724705e+04 7.440245966259863231e+00 -1.598280118631288678e+04 -2.343604311539781702e+04 -1.629987125591282165e+04 1.229889574141570563e+02 1.602219839955641874e+04 2.299845615164675837e+04 1.588004009024018342e+04 -4.498747543093135448e+01 -1.617032249301632146e+04 -2.291862415083545784e+04 -1.619717040048650961e+04
1.916688951769846026e+06 7.549940382330258144e+05 -1.382306195170074003e+06 -1.790224243143721716e+06 -6.274339128962921677e+03 1.784500006630274002e+06 1.403705600551926997e+06 -7.600153404875966953e+05 -1.961701219228445087e+06 -7.344327675292940112e+05 1.375762757446798263e+06 1.776213686485844897e+06 -1.264004980638279812e+04 -1.791647596107461024e+06 -1.380565867137806490e+06 7.726486116406806977e+05
3.524389697326735586e+03 1.779628003037392860e+06 1.364504938444062136e+06 -7.517717377252312144e+05 -1.938410219791689422e+06 -7.444298425141455373e+05 1.410717638025752269e+06 1.817648722520338139e+06 -2.006422598263560576e+04 -1.772319738837202080e+06 -1.394010178401014768e+06 7.607857507350144442e+05 1.953638514166424284e+06 7.421792832583289128e+05 -1.383769201810255181e+06 -1.800772060237825615e+06
1.639737475400003493e+08 4.315433640534210135e+05 -1.642042925290586352e+08 -1.147740520746067632e+05 1.650791588923439980e+08 9.227453579621830431e+04 -1.689104189701703191e+08 6.133528283437878126e+05 1.671544447571967840e+08 -8.700213911634199321e+05 -1.654245722063622475e+08 1.113681097256457200e+06 1.671087714759110510e+08 -1.678132200146632968e+06 -1.645699066523026526e+08 9.547538567583742552e+05
-9.288749298947573407e+05 1.658866126968006790e+08 -1.736007548775820062e+06 -1.646811248997516930e+08 -1.456557528783322545e+06 1.656385371732213795e+08 -1.448620186158079421e+06 -1.675474830616652668e+08 2.045997568622532068e+06 1.631975017086588144e+08 8.753416585977773648e+05 -1.639532209336363077e+08 6.079267247228075285e+05 1.661935238636584282e+08 -1.693952689458334586e+06 -1.654856918008016348e+08
1.368768139771269226e+10 -5.131991066492092133e+09 -9.935568028244655609e+09 1.303963789172886658e+10 9.328544244733007252e+07 -1.305735528891530800e+10 1.040577638570589447e+10 5.061505631421604156e+09 -1.380551806797664833e+10 5.110127193683486938e+09 1.010191471868521118e+10 -1.300053709108101845e+10 1.198782655931812823e+08 1.301773112092114830e+10 -1.013373667260804749e+10 -5.068035642096940041e+09
5.359802135495156050e+07 1.296154900354825211e+10 -9.979296986117916107e+09 -5.231033196914355278e+09 1.381826174009084129e+10 -5.198589754735525131e+09 -1.015983681470154572e+10 1.318502215382716942e+10 -6.012974307240820676e+07 -1.300232069651830292e+10 1.013609872233471870e+10 4.919566469522054672e+09 -1.381048722863290215e+10 5.177825667587091446e+09 1.004422379489464760e+10 -1.319923147491787148e+10
1.142829339250794434e+12 -8.103883863985568848e+11 -8.926185617064939439e+07 8.221170829699797363e+11 -1.152354124789263916e+12 8.136670826457778320e+11 -7.315854969672365189e+09 -8.182824717281862793e+11 1.157273658468333008e+12 -8.145043499321180420e+11 3.287087095062615871e+09 8.011352875867774658e+11 -1.163059757119831055e+12 8.259431017395021973e+11 -1.321021647157243156e+10 -8.092802409590166016e+11
-6.261641683343040466e+09 8.518132194085588379e+11 -1.191465579405121094e+12 8.581340148371757812e+11 -6.919526038713294983e+09 -8.312520837185504150e+11 1.205130439960475342e+12 -8.522746328907960205e+11 -3.618297746892736554e+08 8.463209381607855225e+11 -1.194243287316189697e+12 8.491870468257751465e+11 -1.531915998312784576e+10 -8.340052289485035400e+11 1.183738812685439697e+12 -8.486947219751414795e+11
9.292752046741265625e+13 -8.692993579217975000e+13 6.741408166703218750e+13 -3.833006037915650781e+13 5.041343183699005890e+10 3.758249501097560156e+13 -6.862888717881240625e+13 8.785565298343732812e+13 -9.377952478682951562e+13 8.664326745503729688e+13 -6.727110595179890625e+13 3.773552161789918750e+13 -3.572793630621824951e+11 -3.766857821659374219e+13 6.726773133882428906e+13 -8.725410220007478125e+13
5.678956170784980469e+11 3.749103357329550781e+13 -6.674650942476556250e+13 8.697654333934998438e+13 -9.248103464154320312e+13 8.579150489191657812e+13 -6.849636519194206250e+13 3.841788775238850781e+13 -1.351526921436948242e+11 -3.771975680372945312e+13 6.703313322904042188e+13 -8.560018952276712500e+13 9.404255730169245312e+13 -8.762584638844910938e+13 6.846757508468733594e+13 -3.916631355762307031e+13
-8.537910588587838411e+08 3.954822030289527893e+09 -6.194525351465454102e+09 7.593247077086366653e+09 -7.681045843549608231e+09 6.762554825087216377e+09 -5.026281977506017685e+09 2.341382476918856144e+09 8.971799417952253819e+08 -3.973874083834902763e+09 6.221741400430018425e+09 -7.477186436525895119e+09 7.814584203667913437e+09 -6.911309006781846046e+09 5.032285464770111084e+09 -2.405369941932095051e+09
