2.092223675769505853e+00 2.157442152569620575e+00 2.174818511190355963e+00 2.196307658635324511e+00 2.221349303937018682e+00 2.149462057891507794e+00 2.132311841793041118e+00 2.173578288746957021e+00 2.104434661479577251e+00 2.150774915712789781e+00 2.183724379606884369e+00 2.113756183809235356e+00 2.150535373221851287e+00 2.127833549865701279e+00 2.170110191547391931e+00 2.154266736679631755e+00
1.787431565916099316e+02 1.665208227659366571e+02 1.313851095052047242e+02 6.960732823497465915e+01 5.076364535327361205e-01 -7.068897644394368740e+01 -1.281447175609515909e+02 -1.696476927588749390e+02 -1.799811862954523747e+02 -1.677237781339302671e+02 -1.320286185457935346e+02 -6.825620720938294994e+01 2.209481124153043763e-01 6.818347482755693534e+01 1.307737168558869030e+02 1.664282598088767884e+02
5.684709532425972212e-01 6.857277685700303493e+01 1.321564634022065547e+02 1.700234064132017409e+02 1.898102598664329435e+02 1.664421397672472267e+02 1.300609100161239837e+02 6.870827624015959145e+01 4.153599809086491734e-01 -6.951064306154813721e+01 -1.313400644994047752e+02 -1.651014057177650614e+02 -1.822368174437201560e+02 -1.659329827189297930e+02 -1.301997962276563499e+02 -6.913716329375908742e+01
1.512221670948457540e+04 1.081185358062240084e+04 -1.766285875302146025e+01 -1.126306996905894630e+04 -1.590427729673729118e+04 -1.101117871221893256e+04 1.318387626031772584e+02 1.088854941817542567e+04 1.557464615059017524e+04 1.073680226336921442e+04 2.285031237482015740e+02 -1.092002069966778072e+04 -1.534237396075425204e+04 -1.089727845554805208e+04 6.463181647171715838e+01 1.080186149972071507e+04
-2.525544274684536106e+01 1.089526531279377559e+04 1.565189725976942282e+04 1.113837400716120464e+04 -1.479502751889611432e+02 -1.087830805981527010e+04 -1.564270447691816298e+04 -1.087847303897439815e+04 1.941719702822566562e+00 1.086237898044768372e+04 1.591231549706531587e+04 1.068209459318574409e+04 2.695506608886517341e+01 -1.076568445410997811e+04 -1.564904455408283502e+04 -1.075757281305049219e+04
1.268922154952276265e+06 5.081817914980984642e+05 -9.553500138694336638e+05 -1.231494765824860660e+06 9.456460130671608567e+03 1.218283807839730522e+06 9.387847384597461205e+05 -5.159169672300812090e+05 -1.315961062559512211e+06 -5.066816346407682286e+05 9.561610202729159500e+05 1.189472277795700124e+06 5.148304571666398260e+03 -1.199196458221994108e+06 -9.398280427052383311e+05 5.086838795980482828e+05
7.228155998101475234e+03 1.199368741330471355e+06 9.413152397565785795e+05 -5.294015053308886709e+05 -1.350142565002053278e+06 -5.104239764621831710e+05 9.505997955563113792e+05 1.214467272514935350e+06 -1.225518736758079513e+03 -1.210513672981298296e+06 -9.641612130762576126e+05 5.023806315274366643e+05 1.314669533424355555e+06 4.953831478378166212e+05 -9.318628299546608469e+05 -1.205484875466803554e+06
1.085426559904788733e+08 -1.752555282142626238e+05 -1.127929635304844379e+08 7.760191133381697582e+05 1.158636943450893462e+08 -8.260835879762342665e+05 -1.129238644995453358e+08 1.508351024493996520e+05 1.133965554414681494e+08 -6.326064019769480219e+05 -1.146562088431881368e+08 -6.340772985987658467e+04 1.126820101898200959e+08 -9.958005751851152163e+05 -1.111937715657963753e+08 -2.975912399268260924e+05
1.578368557303342677e+05 1.110386999517475069e+08 -1.355917499730367213e+06 -1.138456105055334121e+08 8.325702672216237988e+05 1.129067240623602867e+08 -1.009604347635044716e+06 -1.127765927210035324e+08 2.861142928324947134e+05 1.122140808963198066e+08 5.229530642239702865e+04 -1.097992516697744429e+08 -7.974431760115943616e+05 1.109955848839830905e+08 -3.900061834464226267e+05 -1.104040032156738341e+08
9.035161634034299850e+09 -3.492969717542415142e+09 -6.749934673540629387e+09 9.004055220429674149e+09 -5.001988607615266740e+07 -8.939693678341165543e+09 7.022606671204660416e+09 3.418905925832599640e+09 -9.400460030366085052e+09 3.474147290023703575e+09 7.055625459017420769e+09 -8.755831309351434708e+09 2.237333404265844822e+07 8.637374555369239807e+09 -6.740402732699376106e+09 -3.453726754899041653e+09
-2.212453837665005401e+07 8.764172337708816528e+09 -6.972493126230316162e+09 -3.390761456873608112e+09 9.565169353237878799e+09 -3.504529447161581993e+09 -6.921213636706763268e+09 9.010685037254177094e+09 -9.283469710907317698e+07 -8.796731713169044495e+09 6.908637338370116234e+09 3.487417479692825794e+09 -9.416377859750684738e+09 3.524409248706436634e+09 6.738520568077841759e+09 -8.660125968358623505e+09
7.571774584123835449e+11 -5.507017649171453857e+11 1.233557328540544319e+10 5.509362458087949219e+11 -8.010569261046083984e+11 5.573859730569047852e+11 -1.759911545899528503e+09 -5.622973282071684570e+11 8.007925570371739502e+11 -5.657718201268791504e+11 6.679777242258715630e+09 5.363263919192592163e+11 -7.734077831983117676e+11 5.342088391324088135e+11 9.396815165785013199e+09 -5.491101589801747437e+11
7.652230403045105934e+09 5.548608349957864990e+11 -8.007077071516875000e+11 5.850180131257569580e+11 -4.167048285237254620e+09 -5.776724287512644043e+11 8.210183124616301270e+11 -5.846904222403754883e+11 4.118635847321681976e+09 5.732837173996734619e+11 -8.237887419177448730e+11 5.626715868827072754e+11 3.568173877848415375e+09 -5.628861279338171387e+11 8.036866949828634033e+11 -5.682792600316968994e+11
6.166893621829164062e+13 -5.885695880357149219e+13 4.718273342958117188e+13 -2.817834082158603906e+13 2.110364035473040039e+12 2.397624678688543750e+13 -4.449545989565561719e+13 5.786791732392852344e+13 -6.276012889905440625e+13 5.792222196722104688e+13 -4.531766315208040625e+13 2.389062948573779297e+13 1.519374790995906006e+12 -2.647992676821263672e+13 4.664032244588650000e+13 -5.888264351822282031e+13
1.099565389237433350e+12 2.398671384377738672e+13 -4.436344292769982031e+13 5.882416613343168750e+13 -6.449012403680578906e+13 5.900363678243902344e+13 -4.608567753929204688e+13 2.553274949362884766e+13 6.836889385481904297e+11 -2.671604082165727734e+13 4.780617156140667969e+13 -5.887203890470197656e+13 6.391119766609010156e+13 -5.820689244459023438e+13 4.592022178865344531e+13 -2.614560623200853906e+13
3.513561201716833496e+10 -2.611620799208961487e+10 1.348916821038460541e+10 1.522436916841700315e+09 -1.791457534461057663e+10 3.101229564457052231e+10 -3.876568788461430359e+10 4.022395161244580841e+10 -3.521917556688007355e+10 2.477818197765214157e+10 -1.141801828046251488e+10 -3.952878253153371334e+09 1.978769413395098495e+10 -3.218757764346116638e+10 3.992875334461443329e+10 -4.098216692439457703e+10
