4.306905384609730270e+00 4.424718006467254661e+00 4.321166278487774903e+00 4.286119823735616841e+00 4.285911453406360039e+00 4.245251266732320339e+00 4.266633639131411471e+00 4.326150801914017130e+00
3.352782017079636034e+02 1.440705077791319866e+02 -1.422883187103028888e+02 -3.352055789162716337e+02 -3.349010291018103658e+02 -1.396926777202852463e+02 1.395354792336749199e+02 3.355165733272964985e+02
1.414077919849439695e+02 3.447536943843891777e+02 3.366922282972770972e+02 1.405201071546384526e+02 -1.405638224786633259e+02 -3.305688845981080703e+02 -3.324839708366499735e+02 -1.410405227028338118e+02
2.168215062385392230e+04 -2.245967095104512555e+04 -2.184479923639250410e+04 2.191536970757305608e+04 2.178622873542540765e+04 -2.139369139102851841e+04 -2.165724664930222934e+04 2.174234465018953779e+04
2.189368778452882179e+04 2.234507429248328845e+04 -2.207958790459554075e+04 -2.191943436649219802e+04 2.189171322823719311e+04 2.164793460388903986e+04 -2.165797229951517147e+04 -2.181020399038587129e+04
9.869931861524534179e+05 -2.479781734098516405e+06 2.451448564118937589e+06 -1.020459116607027594e+06 -1.002840623830371536e+06 2.393072174512397498e+06 -2.399991514474885073e+06 9.984965453532211250e+05
2.405573432686309796e+06 -1.030892144364521722e+06 -1.009788009585963679e+06 2.453176158859427087e+06 -2.444081252734393347e+06 9.905453288334532408e+05 9.890497069987480063e+05 -2.400793438711832743e+06
-3.867498405328605440e+05 4.008262528704877477e+05 -3.972799761060946039e+05 3.989789972883666051e+05 -3.961285824827853357e+05 3.871009495722777792e+05 -3.865700147523739142e+05 3.865126864411999704e+05
1.100688902139049619e+08 -1.140340414799277484e+08 1.130347103372781724e+08 -1.135719830855246633e+08 1.128266839118538648e+08 -1.102952517618335783e+08 1.101351862414755970e+08 -1.100664406365739852e+08
-1.372507190810968950e+03 1.623354450888156180e+03 -1.606927915965141665e+03 1.413357142897969879e+03 -1.124087585071250032e+03 9.036020843710425652e+02 -9.020958354642731365e+02 1.096804414581338733e+03
-8.443988250731594235e+03 8.952478953375968558e+03 -9.156295408112897348e+03 9.398443210628593079e+03 -9.335992873483319272e+03 8.930967463924022013e+03 -8.643152285456371828e+03 8.442736370129190618e+03
-1.509721722527624976e+01 1.563287211091560103e+01 -1.549225421547341242e+01 1.557007877928462491e+01 -1.547734768818766860e+01 1.513801922558160662e+01 -1.511794662986423710e+01 1.510447674441492261e+01
3.546384539067355846e+00 -3.684378252891645555e+00 3.668112279093795003e+00 -3.698148238752052563e+00 3.674503248432560376e+00 -3.580599996262544771e+00 3.559814460203873487e+00 -3.546904243748219443e+00
2.995321432895871050e-01 -3.101013326775758916e-01 3.074832659445341787e-01 -3.093032288589563916e-01 3.076776867842232477e-01 -3.009898185361706280e-01 3.004594968686356560e-01 -2.999233357388241261e-01
1.038545378074201830e-01 -1.078774992181353309e-01 1.073616513584341181e-01 -1.082029162553731494e-01 1.075319239887669309e-01 -1.048500048083698816e-01 1.042799533868405265e-01 -1.038902583555037923e-01
1.463699965676487776e-04 -1.518347592535159037e-04 1.495101434923041357e-04 -1.486252830274175773e-04 1.463969748163133357e-04 -1.429187838631392903e-04 1.436683490008650260e-04 -1.451337154816183500e-04
