4.063077756646540806e+00 4.182899591345090151e+00 4.215283180001464736e+00 4.258761667988861355e+00 4.311166744321365485e+00 4.160855087554909737e+00 4.134146747412184908e+00 4.221572080802463489e+00 4.077124150718977269e+00 4.173241017419793586e+00 4.233584990759682753e+00 4.101118109670095713e+00 4.173331420897068433e+00 4.124639315066680467e+00 4.211245815872871390e+00 4.179794825675235082e+00
3.470332547877491720e+02 3.226684868569035984e+02 2.547846857554086739e+02 1.348400661654517592e+02 8.641353489534002730e-01 -1.367666141731935738e+02 -2.486338322501711957e+02 -3.289460095671254862e+02 -3.488272969731405624e+02 -3.249899453138892795e+02 -2.562578460823640398e+02 -1.321256478652021542e+02 2.967678658282301707e-01 1.321822488046880437e+02 2.536932536734489929e+02 3.225384790002458999e+02
1.195429943728618438e+00 1.328961215091323140e+02 2.563786392872705733e+02 3.291454095562503994e+02 3.685773212850680238e+02 3.217360765049222664e+02 2.525826817408225793e+02 1.331705455672999676e+02 8.226461184208114785e-01 -1.345340041057250744e+02 -2.549761747992554888e+02 -3.195241385373344656e+02 -3.541437685963185231e+02 -3.211346386980580405e+02 -2.527817852352047225e+02 -1.339294742385221184e+02
2.935623669553984291e+04 2.100301443783911236e+04 -3.933935373760397880e+01 -2.184345323072512838e+04 -3.086308308931414649e+04 -2.133959675393566067e+04 2.469029134350847414e+02 2.115067432298478525e+04 3.022015939402891672e+04 2.081202455010086851e+04 4.642238499257381932e+02 -2.120861589702279161e+04 -2.977398152470322748e+04 -2.115464470733044800e+04 1.115003585175415850e+02 2.098969390835711965e+04
-8.313082750031219348e+01 2.118526793302519945e+04 3.033541665639758139e+04 2.163445423806690451e+04 -3.170632270217054725e+02 -2.109417968760419899e+04 -3.034095228896592380e+04 -2.112206745393669553e+04 1.620457560837605726e+01 2.105311586085950694e+04 3.089967080232042281e+04 2.071214373267248448e+04 6.496649532392828519e+01 -2.091041513305579792e+04 -3.037431363945216435e+04 -2.086908110235521599e+04
2.462568163804119453e+06 9.907297155845896341e+05 -1.856343991836748784e+06 -2.391739652590874117e+06 1.933402323123691531e+04 2.364427858530063648e+06 1.823602915088969050e+06 -1.003902989664787776e+06 -2.554767552655717824e+06 -9.851913800005585654e+05 1.857784396541892784e+06 2.311153985717783216e+06 1.014834512087626536e+04 -2.332565688104323111e+06 -1.825048360982050654e+06 9.903014493869509315e+05
1.330093975598597353e+04 2.331570381495410576e+06 1.828905571876253700e+06 -1.029652514540829812e+06 -2.619973971779952291e+06 -9.891555531312662642e+05 1.843173967600345379e+06 2.360376107988627627e+06 -3.744804229615964232e+03 -2.348683731466721743e+06 -1.874674284151327331e+06 9.766719498985252576e+05 2.554913329167609103e+06 9.603892097855290631e+05 -1.806860342466988368e+06 -2.344632479965542909e+06
2.108805822764938176e+08 -1.721274092139874701e+05 -2.192205719564122558e+08 1.381470280342826853e+06 2.252248733178300858e+08 -1.987471663696548669e+06 -2.191234544127902389e+08 4.318497587545691640e+05 2.200189038007976413e+08 -8.511227777844544034e+05 -2.232160744241368771e+08 -1.036030956310125766e+05 2.193184702971135378e+08 -2.176442915121024009e+06 -2.160803697818636596e+08 -4.562113649936644360e+05
-3.087627531614213149e+04 2.163651205351721048e+08 -2.622022665397372562e+06 -2.215446862531768978e+08 2.007342369636747520e+06 2.192823927304880321e+08 -1.901018116174020106e+06 -2.195325740197522640e+08 9.143207673657024279e+05 2.178352878818400502e+08 1.693900664427549345e+05 -2.133524660576141179e+08 -1.963072273505834630e+06 2.164462207455723286e+08 -1.033237468570201192e+06 -2.146468166678781509e+08
1.756638144016810226e+10 -6.781962561988593102e+09 -1.314754476566520309e+10 1.752688827999379349e+10 -1.097420888719007075e+08 -1.738851978934294891e+10 1.365896426462732506e+10 6.648522332943527222e+09 -1.828017349120986938e+10 6.745115344741076469e+09 1.373646941244185257e+10 -1.705230314849836540e+10 3.070162873429000750e+07 1.684384546384535027e+10 -1.314391287963147354e+10 -6.696542818142395020e+09
-6.703253065909652412e+07 1.708212231169842720e+10 -1.357390880818597603e+10 -6.595175229412618637e+09 1.860255554925551987e+10 -6.838941006437131882e+09 -1.343667134285678864e+10 1.752000399761941147e+10 -1.777938049231357276e+08 -1.712062804250695038e+10 1.345360989803454018e+10 6.784607176535151482e+09 -1.833219597924253082e+10 6.875631294498209000e+09 1.309924626131271935e+10 -1.684622533046583939e+10
1.476982699301932129e+12 -1.073701559128360229e+12 2.471714355570881271e+10 1.071882758609843140e+12 -1.559458137082900879e+12 1.086765949892143555e+12 -5.029985616345424652e+09 -1.093895706267197510e+12 1.557918175746977295e+12 -1.100938002210546387e+12 1.305491881136068153e+10 1.045263175053345337e+12 -1.506889596870437256e+12 1.041070827347553589e+12 1.895457116131437683e+10 -1.071032983459161011e+12
1.532727449904479027e+10 1.080674129289894531e+12 -1.558517058367192871e+12 1.137222286209450684e+12 -5.845916246623050690e+09 -1.126764889634062012e+12 1.599711940448258301e+12 -1.140344223423188721e+12 1.010009407109233093e+10 1.114936340317668945e+12 -1.603876521126597656e+12 1.096262808429453857e+12 7.690248171902095795e+09 -1.097494250902523315e+12 1.565907214400101807e+12 -1.107790467846048828e+12
1.203495144496754062e+14 -1.148239088992365156e+14 9.204423825761206250e+13 -5.498778252846933594e+13 4.174199825490852051e+12 4.659982398488754688e+13 -8.657826062769142188e+13 1.126501084580546719e+14 -1.221669967657147031e+14 1.127890206391700156e+14 -8.840544701887978125e+13 4.668295580449017969e+13 2.880518721757065918e+12 -5.154661992283019531e+13 9.084105275639454688e+13 -1.148308637299817969e+14
2.100836822862729004e+12 4.681167139892821875e+13 -8.656824863990432812e+13 1.147157752820532500e+14 -1.257349507797109219e+14 1.151116189260301875e+14 -8.982234066085981250e+13 4.967633425534925781e+13 1.434624346181377930e+12 -5.222634730909692188e+13 9.346403417080982812e+13 -1.150720115298437031e+14 1.246872059886680469e+14 -1.134923072809379844e+14 8.948770132697553125e+13 -5.094146897953190625e+13
6.914227393396109009e+10 -5.082132796124311829e+10 2.552110380743475342e+10 4.301118286598026276e+09 -3.663575661109824371e+10 6.223104769669258118e+10 -7.713222125689630127e+10 7.951169937238523865e+10 -6.907125256414039612e+10 4.798003928069014740e+10 -2.131467343368242645e+10 -9.129125385971294403e+09 4.031675926462197876e+10 -6.454037441534130096e+10 7.945790003194226074e+10 -8.115379269590101624e+10
