1.205914861951806216e+01 1.202880304612389928e+01 1.211639273844134657e+01 1.237548558781329788e+01 1.222270863602885527e+01 1.215858399153590419e+01 1.222795172339241354e+01 1.217642221073539233e+01
1.029213827068318778e+03 7.193494937940849923e+02 8.147285405407861392e-01 -7.413487653686955809e+02 -1.042921914236664406e+03 -7.249525560381694049e+02 2.842815234622428910e-01 7.309976893429395659e+02
2.619448554746304225e-01 7.207283630867810871e+02 1.033599711687994386e+03 7.400460132013199654e+02 -2.937815141986975798e-01 -7.275090738523091431e+02 -1.045392824174412681e+03 -7.253649613350756908e+02
8.748256066050914524e+04 -1.223097998133564062e+02 -8.772924755081323383e+04 -5.827952239213176000e+01 8.863399197982018813e+04 -3.007061099664958874e+02 -8.879125091542305017e+04 3.192273235441825818e+02
1.301218191002996036e+02 8.691847272874139890e+04 -4.164644809956513427e+00 -8.936164946099251392e+04 1.648432789228667161e+02 8.760503821950682322e+04 -2.157613862118654424e+02 -8.774863807020289823e+04
7.471200930308192968e+06 -5.263624354782697745e+06 1.463461090870410771e+04 5.377101472044507973e+06 -7.542125899707991630e+06 5.301697326302999631e+06 -2.547399971873880713e+04 -5.270860199317848310e+06
1.425621826110898473e+04 5.238039116240311414e+06 -7.466048928638646379e+06 5.383308668313574046e+06 -1.961860898963495856e+04 -5.258073317173738033e+06 7.549228598070886917e+06 -5.307807176443458535e+06
3.189127088580995202e+08 -3.169814118928861022e+08 3.176513684189102650e+08 -3.234002229981901050e+08 3.208139399585901499e+08 -3.173876729365035295e+08 3.209702533635745049e+08 -3.191424393229956031e+08
1.158420741226856364e+06 -1.151171594268474029e+06 1.153518291577778291e+06 -1.174511336429665564e+06 1.165367971937046619e+06 -1.153156955727462191e+06 1.166260316630989313e+06 -1.159503391857529758e+06
2.044380341475805835e+04 -2.001589916096423622e+04 1.932772824453877547e+04 -1.893267593765607671e+04 1.848013144821157766e+04 -1.858654803804140101e+04 1.953735690604323827e+04 -2.015768973390936662e+04
-4.065048132652361346e+03 3.317766806321219974e+03 -3.023982181497673537e+03 3.390016255052553788e+03 -4.099273367130770566e+03 4.781648679276661824e+03 -5.138396163181894735e+03 4.800601902844518008e+03
9.964351763994653766e+01 -9.904335153952924031e+01 9.921547001759405759e+01 -1.009562182081926949e+02 1.001075195367391331e+02 -9.903153754058507729e+01 1.001837041137373348e+02 -9.967063543030914730e+01
-4.945416168441098392e+01 4.910545433635121526e+01 -4.917727085458185599e+01 5.006940492608346460e+01 -4.970181217039871058e+01 4.921714127554401585e+01 -4.980836143176075126e+01 4.952576320848118030e+01
8.890510085166066778e-01 -8.829637249078835515e-01 8.819925066957976512e-01 -8.945674426752463493e-01 8.855556463471966344e-01 -8.767969222899113513e-01 8.895738127306248577e-01 -8.878375359837773484e-01
-1.087378488973488766e+00 1.083282428441110445e+00 -1.086789513519216044e+00 1.105649340577435247e+00 -1.094454747833547126e+00 1.080265469302059023e+00 -1.091231880959949940e+00 1.085821499037644911e+00
1.856909309450881784e-01 -1.845663791345623916e-01 1.849562851677262754e-01 -1.883033896549267672e-01 1.867973528159387608e-01 -1.848023958277308088e-01 1.868885761233241016e-01 -1.858245469949736661e-01
