BPM Serial No.	16elec																																																																																																	
BPM Size	110																																																																																																	
"Experi,menter"	Tajima      Toyama      Hanamura      Kawachi      																																																																																																	
Meas. Start Time	2019/08/2918:29																																																																																																	
Meas. Finish Time	2019/08/2919:17																																																																																																	
Linear Scale Origin X(mm)	-99.334																																																																																																	
Linear Scale Origin Y(mm)	88.445																																																																																																	
note																																																																																																		
																																																																																																		
																																																																																																		
Data Point Number		1	2	3	4	5	6	7	8	9	10	11	12	13	14	15	16	17	18	19	20	21	22	23	24	25	26	27	28	29	30	31	32	33	34	35	36	37	38	39	40	41	42	43	44	45	46	47	48	49	50	51	52	53	54	55	56	57	58	59	60	61	62	63	64	65	66	67	68	69	70	71	72	73	74	75	76	77	78	79	80	81	82	83	84	85	86	87	88	89	90	91	92	93	94	95	96	97
Linear Scale X (mm)		-119.335	-109.338	-99.336	-89.336	-79.335	-129.337	-119.338	-109.338	-99.336	-89.336	-79.335	-69.334	-139.338	-129.339	-119.339	-109.338	-99.337	-89.336	-79.335	-69.334	-59.333	-149.339	-139.341	-129.339	-119.339	-109.338	-99.337	-89.336	-79.335	-69.334	-59.333	-49.332	-149.339	-139.341	-129.339	-119.338	-109.338	-99.337	-89.336	-79.335	-69.334	-59.333	-49.332	-149.339	-139.341	-129.339	-119.338	-109.338	-99.337	-89.336	-79.335	-69.334	-59.333	-49.332	-149.339	-139.341	-129.339	-119.338	-109.338	-99.337	-89.336	-79.335	-69.334	-59.333	-49.332	-149.339	-139.341	-129.339	-119.338	-109.338	-99.337	-89.336	-79.335	-69.334	-59.333	-49.332	-139.338	-129.339	-119.339	-109.338	-99.337	-89.336	-79.335	-69.334	-59.333	-129.337	-119.338	-109.338	-99.337	-89.336	-79.335	-69.334	-119.336	-109.338	-99.337	-89.336	-79.335
Linear Scale Y (mm)		38.448	38.448	38.448	38.448	38.448	48.444	48.444	48.444	48.444	48.444	48.444	48.444	58.444	58.444	58.444	58.444	58.444	58.444	58.444	58.444	58.444	68.443	68.443	68.443	68.443	68.443	68.443	68.443	68.443	68.443	68.443	68.443	78.443	78.443	78.443	78.443	78.443	78.443	78.443	78.443	78.443	78.443	78.443	88.442	88.442	88.442	88.442	88.442	88.442	88.442	88.442	88.442	88.442	88.442	98.442	98.442	98.442	98.442	98.442	98.442	98.442	98.442	98.442	98.442	98.442	108.443	108.443	108.443	108.443	108.443	108.443	108.443	108.443	108.443	108.443	108.443	118.442	118.442	118.442	118.442	118.442	118.442	118.442	118.442	118.442	128.442	128.442	128.442	128.442	128.442	128.442	128.442	138.442	138.442	138.442	138.442	138.442
R(beam)[mm]		20.001	10.004	0.002	-9.998	-19.999	30.003	20.004	10.004	0.002	-9.998	-19.999	-30	40.004	30.005	20.005	10.004	0.003	-9.998	-19.999	-30	-40.001	50.005	40.007	30.005	20.005	10.004	0.003	-9.998	-19.999	-30	-40.001	-50.002	50.005	40.007	30.005	20.004	10.004	0.003	-9.998	-19.999	-30	-40.001	-50.002	50.005	40.007	30.005	20.004	10.004	0.003	-9.998	-19.999	-30	-40.001	-50.002	50.005	40.007	30.005	20.004	10.004	0.003	-9.998	-19.999	-30	-40.001	-50.002	50.005	40.007	30.005	20.004	10.004	0.003	-9.998	-19.999	-30	-40.001	-50.002	40.004	30.005	20.005	10.004	0.003	-9.998	-19.999	-30	-40.001	30.003	20.004	10.004	0.003	-9.998	-19.999	-30	20.002	10.004	0.003	-9.998	-19.999
Y(beam)[mm]		-49.997	-49.997	-49.997	-49.997	-49.997	-40.001	-40.001	-40.001	-40.001	-40.001	-40.001	-40.001	-30.001	-30.001	-30.001	-30.001	-30.001	-30.001	-30.001	-30.001	-30.001	-20.002	-20.002	-20.002	-20.002	-20.002	-20.002	-20.002	-20.002	-20.002	-20.002	-20.002	-10.002	-10.002	-10.002	-10.002	-10.002	-10.002	-10.002	-10.002	-10.002	-10.002	-10.002	-0.003	-0.003	-0.003	-0.003	-0.003	-0.003	-0.003	-0.003	-0.003	-0.003	-0.003	9.997	9.997	9.997	9.997	9.997	9.997	9.997	9.997	9.997	9.997	9.997	19.998	19.998	19.998	19.998	19.998	19.998	19.998	19.998	19.998	19.998	19.998	29.997	29.997	29.997	29.997	29.997	29.997	29.997	29.997	29.997	39.997	39.997	39.997	39.997	39.997	39.997	39.997	49.997	49.997	49.997	49.997	49.997
Net Ana Temperature[℃]		22.29901324	22.30599065	22.32681122	22.35554142	22.35937679	22.39294729	22.40609452	22.42257855	22.41822903	22.43620358	22.44668138	22.46535965	22.44326928	22.42144378	22.39982083	22.39331083	22.37223319	22.38586861	22.41582186	22.42338094	22.41016359	22.39322773	22.37948844	22.36042067	22.36710465	22.38511555	22.38424825	22.3998442	22.39248767	22.3705557	22.38374448	22.40467151	22.42030641	22.40041288	22.36938198	22.35766814	22.37177616	22.36993768	22.37369255	22.38926772	22.39009868	22.40851727	22.40234744	22.42020514	22.43574656	22.42202545	22.43861335	22.44583225	22.42908335	22.44179174	22.44579849	22.42035316	22.40547131	22.41529733	22.47768112	22.48919242	22.48064918	22.46552843	22.47400415	22.43807582	22.41763957	22.41353674	22.42062062	22.41484549	22.41051935	22.47272137	22.47467151	22.47185666	22.46981823	22.47509478	22.4774604	22.48900286	22.48512854	22.46744222	22.43921059	22.44550506	22.47838484	22.49418333	22.46229551	22.47551026	22.49656972	22.49709686	22.50963386	22.498255	22.48994547	22.49413399	22.47232147	22.48727084	22.48187224	22.43763698	22.42497533	22.42951441	22.44923137	22.44116853	22.41996105	22.42797975	22.43150091
BPM Temperature[℃]		20.45377824	20.45595949	20.47117632	20.44593612	20.42448715	20.42357829	20.43435471	20.43887302	20.45531031	20.47481174	20.44069073	20.42557777	20.48530252	20.48278369	20.46567125	20.46497014	20.46390548	20.45328486	20.44951961	20.45808881	20.44835108	20.43362763	20.45050636	20.45528434	20.45616723	20.45689431	20.46541158	20.46995586	20.44744222	20.42614905	20.43879512	20.45988055	20.47096858	20.47987536	20.48005713	20.47969359	20.49101532	20.49945469	20.48693846	20.47057907	20.46455466	20.47733056	20.48808102	20.45562192	20.45689431	20.45315502	20.43892495	20.43718515	20.45853025	20.49374189	20.51384056	20.51085432	20.52186445	20.49047001	20.48330304	20.48504285	20.47026746	20.47891457	20.48950922	20.51474942	20.52427941	20.5406388	20.54367697	20.5196053	20.54393664	20.55995845	20.57839522	20.57673332	20.54219683	20.52578551	20.5195274	20.50594651	20.52339652	20.51713841	20.51321735	20.51937159	20.4788107	20.48371851	20.48763957	20.52144897	20.53425084	20.53019995	20.52609712	20.53853545	20.55616723	20.56941054	20.55406388	20.54014542	20.52178655	20.4959491	20.48496494	20.51368476	20.48140743	20.47883667	20.48950922	20.47995326	20.47218904
Frequency (Hz) / Data (dB)	850000	-22.41313474	-22.41286553	-22.43145878	-22.42026232	-22.4198285	-22.41338194	-22.3909717	-22.41161701	-22.42017133	-22.41946857	-22.41946574	-22.41731267	-22.41305509	-22.41306915	-22.41470268	-22.41938676	-22.42022517	-22.41959559	-22.39916597	-22.41740484	-22.4341225	-22.40999987	-22.40876206	-22.41254802	-22.4148833	-22.41331869	-22.4199894	-22.41858649	-22.41825731	-22.42478599	-22.42179569	-22.41009149	-22.39487334	-22.41256151	-22.4138058	-22.41101749	-22.42729049	-22.41786062	-22.41918704	-22.4163318	-22.43444795	-22.41464895	-22.41821504	-22.41278428	-22.41452269	-22.41502508	-22.41347555	-22.42416136	-22.4240293	-22.42076116	-22.42288342	-22.43706784	-22.43364181	-22.41613896	-22.41426963	-22.41538362	-22.41676932	-22.41577672	-22.4196016	-22.40402543	-22.41925731	-22.41910563	-22.4356278	-22.43552513	-22.41462658	-22.416688	-22.41611539	-22.39802519	-22.41526732	-22.42179237	-22.42603322	-22.42240293	-22.42247301	-22.4315643	-22.42651405	-22.41924858	-22.41646872	-22.41739621	-22.41679187	-22.42178319	-22.42338959	-22.39958873	-22.40000228	-22.42790218	-22.41158337	-22.41362283	-22.41215008	-22.40688425	-22.42410274	-22.42462814	-22.40456439	-22.42771639	-22.41682071	-22.42708262	-22.4036379	-22.40333909	-22.42086935
	1700000	-22.43821938	-22.4387473	-22.43999554	-22.44088328	-22.44085989	-22.43632419	-22.42476235	-22.43880572	-22.44003869	-22.44191753	-22.44105442	-22.44018071	-22.44036944	-22.44074797	-22.44022521	-22.43770276	-22.43917605	-22.44054372	-22.42764196	-22.44151212	-22.44433306	-22.43633386	-22.43689546	-22.43951147	-22.44175965	-22.44154737	-22.44216645	-22.44056866	-22.44216395	-22.44405543	-22.44040908	-22.43684816	-22.42735446	-22.43897348	-22.44223403	-22.4390915	-22.44170622	-22.44223697	-22.44319636	-22.43977638	-22.44531268	-22.43206434	-22.44262517	-22.43921016	-22.44080212	-22.44167396	-22.43971732	-22.44395238	-22.44522755	-22.44371126	-22.44499285	-22.44701116	-22.44270646	-22.44240674	-22.44315254	-22.44190509	-22.44289887	-22.44277582	-22.44041923	-22.43141176	-22.44155206	-22.44226086	-22.44500068	-22.44529464	-22.44203727	-22.44202062	-22.44359326	-22.43199941	-22.4416836	-22.4441179	-22.44517116	-22.44486405	-22.44405363	-22.44614301	-22.44208013	-22.44023266	-22.44337092	-22.44388667	-22.44415867	-22.44295671	-22.4456557	-22.42964472	-22.43053008	-22.44419394	-22.43472015	-22.44091367	-22.43904364	-22.43307511	-22.44362677	-22.44410661	-22.43244227	-22.44206174	-22.44374443	-22.44596348	-22.42989708	-22.43087219	-22.44245139
	2550000	-22.44627483	-22.44773764	-22.44513451	-22.44778822	-22.44869102	-22.44437289	-22.43541922	-22.44706407	-22.44893723	-22.44982912	-22.44889927	-22.44850365	-22.44920996	-22.44963507	-22.44996104	-22.44409247	-22.44789221	-22.44883852	-22.43769494	-22.44899379	-22.4484193	-22.44500323	-22.44493212	-22.44866266	-22.45066412	-22.45069475	-22.45134939	-22.44995437	-22.45096337	-22.45197322	-22.44727659	-22.44580128	-22.43860698	-22.44933532	-22.45123318	-22.44858099	-22.44861714	-22.45123165	-22.45167452	-22.44781662	-22.45199105	-22.44039759	-22.45027345	-22.44570776	-22.44955487	-22.4501976	-22.44955377	-22.45196594	-22.45468903	-22.45467374	-22.45344435	-22.4531173	-22.44952701	-22.44989197	-22.45053332	-22.4504691	-22.4525489	-22.45081458	-22.4489216	-22.44176954	-22.44905355	-22.45102193	-22.45131742	-22.45043758	-22.44927882	-22.45033679	-22.45226603	-22.44411886	-22.45186313	-22.45252265	-22.45337972	-22.45340584	-22.45254016	-22.45264259	-22.44823134	-22.44700722	-22.45227826	-22.45355012	-22.45245442	-22.45131371	-22.45375488	-22.4401213	-22.44073813	-22.45109176	-22.44346216	-22.44961348	-22.44924237	-22.44134012	-22.45157458	-22.45248208	-22.44237709	-22.44723642	-22.45199417	-22.4524809	-22.43961272	-22.4403749	-22.44907358
	3400000	-22.44982294	-22.45170079	-22.44701768	-22.45078119	-22.45071275	-22.44873854	-22.4420413	-22.45108086	-22.45241938	-22.45279208	-22.45268491	-22.45216082	-22.45131266	-22.45427555	-22.45434356	-22.44918794	-22.4510062	-22.45244456	-22.44253061	-22.45230672	-22.45213352	-22.4473063	-22.44955541	-22.45322555	-22.4552642	-22.45525818	-22.45650352	-22.45474352	-22.45538616	-22.45506716	-22.45104185	-22.44874885	-22.44366136	-22.45348106	-22.45736378	-22.45401489	-22.45272345	-22.45662584	-22.45692211	-22.45358022	-22.45495903	-22.44592543	-22.45270511	-22.44967606	-22.45390559	-22.45512834	-22.4542861	-22.45621556	-22.45777528	-22.45795505	-22.45772724	-22.45622326	-22.45215693	-22.45430218	-22.45448317	-22.45444805	-22.45618198	-22.45592161	-22.45298429	-22.44708799	-22.4542729	-22.45479686	-22.45379432	-22.4521274	-22.45254156	-22.45298731	-22.45602917	-22.4489619	-22.45546756	-22.45661418	-22.45663853	-22.45810799	-22.45687531	-22.4562249	-22.45095764	-22.45019727	-22.4559621	-22.45757741	-22.45770671	-22.45464789	-22.45741914	-22.44500058	-22.44506226	-22.45389989	-22.44626739	-22.45293021	-22.45158775	-22.44597752	-22.45418953	-22.45544708	-22.44658187	-22.44980803	-22.45446659	-22.4550964	-22.44257367	-22.44437984	-22.4518033
	4250000	-22.44269912	-22.44437286	-22.44076108	-22.4441457	-22.44463544	-22.44119052	-22.43650726	-22.44581859	-22.44633692	-22.44722097	-22.44640474	-22.44653798	-22.44555142	-22.44793815	-22.44918093	-22.44377991	-22.44627589	-22.4457571	-22.43879598	-22.4466298	-22.44533339	-22.43998818	-22.44413981	-22.44765109	-22.44956996	-22.45033503	-22.45067302	-22.45007124	-22.44999356	-22.44962259	-22.44476491	-22.44157112	-22.43699239	-22.44621208	-22.45061905	-22.44877676	-22.44808748	-22.45140991	-22.45138732	-22.44801368	-22.44963114	-22.43942814	-22.44656637	-22.44259987	-22.44741217	-22.44837165	-22.44928373	-22.45155109	-22.45312425	-22.45270073	-22.45175573	-22.45156795	-22.4466973	-22.44726437	-22.44718992	-22.44783324	-22.44959318	-22.45070735	-22.44754953	-22.44251078	-22.44856109	-22.44910302	-22.44755107	-22.44639603	-22.44578876	-22.44561987	-22.44799139	-22.44369655	-22.4507185	-22.45037622	-22.45132811	-22.45261072	-22.45053126	-22.45008344	-22.44338724	-22.4409356	-22.44747347	-22.45018665	-22.45116743	-22.44811476	-22.4510223	-22.43946122	-22.44018466	-22.44700623	-22.44031745	-22.44459922	-22.4442311	-22.44069371	-22.44774973	-22.4480434	-22.44047441	-22.44177485	-22.44721491	-22.44649349	-22.43649342	-22.43710237	-22.44325955
	5100000	-22.42587853	-22.42804049	-22.42536181	-22.42755825	-22.42760567	-22.42574843	-22.42102741	-22.42977053	-22.42976877	-22.43218618	-22.43047417	-22.42947641	-22.42909224	-22.43172273	-22.43338148	-22.42799389	-22.4309511	-22.43137328	-22.42436642	-22.43150576	-22.42927531	-22.42373939	-22.42742118	-22.43244077	-22.43506568	-22.43456486	-22.43703082	-22.43488221	-22.43416358	-22.43362205	-22.42878255	-22.42487389	-22.42112033	-22.42988599	-22.43554265	-22.43396479	-22.43287663	-22.43619238	-22.43657103	-22.43238318	-22.43402939	-22.42417608	-22.42958761	-22.4261465	-22.43188272	-22.43315277	-22.43410044	-22.43735559	-22.43842468	-22.43795227	-22.43700937	-22.43492465	-22.43145769	-22.43032576	-22.42868872	-22.4316082	-22.43409345	-22.43524202	-22.43229633	-22.42816982	-22.43309189	-22.43330174	-22.4319715	-22.42994475	-22.42865246	-22.4275838	-22.43141999	-22.42759654	-22.43460046	-22.43536625	-22.43654166	-22.43604317	-22.43454716	-22.43345439	-22.42798672	-22.42419719	-22.43107779	-22.43365145	-22.43455768	-22.43299845	-22.43433443	-22.42382947	-22.42351336	-22.43019912	-22.42276603	-22.42794102	-22.42756046	-22.42424978	-22.43143428	-22.4314283	-22.42450537	-22.42541275	-22.4292099	-22.42977796	-22.41902129	-22.42165671	-22.42599288
	5950000	-22.41484185	-22.4172644	-22.41420108	-22.41703137	-22.41703139	-22.41427905	-22.41074472	-22.41903002	-22.42009967	-22.42100867	-22.42018387	-22.41832749	-22.41715307	-22.42098175	-22.42257343	-22.41827931	-22.42031953	-22.42143395	-22.41440707	-22.42033204	-22.4175741	-22.41291858	-22.41725292	-22.42219888	-22.42443349	-22.42552251	-22.42562743	-22.42549562	-22.4245535	-22.42303266	-22.41650998	-22.41321575	-22.40862301	-22.42047963	-22.42506777	-22.42388545	-22.42254492	-22.42632527	-22.42713608	-22.42258606	-22.42363041	-22.41296392	-22.4181168	-22.41483461	-22.42063034	-22.42301883	-22.42347851	-22.42734925	-22.42825607	-22.42743418	-22.42609861	-22.42495258	-22.42073507	-22.41859678	-22.41791443	-22.42065525	-22.42405271	-22.42531657	-22.42125312	-22.41808444	-22.42285366	-22.42307155	-22.42026114	-22.4189287	-22.41673948	-22.41604726	-22.42073299	-22.41773661	-22.42342706	-22.42452294	-22.42547205	-22.42583193	-22.4245274	-22.42285432	-22.41665705	-22.41288172	-22.41951637	-22.4220453	-22.42376145	-22.4221263	-22.42496078	-22.41426747	-22.41359796	-22.41962769	-22.41197089	-22.41542346	-22.41659426	-22.41288692	-22.42019824	-22.42004811	-22.41277078	-22.41342606	-22.41707875	-22.41751392	-22.40854203	-22.40905196	-22.41414562
	6800000	-22.40459358	-22.40677496	-22.40425205	-22.40697504	-22.40666279	-22.4040273	-22.40226728	-22.41008054	-22.41020498	-22.4109094	-22.40990168	-22.40828035	-22.40726384	-22.41253516	-22.4131441	-22.4090026	-22.41196359	-22.41239745	-22.40442572	-22.41034383	-22.40751013	-22.4019073	-22.40730629	-22.41150414	-22.41521177	-22.41566936	-22.41748716	-22.41547083	-22.41471711	-22.4133476	-22.40794427	-22.40302205	-22.39932495	-22.41087908	-22.41433418	-22.41471484	-22.41433068	-22.41670704	-22.41789692	-22.41222627	-22.41367413	-22.40493296	-22.40771679	-22.40364862	-22.41131982	-22.41315158	-22.41436253	-22.41779613	-22.41873218	-22.41836171	-22.41732052	-22.41513649	-22.41137187	-22.40920006	-22.40791525	-22.41100871	-22.41461076	-22.41636989	-22.41228344	-22.41011069	-22.41346685	-22.41432943	-22.41130371	-22.4094239	-22.40640152	-22.40468917	-22.41117729	-22.40836305	-22.41366993	-22.41666203	-22.41661196	-22.41602559	-22.41491891	-22.4126263	-22.40659615	-22.40226752	-22.40871371	-22.4125162	-22.41401953	-22.41270626	-22.41577079	-22.40534591	-22.4044214	-22.4092056	-22.4023815	-22.40521308	-22.40604102	-22.40394379	-22.41026166	-22.4104024	-22.40415408	-22.40292898	-22.40586849	-22.40790493	-22.39840914	-22.40010593	-22.40263117
	7650000	-22.39946328	-22.40110956	-22.39988407	-22.40166418	-22.40084319	-22.39941634	-22.39634282	-22.40393099	-22.40577964	-22.40695689	-22.40487266	-22.40235003	-22.40218873	-22.40606865	-22.40898839	-22.40420181	-22.40603294	-22.40792958	-22.40056305	-22.40546087	-22.4025157	-22.39674934	-22.40239964	-22.40742493	-22.40995574	-22.41167539	-22.41129185	-22.40953673	-22.41019544	-22.40821336	-22.40255125	-22.39795152	-22.39407782	-22.40480479	-22.4092691	-22.40913265	-22.40841526	-22.41103548	-22.41240339	-22.40818939	-22.40863855	-22.39981166	-22.40191609	-22.39839187	-22.40565479	-22.40843965	-22.40866284	-22.41218094	-22.41381672	-22.41414859	-22.41214985	-22.40961887	-22.40561581	-22.40175511	-22.40192198	-22.40520481	-22.40904446	-22.41043537	-22.40806553	-22.40502093	-22.40845425	-22.40858517	-22.40627861	-22.40322434	-22.40161417	-22.40003212	-22.40467472	-22.40359972	-22.40844375	-22.41032515	-22.41121813	-22.41224783	-22.40950963	-22.40718648	-22.40139967	-22.39646712	-22.40328232	-22.40713196	-22.40836022	-22.40764989	-22.4092755	-22.40049576	-22.4004328	-22.40414693	-22.39664586	-22.40038656	-22.40049939	-22.39862478	-22.4053524	-22.40556648	-22.39778609	-22.39793473	-22.40050783	-22.40252806	-22.39301071	-22.39448304	-22.39833354
	8500000	-22.40166453	-22.40324773	-22.40059416	-22.40319195	-22.40315098	-22.40017514	-22.39950862	-22.40519743	-22.40653081	-22.40718613	-22.40633901	-22.40482267	-22.40271577	-22.40780962	-22.40859254	-22.40676635	-22.40794866	-22.40961018	-22.40287647	-22.40656328	-22.40380391	-22.39750214	-22.40323219	-22.40753817	-22.41177301	-22.41143661	-22.41227967	-22.41239188	-22.41112746	-22.40938604	-22.40362008	-22.39961268	-22.39745073	-22.40675344	-22.41038692	-22.41008849	-22.40915056	-22.41340344	-22.41311975	-22.40943157	-22.41057343	-22.40110327	-22.40383325	-22.4010023	-22.40704427	-22.40957151	-22.40940936	-22.41336063	-22.41515479	-22.41475959	-22.41355322	-22.41078559	-22.40703476	-22.40396872	-22.40349806	-22.406875	-22.41110596	-22.4114894	-22.40908085	-22.40770855	-22.41140542	-22.41038403	-22.40780864	-22.40531441	-22.40301052	-22.40118438	-22.40592157	-22.40501108	-22.41007192	-22.41196741	-22.41283414	-22.41250504	-22.41071487	-22.40920564	-22.40436976	-22.39855022	-22.40549219	-22.40794161	-22.41052331	-22.40856566	-22.41042708	-22.4020761	-22.40192907	-22.40555241	-22.3985825	-22.40118946	-22.40196224	-22.40086119	-22.40709526	-22.40636068	-22.40088607	-22.40016087	-22.40148032	-22.40351933	-22.39659085	-22.39565437	-22.40000103
	9350000	-22.41540222	-22.41720514	-22.4146807	-22.41721525	-22.41712288	-22.41540177	-22.41222807	-22.41960481	-22.42093766	-22.42005763	-22.41982	-22.41812528	-22.41675866	-22.41994072	-22.42267745	-22.41923709	-22.42239185	-22.42195277	-22.41621655	-22.42077778	-22.41689233	-22.41232349	-22.4176608	-22.42222834	-22.42410387	-22.42485328	-22.4255563	-22.42385701	-22.4245947	-22.42368449	-22.41722352	-22.41346348	-22.41075797	-22.41996818	-22.4243106	-22.42399686	-22.42346511	-22.42480378	-22.42620032	-22.42298454	-22.4233624	-22.41432986	-22.41685695	-22.41481213	-22.42080047	-22.42355849	-22.42372008	-22.42583012	-22.42791706	-22.42802117	-22.42589721	-22.42462904	-22.42009783	-22.41791707	-22.41618107	-22.42045807	-22.42307958	-22.42466356	-22.42239821	-22.4201333	-22.42324573	-22.42366343	-22.42182912	-22.41925349	-22.41683257	-22.41559752	-22.41961078	-22.41865347	-22.42296967	-22.42432313	-22.42615428	-22.42574466	-22.42351294	-22.4225669	-22.41709357	-22.41375339	-22.41968825	-22.42104795	-22.4222101	-22.42141481	-22.42472831	-22.4163097	-22.41689976	-22.41865735	-22.4127049	-22.41513396	-22.41660657	-22.41421676	-22.4204082	-22.42046328	-22.41396155	-22.41372851	-22.41546248	-22.41716012	-22.40957416	-22.41080442	-22.41401728
	10200000	-22.43832901	-22.44050314	-22.43982712	-22.44137486	-22.43983325	-22.43903576	-22.43760019	-22.44240436	-22.44323223	-22.44397778	-22.44308948	-22.44032058	-22.44151626	-22.4446942	-22.44498632	-22.44325033	-22.44495637	-22.44635761	-22.4402371	-22.44327981	-22.44163509	-22.43779624	-22.44134892	-22.44442306	-22.44760013	-22.44837937	-22.44818776	-22.44685305	-22.44751452	-22.44522914	-22.44051511	-22.43781137	-22.43480474	-22.44390477	-22.44695746	-22.44628669	-22.44544895	-22.44881826	-22.44885039	-22.44558581	-22.44645531	-22.43885502	-22.44061284	-22.43966553	-22.44457264	-22.44740257	-22.44576892	-22.44938512	-22.44883818	-22.44931905	-22.44861538	-22.44675526	-22.44324312	-22.44225575	-22.44189204	-22.44405245	-22.44644867	-22.44726234	-22.44589548	-22.44339021	-22.44724842	-22.44740165	-22.44504178	-22.44357929	-22.44120729	-22.4404039	-22.44301488	-22.44122442	-22.44676593	-22.44719625	-22.44796711	-22.44885032	-22.4474664	-22.44597588	-22.44083435	-22.43755511	-22.44273121	-22.44509712	-22.44688349	-22.44498158	-22.4463496	-22.43968021	-22.43993138	-22.44354001	-22.43786224	-22.4392581	-22.44045285	-22.4383582	-22.44321049	-22.44385962	-22.43916441	-22.43869788	-22.43896555	-22.44261658	-22.43537065	-22.43627981	-22.4387601
	11050000	-22.47522578	-22.47607342	-22.47496183	-22.4763804	-22.47655479	-22.47411534	-22.47238777	-22.47822043	-22.47881666	-22.47838959	-22.47862942	-22.47742524	-22.47641751	-22.47901503	-22.47993385	-22.47733963	-22.47949881	-22.48029438	-22.47473927	-22.47814008	-22.47630562	-22.47441973	-22.47568795	-22.47894991	-22.48094802	-22.48152405	-22.48230025	-22.48162607	-22.48203256	-22.47989808	-22.47596881	-22.4731682	-22.47156149	-22.47927529	-22.48135953	-22.48025548	-22.47954656	-22.48256994	-22.48275942	-22.47957776	-22.47947938	-22.47414389	-22.47731563	-22.47474051	-22.47935214	-22.48090218	-22.47987719	-22.48304237	-22.48208635	-22.48268602	-22.48277748	-22.48245544	-22.47799643	-22.47763021	-22.47685182	-22.47886546	-22.4808306	-22.48163986	-22.48002524	-22.47752944	-22.48042381	-22.48083532	-22.47975483	-22.47867672	-22.47673467	-22.47637283	-22.47794962	-22.47616901	-22.48097338	-22.48194187	-22.48263553	-22.48179079	-22.48181858	-22.47942125	-22.47717855	-22.47345108	-22.47733093	-22.48011273	-22.48062664	-22.47904606	-22.48053882	-22.47436177	-22.47556471	-22.4791176	-22.47268525	-22.47555088	-22.47524061	-22.47380424	-22.47699165	-22.47824631	-22.47503929	-22.47550108	-22.47631427	-22.47685898	-22.47187413	-22.47169046	-22.47551337
	11900000	-22.52237675	-22.52230107	-22.52180528	-22.52237228	-22.52279368	-22.52068474	-22.51957432	-22.52297162	-22.52430161	-22.52408747	-22.524785	-22.52323185	-22.52255665	-22.52372961	-22.52466767	-22.52287087	-22.52543037	-22.52555198	-22.52043994	-22.52397031	-22.52337075	-22.52089821	-22.52155488	-22.52407128	-22.52526052	-22.52669221	-22.52670598	-22.52491877	-22.52601864	-22.52528764	-22.52213505	-22.52061635	-22.51849255	-22.52295252	-22.52561387	-22.52483355	-22.52394122	-22.52714189	-22.52659862	-22.52429566	-22.52566976	-22.52042679	-22.52288796	-22.52091376	-22.52442076	-22.5258987	-22.52452094	-22.52632661	-22.52739777	-22.52647477	-22.52665183	-22.52631289	-22.52412555	-22.52213439	-22.52312535	-22.52477995	-22.52655432	-22.52588945	-22.52370138	-22.52178969	-22.52494967	-22.52525611	-22.5246202	-22.52456047	-22.52319268	-22.52189804	-22.52385304	-22.52264483	-22.52575715	-22.52523599	-22.52661791	-22.52744607	-22.52739467	-22.52456775	-22.52255968	-22.52106799	-22.524994	-22.52585175	-22.52614269	-22.52385689	-22.52638446	-22.52012809	-22.5204604	-22.52411895	-22.51955838	-22.52213947	-22.52051527	-22.52044854	-22.52413742	-22.52411493	-22.52119149	-22.52115138	-22.52247007	-22.52411719	-22.5180212	-22.51883268	-22.52298214
	12750000	-22.58801712	-22.58765253	-22.58694751	-22.58833071	-22.58779174	-22.58591577	-22.58319346	-22.5875446	-22.58745587	-22.58809072	-22.58724582	-22.58901229	-22.58767403	-22.58818152	-22.5879371	-22.58616749	-22.58835788	-22.5889339	-22.58443494	-22.58884343	-22.5883943	-22.58711936	-22.58576587	-22.58761072	-22.58726483	-22.58858553	-22.58831505	-22.58890018	-22.58887826	-22.58844548	-22.58691714	-22.5853887	-22.58388024	-22.58883959	-22.58905425	-22.58821075	-22.58645585	-22.58856819	-22.58812224	-22.58641902	-22.58882356	-22.58567395	-22.58764419	-22.58641391	-22.58805364	-22.58957454	-22.58763112	-22.58969272	-22.58923888	-22.58953917	-22.58951188	-22.5901077	-22.58767797	-22.58900823	-22.58851812	-22.5897241	-22.59031536	-22.58996092	-22.58817129	-22.58461747	-22.58837862	-22.58790955	-22.59004081	-22.58906449	-22.58888228	-22.58952461	-22.58841795	-22.58619626	-22.58886315	-22.58948346	-22.58967096	-22.58932386	-22.58883516	-22.58836258	-22.58716221	-22.58800193	-22.58954701	-22.58916092	-22.59019118	-22.58772526	-22.58919641	-22.58343254	-22.58489164	-22.5878941	-22.58549228	-22.58728333	-22.58750697	-22.58438661	-22.58919709	-22.58872305	-22.58608714	-22.58655036	-22.58858916	-22.59029845	-22.58407474	-22.58530471	-22.58836113
	13600000	-22.67090817	-22.67197445	-22.67014267	-22.67109906	-22.6714513	-22.66869492	-22.6660686	-22.67035123	-22.66899508	-22.66959769	-22.67025781	-22.671655	-22.67174646	-22.67114455	-22.66973644	-22.66721545	-22.66905554	-22.66930346	-22.66733524	-22.6702574	-22.67125192	-22.67077933	-22.66762739	-22.66993558	-22.6696983	-22.66833079	-22.66880308	-22.66915603	-22.66939986	-22.66981615	-22.66816708	-22.66995994	-22.66827951	-22.67010409	-22.66961083	-22.66776614	-22.66608219	-22.66811036	-22.66827018	-22.66763861	-22.66908856	-22.66730537	-22.67131589	-22.66998292	-22.67005373	-22.66995742	-22.6699189	-22.66947659	-22.668958	-22.67015939	-22.6706953	-22.67137821	-22.66997126	-22.67308189	-22.67187373	-22.67156112	-22.67080163	-22.66986756	-22.6681784	-22.66569711	-22.67005152	-22.67046614	-22.67062322	-22.67140577	-22.67331611	-22.67193369	-22.67148073	-22.66791543	-22.6706423	-22.67029103	-22.67065003	-22.67042466	-22.67126454	-22.6714258	-22.6701117	-22.67094779	-22.67313193	-22.67237159	-22.6701084	-22.67057723	-22.66987849	-22.66621143	-22.66767499	-22.67077886	-22.66942808	-22.67067639	-22.66939697	-22.66832598	-22.67027217	-22.67064081	-22.66923838	-22.6702638	-22.67318189	-22.67369106	-22.66882641	-22.67015963	-22.67214264
	14450000	-22.77122302	-22.7703232	-22.76992486	-22.77067429	-22.77149386	-22.76956213	-22.76545255	-22.76759628	-22.76710892	-22.76862204	-22.76815569	-22.77059518	-22.76983924	-22.76772248	-22.76696873	-22.76497249	-22.76591291	-22.76599102	-22.76453467	-22.76842447	-22.77055671	-22.77112865	-22.76755743	-22.76616603	-22.76563555	-22.76621121	-22.76442585	-22.76615111	-22.76582901	-22.76837334	-22.76756316	-22.77056737	-22.76784024	-22.76763215	-22.76718975	-22.76506001	-22.76250473	-22.76486047	-22.76564473	-22.76522052	-22.76704304	-22.76705782	-22.7718482	-22.76992709	-22.76844888	-22.76746099	-22.76500107	-22.7657737	-22.76479167	-22.76527292	-22.76787061	-22.76800674	-22.76713985	-22.77167653	-22.77178031	-22.76982101	-22.76892808	-22.7656587	-22.76517107	-22.76224046	-22.76561755	-22.76619867	-22.76741668	-22.76970283	-22.77129846	-22.77318888	-22.7698214	-22.76513609	-22.76710884	-22.76771826	-22.76649887	-22.76695427	-22.76800836	-22.76817508	-22.7690483	-22.77166954	-22.77163427	-22.7702308	-22.76833249	-22.76637524	-22.76768833	-22.76395012	-22.76497529	-22.76912183	-22.76968261	-22.7713692	-22.76942908	-22.76769494	-22.76855804	-22.77006711	-22.7681758	-22.76985008	-22.77313773	-22.77299727	-22.76917467	-22.77010799	-22.77406835
	15300000	-22.89185951	-22.89013773	-22.88925382	-22.88994115	-22.89277722	-22.8888378	-22.88451718	-22.88703116	-22.88506609	-22.88658861	-22.88731821	-22.88990896	-22.88968552	-22.88704633	-22.88383017	-22.88254736	-22.88408153	-22.88356072	-22.88302591	-22.88723094	-22.89092418	-22.89283347	-22.88630656	-22.88474512	-22.88323944	-22.88209355	-22.88109382	-22.88206691	-22.88271023	-22.8846211	-22.88665239	-22.8910759	-22.88823528	-22.88677332	-22.88488938	-22.88067458	-22.87920222	-22.88016874	-22.88132509	-22.88161142	-22.88334053	-22.88546317	-22.8913734	-22.89075382	-22.88698969	-22.88428239	-22.88176032	-22.88161912	-22.88144154	-22.881399	-22.88359917	-22.88527526	-22.88641611	-22.89147218	-22.89266053	-22.88748501	-22.88564434	-22.88384087	-22.88162489	-22.87899664	-22.88255129	-22.88331172	-22.88394232	-22.88749761	-22.89273275	-22.89442594	-22.88991234	-22.88427194	-22.88293682	-22.88328256	-22.88350514	-22.88318731	-22.88408916	-22.88625683	-22.88868847	-22.89354572	-22.89207671	-22.8890108	-22.88657798	-22.88474705	-22.88363225	-22.88211782	-22.88391556	-22.88822029	-22.89082222	-22.89112878	-22.88821434	-22.8862214	-22.88735835	-22.88853669	-22.88866125	-22.89152339	-22.89507697	-22.89442543	-22.89012057	-22.89136013	-22.89607046
	16150000	-23.03381836	-23.03105654	-23.02880811	-23.02977022	-23.03346282	-23.02857168	-23.02442932	-23.02340824	-23.0239746	-23.02432717	-23.02589604	-23.02859785	-23.02965922	-23.02649642	-23.02244316	-23.019708	-23.02000146	-23.02118233	-23.02091556	-23.02648942	-23.0306905	-23.03298721	-23.02540954	-23.02193805	-23.01919092	-23.01874075	-23.01735536	-23.01841506	-23.02043703	-23.02274586	-23.02626414	-23.03310049	-23.02951662	-23.02477473	-23.02172978	-23.01727672	-23.01527236	-23.01712832	-23.01660243	-23.01812762	-23.02072794	-23.02434471	-23.03222507	-23.03069324	-23.02391142	-23.02125863	-23.01780267	-23.01774076	-23.01649547	-23.01756358	-23.0184751	-23.0213662	-23.02481599	-23.03226301	-23.03268665	-23.02674659	-23.02300023	-23.02002775	-23.0177862	-23.01519114	-23.01797958	-23.018938	-23.02223275	-23.0265411	-23.03262022	-23.03620712	-23.02631739	-23.02328164	-23.02190955	-23.02001171	-23.01799907	-23.02064613	-23.02148131	-23.02366379	-23.02706944	-23.03508982	-23.03189199	-23.02763512	-23.02370021	-23.02099128	-23.02196485	-23.01999678	-23.02361085	-23.02750289	-23.03103205	-23.03231423	-23.02887654	-23.02583351	-23.02599577	-23.02709822	-23.02772783	-23.03135587	-23.0353142	-23.03465327	-23.03091233	-23.03161839	-23.03625075
	17000000	-23.19756362	-23.1937996	-23.1930987	-23.19371174	-23.19727025	-23.19290292	-23.18627307	-23.18585587	-23.18473288	-23.18700326	-23.18853652	-23.19312717	-23.19319779	-23.18668885	-23.18205815	-23.18120361	-23.18042629	-23.18065486	-23.18275239	-23.1882689	-23.19373944	-23.1979712	-23.18821602	-23.18401527	-23.17936578	-23.17840516	-23.17699171	-23.17862696	-23.17967892	-23.18390508	-23.1891244	-23.19689169	-23.19277704	-23.18688269	-23.1810419	-23.17788395	-23.17666838	-23.17634064	-23.17607959	-23.17923816	-23.18255085	-23.18623558	-23.19671851	-23.19492336	-23.18650162	-23.18229046	-23.17762532	-23.17579756	-23.17597609	-23.17547931	-23.17935218	-23.18250623	-23.18704024	-23.19545098	-23.1956731	-23.18786439	-23.18343388	-23.18048761	-23.17653536	-23.17529937	-23.1765654	-23.17935739	-23.18265694	-23.18789419	-23.19633816	-23.19938413	-23.1903651	-23.18377776	-23.18219339	-23.17915949	-23.17889048	-23.17852712	-23.1817199	-23.1847611	-23.19067457	-23.20010728	-23.19504398	-23.18956968	-23.18505159	-23.18266606	-23.18241361	-23.18153868	-23.18481886	-23.18957258	-23.19566841	-23.1947135	-23.19140127	-23.18868338	-23.18780745	-23.18913236	-23.19137662	-23.1958876	-23.19972055	-23.19861345	-23.19529441	-23.19613486	-23.20160948
	17850000	-23.37928818	-23.3747128	-23.37337848	-23.37557393	-23.37832963	-23.37366961	-23.36673008	-23.36598949	-23.36374516	-23.36464863	-23.36667556	-23.37309187	-23.37397999	-23.3666878	-23.36097802	-23.35793571	-23.35730722	-23.35862264	-23.361328	-23.36564376	-23.37504269	-23.38001971	-23.36852208	-23.36082522	-23.3572388	-23.35467675	-23.3537922	-23.35652452	-23.35771765	-23.36250606	-23.3694503	-23.37987714	-23.37494026	-23.36542805	-23.35888068	-23.35485189	-23.35257513	-23.35228563	-23.35341008	-23.35538419	-23.3595633	-23.36553695	-23.3757524	-23.37613774	-23.36540033	-23.35900355	-23.35599957	-23.35174471	-23.3513391	-23.35326583	-23.35556061	-23.35918815	-23.36575201	-23.37608149	-23.3766526	-23.36562365	-23.36036507	-23.35649292	-23.35426557	-23.35264608	-23.35420416	-23.35690418	-23.3600235	-23.36759119	-23.37743236	-23.37983671	-23.36898519	-23.36231821	-23.35847744	-23.35661124	-23.3551108	-23.35591198	-23.35898532	-23.36319057	-23.37109426	-23.38224196	-23.37577004	-23.36868968	-23.36368976	-23.36108014	-23.36030239	-23.36103831	-23.36366244	-23.36873289	-23.37733218	-23.37747705	-23.37118589	-23.36774888	-23.36761192	-23.36803798	-23.37059083	-23.37717578	-23.3817214	-23.37843621	-23.37708861	-23.3789493	-23.38309813
	18700000	-23.58241294	-23.57905285	-23.57649737	-23.57869037	-23.58348181	-23.57640803	-23.56971931	-23.56670773	-23.56584459	-23.56701401	-23.56997281	-23.57683964	-23.5761341	-23.56886918	-23.56157535	-23.55849437	-23.55796424	-23.55977457	-23.56218976	-23.56825261	-23.57792447	-23.58432984	-23.57050571	-23.56271034	-23.55688911	-23.55442684	-23.55515513	-23.55419947	-23.5575628	-23.56211203	-23.570623	-23.58418392	-23.57806861	-23.56766953	-23.56063309	-23.55465369	-23.55321446	-23.55272861	-23.55297834	-23.55552929	-23.56202863	-23.56815801	-23.58051838	-23.57955104	-23.56729674	-23.55960442	-23.55592281	-23.55303139	-23.55086599	-23.55214819	-23.55448036	-23.56068508	-23.56773184	-23.58041585	-23.58075872	-23.56918738	-23.56003812	-23.55605098	-23.553925	-23.55258859	-23.55275422	-23.55700173	-23.56076147	-23.56884071	-23.58085925	-23.58356037	-23.57260634	-23.56476378	-23.55926596	-23.55624939	-23.55527293	-23.55597039	-23.5594489	-23.56425935	-23.57398595	-23.5867416	-23.57972252	-23.57175035	-23.56315076	-23.56086127	-23.56058921	-23.56276206	-23.56656805	-23.57172043	-23.58024598	-23.58020421	-23.5743814	-23.57054447	-23.5695965	-23.57068126	-23.57390977	-23.58093572	-23.58686545	-23.58215503	-23.58095022	-23.58207724	-23.58817209
	19550000	-23.8064216	-23.80205748	-23.80091723	-23.80138516	-23.80652484	-23.79990975	-23.7927843	-23.79060812	-23.78861566	-23.78898498	-23.79279594	-23.79982913	-23.7998124	-23.7916364	-23.78455247	-23.78158139	-23.78039853	-23.78279538	-23.78532691	-23.79231808	-23.8014841	-23.80802757	-23.79420437	-23.78591113	-23.77905535	-23.7760935	-23.77582963	-23.77737371	-23.77966167	-23.78594375	-23.79548636	-23.80908315	-23.80347935	-23.79307836	-23.78260539	-23.77784479	-23.77588199	-23.77454651	-23.77559578	-23.7783899	-23.78416929	-23.79187461	-23.80554706	-23.80328599	-23.78954218	-23.78238287	-23.77625939	-23.77465847	-23.77199897	-23.77333495	-23.77673586	-23.78216762	-23.79143682	-23.80356766	-23.80463391	-23.79102295	-23.78311446	-23.77752892	-23.77558766	-23.77560449	-23.77565682	-23.7769292	-23.7836088	-23.79185385	-23.80410038	-23.80934931	-23.79467174	-23.78767162	-23.7814621	-23.77840933	-23.77657651	-23.77789656	-23.78069488	-23.78605845	-23.79555177	-23.81092834	-23.80313334	-23.79426057	-23.78737416	-23.78302357	-23.78171456	-23.78532886	-23.78794644	-23.79352437	-23.80464883	-23.80450251	-23.79858915	-23.79387335	-23.79241413	-23.792117	-23.79758958	-23.80627448	-23.81056531	-23.80613042	-23.80445142	-23.80749361	-23.81150773
	20400000	-24.02145654	-24.01628511	-24.01540837	-24.01630183	-24.02085794	-24.01582609	-24.00938998	-24.00507213	-24.0044737	-24.00459312	-24.00799327	-24.01490373	-24.01506204	-24.00622264	-23.99993802	-23.99916734	-23.99750454	-23.99790676	-24.00222205	-24.0081611	-24.01688039	-24.02267188	-24.00965097	-24.00172692	-23.99617671	-23.99363452	-23.99213078	-23.99296164	-23.99706066	-24.00110309	-24.00985262	-24.02368025	-24.01815147	-24.00665797	-23.99879168	-23.99525414	-23.99218092	-23.99086717	-23.99047854	-23.99528169	-23.99982507	-24.00821606	-24.01901293	-24.0188795	-24.00623762	-23.99848467	-23.99453967	-23.99167401	-23.99090248	-23.99133179	-23.99289142	-23.99780063	-24.00607205	-24.01800872	-24.01791181	-24.00657755	-23.99922884	-23.9935222	-23.99255942	-23.99301113	-23.99301707	-23.99495083	-23.99931835	-24.0066785	-24.01888588	-24.02275803	-24.01041459	-24.00357585	-23.99852624	-23.99514068	-23.99340678	-23.99458749	-23.99778054	-24.00264924	-24.01278403	-24.02501497	-24.01727112	-24.00989705	-24.00297418	-24.00077302	-23.99913439	-24.00224756	-24.00516376	-24.00917791	-24.01919476	-24.02001774	-24.01379278	-24.00964073	-24.00797795	-24.00908137	-24.01331163	-24.0198491	-24.02483314	-24.0203724	-24.01987834	-24.02197158	-24.02570381
	21250000	-24.19510636	-24.19083665	-24.19077494	-24.19196699	-24.19364745	-24.19189607	-24.18700843	-24.18350199	-24.18179893	-24.1827003	-24.18492578	-24.18916675	-24.18969281	-24.18431189	-24.18012978	-24.17835446	-24.17680784	-24.17675052	-24.18053811	-24.18490647	-24.19188425	-24.19673722	-24.18698525	-24.17998444	-24.17620923	-24.1736338	-24.17313635	-24.17388571	-24.17647461	-24.18073119	-24.18841788	-24.19862022	-24.19361204	-24.18387024	-24.17834835	-24.17515138	-24.1740335	-24.17210687	-24.17310058	-24.17611112	-24.17996971	-24.18651054	-24.19466095	-24.19438433	-24.18293308	-24.17738343	-24.1748815	-24.17393539	-24.17198188	-24.17221673	-24.17502045	-24.17812589	-24.18477529	-24.19386837	-24.19333553	-24.18404564	-24.17766952	-24.17472185	-24.17364753	-24.17339092	-24.17390647	-24.17513258	-24.17936262	-24.18363631	-24.19321166	-24.19616323	-24.18686685	-24.18199001	-24.17804236	-24.17600116	-24.17503068	-24.17586988	-24.1766264	-24.18240417	-24.18882143	-24.19867826	-24.19347618	-24.18643363	-24.182357	-24.18085063	-24.17877855	-24.18170766	-24.18335598	-24.18739107	-24.19406979	-24.19524129	-24.19067859	-24.18758482	-24.18703112	-24.18594956	-24.18925078	-24.19509666	-24.19873041	-24.19496422	-24.19518082	-24.19773207	-24.19966263
