BPM Serial No.	16elec																																																																																																	
BPM Size	110																																																																																																	
"Experi,menter"	Tajima      Toyama      Hanamura      Kawachi      																																																																																																	
Meas. Start Time	2019/08/2918:29																																																																																																	
Meas. Finish Time	2019/08/2919:17																																																																																																	
Linear Scale Origin X(mm)	-99.334																																																																																																	
Linear Scale Origin Y(mm)	88.445																																																																																																	
note																																																																																																		
																																																																																																		
																																																																																																		
Data Point Number		1	2	3	4	5	6	7	8	9	10	11	12	13	14	15	16	17	18	19	20	21	22	23	24	25	26	27	28	29	30	31	32	33	34	35	36	37	38	39	40	41	42	43	44	45	46	47	48	49	50	51	52	53	54	55	56	57	58	59	60	61	62	63	64	65	66	67	68	69	70	71	72	73	74	75	76	77	78	79	80	81	82	83	84	85	86	87	88	89	90	91	92	93	94	95	96	97
Linear Scale X (mm)		-119.335	-109.338	-99.336	-89.336	-79.335	-129.337	-119.338	-109.338	-99.336	-89.336	-79.335	-69.334	-139.338	-129.339	-119.339	-109.338	-99.337	-89.336	-79.335	-69.334	-59.333	-149.339	-139.341	-129.339	-119.339	-109.338	-99.337	-89.336	-79.335	-69.334	-59.333	-49.332	-149.339	-139.341	-129.339	-119.338	-109.338	-99.337	-89.336	-79.335	-69.334	-59.333	-49.332	-149.339	-139.341	-129.339	-119.338	-109.338	-99.337	-89.336	-79.335	-69.334	-59.333	-49.332	-149.339	-139.341	-129.339	-119.338	-109.338	-99.337	-89.336	-79.335	-69.334	-59.333	-49.332	-149.339	-139.341	-129.339	-119.338	-109.338	-99.337	-89.336	-79.335	-69.334	-59.333	-49.332	-139.338	-129.339	-119.339	-109.338	-99.337	-89.336	-79.335	-69.334	-59.333	-129.337	-119.338	-109.338	-99.337	-89.336	-79.335	-69.334	-119.336	-109.338	-99.337	-89.336	-79.335
Linear Scale Y (mm)		38.448	38.448	38.448	38.448	38.448	48.444	48.444	48.444	48.444	48.444	48.444	48.444	58.444	58.444	58.444	58.444	58.444	58.444	58.444	58.444	58.444	68.443	68.443	68.443	68.443	68.443	68.443	68.443	68.443	68.443	68.443	68.443	78.443	78.443	78.443	78.443	78.443	78.443	78.443	78.443	78.443	78.443	78.443	88.442	88.442	88.442	88.442	88.442	88.442	88.442	88.442	88.442	88.442	88.442	98.442	98.442	98.442	98.442	98.442	98.442	98.442	98.442	98.442	98.442	98.442	108.443	108.443	108.443	108.443	108.443	108.443	108.443	108.443	108.443	108.443	108.443	118.442	118.442	118.442	118.442	118.442	118.442	118.442	118.442	118.442	128.442	128.442	128.442	128.442	128.442	128.442	128.442	138.442	138.442	138.442	138.442	138.442
R(beam)[mm]		20.001	10.004	0.002	-9.998	-19.999	30.003	20.004	10.004	0.002	-9.998	-19.999	-30	40.004	30.005	20.005	10.004	0.003	-9.998	-19.999	-30	-40.001	50.005	40.007	30.005	20.005	10.004	0.003	-9.998	-19.999	-30	-40.001	-50.002	50.005	40.007	30.005	20.004	10.004	0.003	-9.998	-19.999	-30	-40.001	-50.002	50.005	40.007	30.005	20.004	10.004	0.003	-9.998	-19.999	-30	-40.001	-50.002	50.005	40.007	30.005	20.004	10.004	0.003	-9.998	-19.999	-30	-40.001	-50.002	50.005	40.007	30.005	20.004	10.004	0.003	-9.998	-19.999	-30	-40.001	-50.002	40.004	30.005	20.005	10.004	0.003	-9.998	-19.999	-30	-40.001	30.003	20.004	10.004	0.003	-9.998	-19.999	-30	20.002	10.004	0.003	-9.998	-19.999
Y(beam)[mm]		-49.997	-49.997	-49.997	-49.997	-49.997	-40.001	-40.001	-40.001	-40.001	-40.001	-40.001	-40.001	-30.001	-30.001	-30.001	-30.001	-30.001	-30.001	-30.001	-30.001	-30.001	-20.002	-20.002	-20.002	-20.002	-20.002	-20.002	-20.002	-20.002	-20.002	-20.002	-20.002	-10.002	-10.002	-10.002	-10.002	-10.002	-10.002	-10.002	-10.002	-10.002	-10.002	-10.002	-0.003	-0.003	-0.003	-0.003	-0.003	-0.003	-0.003	-0.003	-0.003	-0.003	-0.003	9.997	9.997	9.997	9.997	9.997	9.997	9.997	9.997	9.997	9.997	9.997	19.998	19.998	19.998	19.998	19.998	19.998	19.998	19.998	19.998	19.998	19.998	29.997	29.997	29.997	29.997	29.997	29.997	29.997	29.997	29.997	39.997	39.997	39.997	39.997	39.997	39.997	39.997	49.997	49.997	49.997	49.997	49.997
Net Ana Temperature[℃]		22.30299403	22.29779797	22.31569462	22.35359647	22.3563464	22.39449494	22.40221761	22.42107245	22.42324851	22.42756167	22.44691509	22.46235523	22.45488185	22.43181511	22.40169047	22.40147754	22.38344326	22.38426642	22.40855362	22.42736172	22.41201506	22.39949364	22.38443521	22.36776422	22.3632511	22.3812672	22.3992054	22.39608413	22.40418852	22.3796832	22.37913529	22.39176058	22.41925993	22.41888341	22.38360945	22.3633342	22.35538042	22.38004934	22.36783433	22.39179174	22.38347702	22.40754869	22.41136069	22.41684498	22.4338068	22.42712023	22.43115035	22.44795118	22.4394469	22.44135549	22.4479356	22.42539081	22.40486887	22.41169566	22.47165931	22.48307453	22.48794599	22.46806284	22.47298883	22.44920021	22.42491301	22.41530252	22.4250039	22.42291093	22.41224098	22.47256037	22.47388471	22.47329005	22.47080499	22.4748377	22.4814282	22.48210075	22.48917164	22.47226694	22.44477538	22.44618541	22.48037393	22.49520384	22.47284601	22.46625292	22.4950818	22.49768632	22.51417294	22.50036614	22.4905531	22.50016359	22.47225136	22.48205142	22.48946767	22.45434173	22.42746819	22.42883147	22.44981304	22.44609712	22.43212932	22.41875617	22.43922098
BPM Temperature[℃]		20.45964684	20.45580369	20.46655414	20.45310309	20.42038432	20.43316022	20.42435731	20.43837964	20.45403791	20.47265645	20.45684238	20.4224617	20.48254999	20.48418593	20.46800831	20.46650221	20.46302259	20.45956894	20.44655934	20.45741366	20.45427162	20.4308751	20.44707868	20.45172682	20.45481693	20.45588159	20.46232147	20.46865749	20.45585562	20.42209816	20.43913269	20.45512854	20.46787847	20.47969359	20.47995326	20.47930408	20.48641911	20.50018177	20.48860036	20.47109842	20.47029343	20.46852766	20.48717216	20.45377824	20.45956894	20.45001298	20.45138925	20.43627629	20.44723448	20.48288756	20.51243833	20.50724487	20.5212672	20.49527395	20.47974552	20.4913529	20.47185147	20.47005972	20.48556219	20.50373929	20.52326668	20.53819787	20.54450792	20.53025188	20.53412101	20.55707608	20.57229291	20.58405609	20.55463516	20.52575954	20.5226175	20.50498572	20.51625552	20.51950143	20.51186705	20.51487925	20.47727863	20.48680862	20.4789665	20.50309011	20.53632823	20.53126461	20.52347442	20.5323812	20.55437549	20.57156583	20.55686835	20.54437808	20.5268242	20.50763438	20.48057647	20.50688133	20.48805505	20.48501688	20.48525058	20.48299143	20.47392885
Frequency (Hz) / Data (dB)	850000	-32.70967481	-34.79050598	-37.57296168	-40.71111345	-43.97871374	-35.56865582	-35.59549932	-36.7944572	-38.76161231	-41.15439834	-43.85303402	-46.82307113	-39.75665953	-38.4037944	-38.20228063	-38.87404441	-40.29139753	-42.17291897	-44.37909539	-46.90679041	-49.80551447	-44.26673311	-42.04564935	-40.8799102	-40.57593465	-40.99886646	-42.01327546	-43.48699159	-45.33178274	-47.52818133	-50.06324449	-53.18171283	-46.29770971	-44.3018036	-43.20189063	-42.77453464	-43.00138052	-43.79319988	-45.00074575	-46.53422404	-48.45865069	-50.7813748	-53.6621937	-48.31393517	-46.51944197	-45.43372796	-44.95528613	-45.0852407	-45.66023966	-46.64189061	-48.00050732	-49.70990929	-51.77448984	-54.52492729	-50.57254944	-48.75910868	-47.66715244	-47.18270194	-47.13737607	-47.59264324	-48.42168512	-49.63415849	-51.21021883	-53.19668749	-55.77729575	-52.97420535	-51.0903591	-49.98155119	-49.4028248	-49.30581787	-49.64547436	-50.3569729	-51.45456006	-52.95309224	-54.78845443	-57.39585409	-53.6868356	-52.44261763	-51.78466677	-51.5840116	-51.82596286	-52.41111847	-53.46891153	-54.87865255	-56.85331812	-55.12620035	-54.38838293	-54.174424	-54.25566135	-54.88281498	-55.85328557	-57.24924141	-57.48099548	-57.09962867	-57.15615023	-57.72488036	-58.75599885
	1700000	-26.88691767	-28.97253189	-31.76957975	-34.90903215	-38.19512032	-29.76642579	-29.77779071	-30.9772594	-32.94382739	-35.35312948	-38.05198025	-41.02323215	-33.95080887	-32.59323332	-32.37923279	-33.06796572	-34.48032427	-36.35611187	-38.58193923	-41.10982863	-44.01161973	-38.48854686	-36.25634497	-35.07220455	-34.75572117	-35.17968507	-36.19619167	-37.67263261	-39.53116246	-41.72077281	-44.26367543	-47.36203082	-40.49809778	-38.50665406	-37.38938817	-36.97499552	-37.19934742	-37.98004801	-39.18361373	-40.7272592	-42.66086035	-44.98920889	-47.80804073	-42.53611128	-40.7046721	-39.62008208	-39.14823911	-39.26583072	-39.84365367	-40.83131412	-42.19046076	-43.90682571	-46.01337098	-48.68486648	-44.76928012	-42.93941875	-41.85641018	-41.35186784	-41.31528798	-41.77384764	-42.60562746	-43.81945536	-45.36782306	-47.37222525	-49.93765435	-47.14994822	-45.28588219	-44.15160864	-43.57959479	-43.48963664	-43.82053554	-44.539714	-45.64032074	-47.10759824	-48.99529331	-51.53552594	-47.85409967	-46.60496339	-45.96045843	-45.74774162	-46.02289712	-46.61946847	-47.66769816	-49.08878952	-51.02531749	-49.31207668	-48.5375625	-48.27657227	-48.45978389	-49.04187014	-50.04165653	-51.46666373	-51.64477515	-51.20644724	-51.27600976	-51.8609439	-52.89048771
	2550000	-23.55255819	-25.63788577	-28.44741837	-31.5885338	-34.88151267	-26.44312147	-26.44415302	-27.64188895	-29.61437981	-32.02698759	-34.72687934	-37.70758735	-30.62543326	-29.26239997	-29.04929158	-29.74217897	-31.15111309	-33.02845296	-35.25299061	-37.79185655	-40.71289351	-35.17269524	-32.93670879	-31.74337804	-31.42601674	-31.84970447	-32.86711982	-34.3474589	-36.19933451	-38.40547711	-40.95994831	-44.05823253	-37.18234987	-35.18439022	-34.06296347	-33.64932072	-33.87950723	-34.65401872	-35.85614973	-37.41297533	-39.35572541	-41.67493472	-44.51371472	-39.2269048	-37.38555999	-36.2969899	-35.83236224	-35.94368867	-36.51981798	-37.50713748	-38.86850272	-40.59182634	-42.70214691	-45.36469526	-41.44877519	-39.62611362	-38.53204488	-38.02879032	-38.00130693	-38.44978574	-39.28142949	-40.4963148	-42.07217295	-44.07425555	-46.62393248	-43.85341055	-41.98047921	-40.83426876	-40.25285023	-40.16694548	-40.50045438	-41.21878102	-42.30945022	-43.79720326	-45.69671389	-48.24499848	-44.53214661	-43.28885052	-42.63448821	-42.43047036	-42.68919474	-43.31216956	-44.35592101	-45.80179967	-47.73746179	-46.01612333	-45.23402637	-44.98182705	-45.14213286	-45.73931553	-46.73685872	-48.17705368	-48.32403221	-47.91523234	-47.99076667	-48.56086676	-49.60667181
	3400000	-21.20752216	-23.29441352	-26.11197076	-29.2527498	-32.5473667	-24.10430217	-24.10013363	-25.2994219	-27.27444332	-29.6885646	-32.38997511	-35.37329902	-28.28897846	-26.92119872	-26.70479225	-27.40254454	-28.80905879	-30.68672473	-32.91632499	-35.45484468	-38.38446271	-32.84758456	-30.60105195	-29.40311433	-29.08417878	-29.50645344	-30.52564693	-32.00420556	-33.86347386	-36.06470482	-38.6344581	-41.73658073	-34.85267262	-32.84725323	-31.72274183	-31.31129145	-31.54089175	-32.31229436	-33.51457942	-35.07475691	-37.01990917	-39.34913306	-42.1795048	-36.8965282	-35.04629488	-33.95754251	-33.49416209	-33.60337335	-34.18033944	-35.16676456	-36.53492193	-38.26475594	-40.38097605	-43.04120916	-39.11695714	-37.29015626	-36.19573	-35.68449734	-35.66686214	-36.11496424	-36.94132091	-38.15620351	-39.73618327	-41.7407559	-44.29644526	-41.52246545	-39.6401133	-38.50090621	-37.91737111	-37.8299204	-38.16488915	-38.88530808	-39.97893064	-41.47034956	-43.38327504	-45.92185382	-42.21044166	-40.95850154	-40.30181431	-40.10752847	-40.3593669	-40.98182149	-42.02746606	-43.46681048	-45.42720495	-43.68673901	-42.90988105	-42.64793695	-42.81416861	-43.40602405	-44.41725563	-45.85628928	-46.00052803	-45.60232408	-45.66775348	-46.23924704	-47.2936818
	4250000	-19.3979361	-21.48609238	-24.30771893	-27.44788274	-30.74686503	-22.29716602	-22.28984928	-23.48842609	-25.46426148	-27.87805115	-30.58420602	-33.57169432	-26.48270213	-25.11138024	-24.89485114	-25.59335418	-26.99835824	-28.87666812	-31.1068162	-33.65073878	-36.586628	-31.04863234	-28.79844978	-27.59331248	-27.27252755	-27.69496986	-28.71313657	-30.19556189	-32.0532895	-34.26047015	-36.83274662	-39.94260839	-33.04974075	-31.04078439	-29.91303582	-29.50086717	-29.73338364	-30.50068135	-31.70263706	-33.26808768	-35.21648308	-37.54830803	-40.38252664	-35.09703925	-33.23990077	-32.15216805	-31.6837761	-31.79127379	-32.3696697	-33.35910674	-34.72242901	-36.45265659	-38.58184713	-41.24670745	-37.32082795	-35.48348364	-34.38482485	-33.87772639	-33.8557111	-34.30699333	-35.13658864	-36.34624179	-37.93767861	-39.93803977	-42.50439251	-39.72520772	-37.84179943	-36.69103897	-36.10994677	-36.02287459	-36.35877455	-37.07799192	-38.17417485	-39.67024177	-41.58872257	-44.13525575	-40.41000657	-39.15468467	-38.49798634	-38.30105184	-38.55973857	-39.18673791	-40.22137919	-41.67405035	-43.62802652	-41.89496957	-41.10196459	-40.84945724	-41.0159883	-41.60605932	-42.6158387	-44.07752072	-44.21167628	-43.81317845	-43.8813851	-44.45197701	-45.48875834
	5100000	-17.92880835	-20.01672141	-22.8401424	-25.982229	-29.28440571	-20.82968183	-20.81872852	-22.01873611	-23.99393077	-26.41021898	-29.11763853	-32.10740826	-25.01542627	-23.64105715	-23.42232156	-24.12144186	-25.52583134	-27.40511058	-29.6381177	-32.18502968	-35.12188561	-29.58662001	-27.33095797	-26.12278061	-25.79977894	-26.22148888	-27.24043349	-28.72237376	-30.5830912	-32.79382164	-35.3707155	-38.48182754	-31.58573296	-29.57292819	-28.44332362	-28.03151099	-28.26139935	-29.02889261	-30.23272108	-31.7965314	-33.74693997	-36.07860086	-38.918301	-33.63543643	-31.77325556	-30.67945188	-30.2138355	-30.31957698	-30.89895307	-31.8841722	-33.25330971	-34.98540897	-37.11282509	-39.78241462	-35.85676477	-34.0191495	-32.91525219	-32.40860773	-32.3870205	-32.83325738	-33.66274586	-34.87747528	-36.46744145	-38.47856875	-41.04668627	-38.26275894	-36.37840971	-35.22593072	-34.64147367	-34.55284007	-34.88612946	-35.60871368	-36.70528293	-38.20034874	-40.13012585	-42.6738808	-38.94398003	-37.69286385	-37.02932159	-36.83614445	-37.09021573	-37.71646881	-38.75647297	-40.20630895	-42.16722961	-40.4367736	-39.64574055	-39.38521524	-39.55285908	-40.14385364	-41.15740961	-42.62081976	-42.7514417	-42.3423033	-42.41733424	-42.98576547	-44.03341987
	5950000	-16.71385696	-18.80192573	-21.62674727	-24.76920405	-28.07283961	-19.6151373	-19.60138394	-20.80014894	-22.77594654	-25.19261092	-27.90264794	-30.89416428	-23.80212326	-22.42384952	-22.20290564	-22.90275708	-24.30689471	-26.18594221	-28.42169077	-30.96914935	-33.91133783	-28.3782956	-26.11780794	-24.90455221	-24.57932882	-25.00058414	-26.01904465	-27.50430535	-29.36330368	-31.5737141	-34.15806091	-37.27052424	-30.37334966	-28.35671208	-27.22361983	-26.81248536	-27.04195364	-27.80757538	-29.01151307	-30.57790636	-32.52678446	-34.86876719	-37.7105997	-32.42565299	-30.55736947	-29.46281313	-28.99443367	-29.09860063	-29.67621873	-30.66429298	-32.03232232	-33.76851021	-35.89907392	-38.57690542	-34.64453818	-32.80371894	-31.69732378	-31.18634924	-31.1670001	-31.61154247	-32.44492742	-33.65611435	-35.2543829	-37.26506074	-39.82750281	-37.05551984	-35.16212525	-34.00901309	-33.42223135	-33.33045077	-33.66759941	-34.38797743	-35.48768145	-36.9859577	-38.91517246	-41.46535272	-37.73774186	-36.47803553	-35.81037463	-35.61879973	-35.86969376	-36.50277433	-37.53861742	-38.99938572	-40.9592523	-39.22360294	-38.43471899	-38.17111067	-38.34093816	-38.92760049	-39.94261604	-41.402664	-41.54644682	-41.14243945	-41.21324273	-41.77760004	-42.82437251
	6800000	-15.69445275	-17.78216717	-20.60853859	-23.75134728	-27.05646947	-18.59691502	-18.57896243	-19.77751284	-21.75301508	-24.17153867	-26.88235442	-29.87752674	-22.78365503	-21.40238243	-21.17908834	-21.87874343	-23.28113197	-25.16297848	-27.396413	-29.95167998	-32.89338509	-27.36399689	-25.09871174	-23.88114929	-23.55425413	-23.97503623	-24.99202467	-26.47740876	-28.33959873	-30.55326109	-33.13895583	-36.26023993	-29.35839609	-27.33508239	-26.19965956	-25.78860861	-26.01795632	-26.78240887	-27.98509006	-29.5542352	-31.50416065	-33.84736167	-36.68943736	-31.40898709	-29.53633753	-28.43953271	-27.97026276	-28.07324367	-28.64932496	-29.63830789	-31.00697686	-32.74533609	-34.88174462	-37.5535682	-33.6301001	-31.78281279	-30.67648503	-30.1622024	-30.14289938	-30.58769419	-31.41677313	-32.6346455	-34.23017469	-36.24428206	-38.81698483	-36.04313338	-34.14454774	-32.98637345	-32.39813602	-32.31014684	-32.64207497	-33.36174483	-34.46686365	-35.96026235	-37.89705265	-40.45484004	-36.71578608	-35.45906554	-34.79234818	-34.596666	-34.84979136	-35.47891028	-36.51445701	-37.97545934	-39.94642036	-38.21298571	-37.41676249	-37.14535506	-37.31731459	-37.90510273	-38.92184159	-40.3904888	-40.52722883	-40.11722973	-40.19442638	-40.75749257	-41.80385953
	7650000	-14.84000776	-16.92604105	-19.75242775	-22.89609824	-26.20272575	-17.74157104	-17.72031894	-18.918331	-20.89339845	-23.3116864	-26.02382695	-29.02108302	-21.92837136	-20.54229067	-20.31731826	-21.01724476	-22.41988247	-24.30097168	-26.53702914	-29.09075835	-32.03931007	-26.51326407	-24.24159951	-23.01996572	-22.69195077	-23.11144227	-24.12935476	-25.6142495	-27.47653381	-29.69279619	-32.28294081	-35.40869973	-28.50213033	-26.47743048	-25.34006307	-24.92560639	-25.15466228	-25.91742691	-27.11942972	-28.69158269	-30.64442763	-32.98746782	-35.83999573	-30.55737185	-28.67879225	-27.57709647	-27.10896805	-27.20866921	-27.78501874	-28.77460207	-30.14249409	-31.88440217	-34.02341691	-36.70132579	-32.77475552	-30.92572036	-29.81546012	-29.30221219	-29.27982428	-29.72302205	-30.55600887	-31.77103732	-33.36852775	-35.38789026	-37.96623021	-35.19039572	-33.28716632	-32.1267514	-31.53883168	-31.44444869	-31.77902159	-32.50090105	-33.60618575	-35.10289873	-37.04101187	-39.60364167	-35.86495882	-34.60295528	-33.93183767	-33.73703363	-33.98828823	-34.61955291	-35.66204222	-37.12167922	-39.092041	-37.35924811	-36.56608416	-36.29213908	-36.4570299	-37.04917004	-38.06349583	-39.5434889	-39.68031759	-39.26812366	-39.3479691	-39.90604683	-40.95884145
	8500000	-14.12222807	-16.20792109	-19.03589877	-22.17936052	-25.4889084	-17.02424555	-16.99959592	-18.19746521	-20.1719119	-22.59040538	-25.30501416	-28.30481028	-21.20991909	-19.82148209	-19.59484772	-20.29532624	-21.69528458	-23.57715787	-25.81483298	-28.37273141	-31.32071772	-25.79996085	-23.52427439	-22.29895572	-21.96805607	-22.38519101	-23.40319265	-24.88840916	-26.75353959	-28.97245626	-31.56215428	-34.69566528	-27.78630204	-25.75765759	-24.61469275	-24.20157355	-24.4299156	-25.19178536	-26.39583254	-27.9714021	-29.91995232	-32.26537566	-35.12689832	-29.84135041	-27.95672654	-26.85293212	-26.38538147	-26.4833887	-27.05802898	-28.04845064	-29.4201934	-31.16086456	-33.30448305	-35.98414671	-32.05876649	-30.20510633	-29.09220486	-28.57491726	-28.55666912	-28.99927396	-29.830663	-31.04696823	-32.64500988	-34.66808895	-37.24405532	-34.47320075	-32.56944256	-31.40555791	-30.81613156	-30.72265829	-31.05571653	-31.77822436	-32.88104266	-34.38029609	-36.32442052	-38.89026894	-35.149298	-33.88204426	-33.21094989	-33.0170585	-33.26558844	-33.89854409	-34.93526895	-36.39822186	-38.37600038	-36.64084187	-35.84791124	-35.57050339	-35.73828161	-36.32866532	-37.34271387	-38.82401563	-38.96763609	-38.54886788	-38.62559842	-39.19344291	-40.23844155
	9350000	-13.50677912	-15.59134934	-18.42043831	-21.56495665	-24.87387849	-16.40856406	-16.38071446	-17.578757	-19.55280759	-21.97259874	-24.68800136	-27.68767265	-20.59469002	-19.20260049	-18.97365142	-19.67525651	-21.07495632	-22.95672983	-25.19453429	-27.75348132	-30.70967932	-25.18869516	-22.907907	-21.67881423	-21.34764449	-21.7649607	-22.78105443	-24.26639981	-26.13294223	-28.35208598	-30.95049439	-34.08583687	-27.17368328	-25.14061776	-23.99447397	-23.58160939	-23.80949466	-24.5710133	-25.7737248	-27.34835746	-29.30237542	-31.64942048	-34.51250674	-29.22753908	-27.33873285	-26.23256137	-25.76466019	-25.86151566	-26.43785867	-27.42753085	-28.79788762	-30.54309963	-32.68707161	-35.37503777	-31.44605288	-29.58794628	-28.47165135	-27.95417262	-27.93593319	-28.37729781	-29.20867172	-30.42679635	-32.02665048	-34.05165889	-36.63592215	-33.86271295	-31.95284733	-30.78599387	-30.19499964	-30.10172962	-30.43348649	-31.15554733	-32.25863262	-33.76216148	-35.71437959	-38.28512745	-34.53334714	-33.26434035	-32.59243793	-32.39806959	-32.64581714	-33.28298471	-34.31941526	-35.79037069	-37.76377732	-36.03131703	-35.23704572	-34.95436397	-35.12131712	-35.71024161	-36.73158416	-38.2121091	-38.35221912	-37.93324454	-38.01256911	-38.58286316	-39.63442366
	10200000	-12.95656864	-15.04050978	-17.86998644	-21.01447157	-24.32537635	-15.85857296	-15.82996624	-17.02701622	-19.00032735	-21.42016787	-24.13712803	-27.14078807	-20.04501938	-18.64991472	-18.42092705	-19.12368377	-20.52218028	-22.4042611	-24.64436163	-27.20544099	-30.15901177	-24.64242528	-22.35838488	-21.12716329	-20.793942	-21.20952117	-22.22762527	-23.7138038	-25.57996926	-27.79944332	-30.40095044	-33.54336127	-26.62321995	-24.58951789	-23.44240997	-23.02949347	-23.2570729	-24.01622666	-25.21961372	-26.7975687	-28.7484107	-31.09892762	-33.96586962	-28.68173956	-26.78771817	-25.67896537	-25.21262771	-25.30783118	-25.88398986	-26.873379	-28.24383491	-29.98869154	-32.14022876	-34.82483052	-30.89551139	-29.03615034	-27.91955436	-27.40139438	-27.38206183	-27.82223298	-28.65634571	-29.87578588	-31.47605029	-33.49970202	-36.0878154	-33.31438483	-31.40111258	-30.23569065	-29.64193165	-29.54764475	-29.87923853	-30.60321394	-31.70969919	-33.21213747	-35.16102376	-37.73944067	-33.99015086	-32.71323828	-32.04170406	-31.84484463	-32.09473507	-32.73260712	-33.76738129	-35.2361175	-37.21581496	-35.49043723	-34.68552066	-34.40633015	-34.57194767	-35.16617093	-36.18311962	-37.66960762	-37.80768576	-37.38684598	-37.46988836	-38.03080894	-39.08750661
	11050000	-12.43524765	-14.51875228	-17.35103004	-20.49492388	-23.80749151	-15.33843582	-15.30799971	-16.50626972	-18.47902027	-20.899497	-23.61616166	-26.62138132	-19.52394419	-18.12904215	-17.90040265	-18.60248941	-20.00180077	-21.88299915	-24.1223944	-26.6845481	-29.64169913	-24.12448615	-21.8388933	-20.60637115	-20.27314778	-20.68991414	-21.70660332	-23.19215506	-25.05939035	-27.28015318	-29.88165485	-33.023527	-26.10678869	-24.06951523	-22.9227119	-22.50899597	-22.73620771	-23.49523738	-24.69771071	-26.27690106	-28.22916159	-30.57940389	-33.44804066	-28.16292955	-26.26825372	-25.16047568	-24.69357329	-24.78800368	-25.3621395	-26.35205514	-27.72407679	-29.46796504	-31.61781975	-34.30860347	-30.3772002	-28.51642887	-27.39953097	-26.87945613	-26.86503492	-27.3019647	-28.13555818	-29.35228437	-30.95376825	-32.9802585	-35.56718086	-32.79620806	-30.88254095	-29.71473171	-29.12255831	-29.02673616	-29.35745914	-30.08376871	-31.18773607	-32.69307442	-34.64632021	-37.2188615	-33.47023496	-32.19524992	-31.52004726	-31.32648687	-31.57642231	-32.21085014	-33.25226309	-34.71887557	-36.6989934	-34.97295163	-34.16713785	-33.88718762	-34.05536527	-34.65074397	-35.66121478	-37.14873491	-37.29118067	-36.87031147	-36.95364299	-37.51658068	-38.57860817
	11900000	-11.91876089	-14.00224403	-16.83595518	-19.98033363	-23.29199552	-14.82256722	-14.7932704	-15.99102848	-17.96433538	-20.38466242	-23.10259679	-26.10647041	-19.00965864	-17.6137445	-17.38533476	-18.08830073	-19.48709051	-21.37057786	-23.60884508	-26.17026713	-29.12571975	-23.61198254	-21.32564328	-20.09287327	-19.75941052	-20.17560617	-21.19241586	-22.68014343	-24.54643251	-26.7659756	-29.36934858	-32.5119101	-25.59180283	-23.55650914	-22.40914323	-21.99686314	-22.22420954	-22.98357967	-24.18625709	-25.7644947	-27.71642431	-30.06504117	-32.93592582	-27.64971079	-25.75506766	-24.6473947	-24.18122536	-24.2743925	-24.84976408	-25.83800132	-27.2118881	-28.95454096	-31.10461059	-33.79414903	-29.86278901	-28.00362583	-26.88720689	-26.36721863	-26.34994246	-26.79105263	-27.62123706	-28.83992339	-30.44115065	-32.46816807	-35.05849057	-32.28308367	-30.36930291	-29.20146626	-28.61107969	-28.51384436	-28.8453633	-29.57057491	-30.67431668	-32.17790504	-34.13539982	-36.71191333	-32.95599247	-31.68323754	-31.00829165	-30.8143507	-31.06178559	-31.70184927	-32.7363872	-34.20269719	-36.18407082	-34.45871077	-33.65921447	-33.37525169	-33.54465434	-34.13140419	-35.15461332	-36.63368157	-36.78631903	-36.35801432	-36.44245334	-37.01111297	-38.06212335
	12750000	-11.39641493	-13.48079749	-16.31612581	-19.46046076	-22.77294262	-14.30247594	-14.27194454	-15.47192246	-17.44532754	-19.86634312	-22.58441593	-25.58863199	-18.48956547	-17.09509116	-16.8669255	-17.57114713	-18.96910266	-20.85170625	-23.09154577	-25.65350253	-28.60912928	-23.09438954	-20.80722283	-19.57452368	-19.24260278	-19.6590326	-20.67530119	-22.16166719	-24.02805977	-26.24899013	-28.85004349	-31.99533977	-25.07301484	-23.03845513	-21.89132957	-21.47924045	-21.70775818	-22.46536024	-23.66966546	-25.24741639	-27.19990702	-29.54594779	-32.41584319	-27.13480412	-25.23950704	-24.12829175	-23.66322233	-23.75788444	-24.33309336	-25.3226471	-26.69329063	-28.43777008	-30.58788372	-33.27767735	-29.34779096	-27.48510648	-26.36992807	-25.84983042	-25.83405042	-26.27382825	-27.10740135	-28.32430725	-29.92397913	-31.95091491	-34.5391797	-31.76775083	-29.85164462	-28.68532383	-28.09262581	-27.99744963	-28.32990473	-29.05303062	-30.15444991	-31.66532869	-33.61559318	-36.19352393	-32.43892297	-31.16539951	-30.49340673	-30.29892939	-30.54574303	-31.18343776	-32.22152317	-33.68821326	-35.66456165	-33.94377192	-33.13778623	-32.85668578	-33.02590484	-33.61862803	-34.63301921	-36.11763154	-36.25894463	-35.83626224	-35.93030044	-36.49086478	-37.53706015
	13600000	-10.8622691	-12.94767899	-15.78409798	-18.92876404	-22.24092135	-13.76929278	-13.74096691	-14.94038147	-16.91481998	-19.33544581	-22.05313403	-25.05881685	-17.95811506	-16.56360524	-16.33588227	-17.04076941	-18.43985949	-20.32244659	-22.5620709	-25.12363145	-28.07752631	-22.56388165	-20.27740902	-19.0454799	-18.71322494	-19.12921579	-20.14616664	-21.63338623	-23.50031911	-25.72066095	-28.32062057	-31.46483817	-24.54221434	-22.50932456	-21.36151945	-20.95073508	-21.17925798	-21.93644685	-23.140986	-24.71919304	-26.67115182	-29.01960134	-31.8854725	-26.6040539	-24.70860394	-23.60120653	-23.13519756	-23.23015455	-23.80359581	-24.7962242	-26.16746275	-27.90917955	-30.05788691	-32.74677398	-28.81650351	-26.95544656	-25.83937702	-25.32216065	-25.30615195	-25.74534808	-26.57947332	-27.79609413	-29.39576479	-31.42494701	-34.00533954	-31.23671283	-29.32255349	-28.15725882	-27.56659648	-27.46735922	-27.80151408	-28.52505909	-29.6283926	-31.13621972	-33.08859528	-35.66293526	-31.90942667	-30.63748765	-29.96303781	-29.77069365	-30.01770976	-30.6547532	-31.69043871	-33.15718719	-35.13377328	-33.41294952	-32.61335315	-32.32546327	-32.49716327	-33.08545275	-34.10708566	-35.58911457	-35.7331411	-35.31139918	-35.39236169	-35.95554886	-37.01063374
	14450000	-10.32915959	-12.41522326	-15.25282063	-18.3980987	-21.70997299	-13.23814415	-13.20907362	-14.41066783	-16.38433996	-18.80699836	-21.52392526	-24.52896853	-17.42685091	-16.03354286	-15.80584646	-16.51207648	-17.91082241	-19.7939861	-22.03195012	-24.59468111	-27.5479143	-22.03455784	-19.74872172	-18.51569317	-18.18461324	-18.60046722	-19.61815662	-21.10432027	-22.97087547	-25.1918466	-27.79227384	-30.93588879	-24.01142917	-21.97939041	-20.8330064	-20.42464248	-20.65247968	-21.40981458	-22.61382935	-24.19111291	-26.1427641	-28.4882104	-31.35365735	-26.07494417	-24.18125989	-23.07135858	-22.60647162	-22.70273485	-23.27696093	-24.26711644	-25.63641926	-27.37889832	-29.53118243	-32.21635712	-28.28583697	-26.42518815	-25.3133513	-24.79522446	-24.77945041	-25.2170406	-26.05276544	-27.26776235	-28.86964516	-30.89208009	-33.47811706	-30.70430951	-28.79189448	-27.62711798	-27.03641877	-26.94084023	-27.2713054	-27.99679728	-29.10112931	-30.6046253	-32.55546884	-35.13197075	-31.37915272	-30.10999998	-29.43653202	-29.24032083	-29.48991986	-30.12978918	-31.16418368	-32.62768896	-34.61055677	-32.88405713	-32.08344264	-31.80207121	-31.96699497	-32.55743265	-33.57980685	-35.06253037	-35.19706366	-34.78377487	-34.86597726	-35.43398725	-36.48367747
	15300000	-9.806949371	-11.89289586	-14.73176591	-17.87673962	-21.18895097	-12.71576358	-12.68835734	-13.88941469	-15.86416577	-18.28530844	-21.00359852	-24.00692616	-16.90662936	-15.5127038	-15.28641558	-15.99290229	-17.3913503	-19.2743028	-21.51397869	-24.07472079	-27.02746455	-21.51497581	-19.22895814	-17.99550087	-17.6647338	-18.08181017	-19.09924732	-20.58646754	-22.45206995	-24.67157532	-27.27183888	-30.41355501	-23.49222486	-21.46082534	-20.31448059	-19.9059136	-20.13389048	-20.89142699	-22.09501601	-23.67307259	-25.62427625	-27.97007338	-30.83718061	-25.5559035	-23.66095157	-22.55399409	-22.08956942	-22.18380927	-22.75843809	-23.75028057	-25.11877601	-26.8629086	-29.01198269	-31.6977736	-27.76501271	-25.90588628	-24.79205044	-24.27635588	-24.26193529	-24.70013563	-25.53362159	-26.74888507	-28.34956776	-30.37307392	-32.96011469	-30.18524714	-28.27290908	-27.10687661	-26.51916279	-26.42344379	-26.7550741	-27.4785387	-28.58295161	-30.08749575	-32.03915812	-34.61055379	-30.85995177	-29.58764824	-28.91651522	-28.72413641	-28.97324237	-29.61124227	-30.64632956	-32.10818294	-34.09059863	-32.36558241	-31.56320317	-31.28204713	-31.45011954	-32.03808918	-33.05104148	-34.54268405	-34.67813254	-34.25826612	-34.34523173	-34.91282956	-35.96360643
	16150000	-9.314279297	-11.40070738	-14.24093966	-17.38551829	-20.69735713	-12.22547706	-12.19793971	-13.39999789	-15.37431094	-17.79608691	-20.51332302	-23.51700774	-16.41456548	-15.02268132	-14.79701504	-15.50403852	-16.90234323	-18.78487066	-21.02420556	-23.58657772	-26.53620927	-21.02439102	-18.73992136	-17.50664934	-17.17717979	-17.59344485	-18.61118107	-20.09729577	-21.96363986	-24.1831155	-26.78332846	-29.92491721	-23.00194347	-20.97043834	-19.82579857	-19.41868058	-19.64740564	-20.40349638	-21.60847494	-23.18616482	-25.13441425	-27.48196064	-30.34739742	-25.06747938	-23.17396113	-22.06524991	-21.60206073	-21.6977827	-22.27223157	-23.26160871	-24.63206944	-26.37203025	-28.52076321	-31.20404269	-27.27457001	-25.41746873	-24.30566786	-23.78734035	-23.77424035	-24.21291691	-25.04529167	-26.2607207	-27.85945419	-29.88278993	-32.4661744	-29.69398589	-27.78412326	-26.6195459	-26.0318137	-25.93478684	-26.26673095	-26.99131143	-28.09454482	-29.59592975	-31.54823855	-34.12190677	-30.36808382	-29.09964121	-28.42930238	-28.2362219	-28.4823926	-29.12314324	-30.15598111	-31.62240906	-33.59664822	-31.87677872	-31.07477053	-30.79518038	-30.96296223	-31.5502893	-32.56890629	-34.05129084	-34.19183269	-33.7699676	-33.85293706	-34.41809102	-35.47328355
	17000000	-8.853018622	-10.93934752	-13.78098605	-16.92571343	-20.23748157	-11.76492502	-11.73807662	-12.94058288	-14.91465049	-17.33641154	-20.05487945	-23.05755618	-15.95459288	-14.56370672	-14.3385025	-15.04610373	-16.44531846	-18.32744013	-20.56619632	-23.12664289	-26.07685502	-20.56548137	-18.28086033	-17.04888088	-16.72004347	-17.13639242	-18.15338341	-19.64045336	-21.50654533	-23.72460981	-26.32731451	-29.46705494	-22.54131322	-20.51203403	-19.36762521	-18.96128324	-19.19064545	-19.94648428	-21.15039202	-22.72883076	-24.67760486	-27.02004132	-29.8879697	-24.60809981	-22.71508393	-21.60664011	-21.14617715	-21.2399558	-21.81359125	-22.80534753	-24.17440122	-25.91609193	-28.06461447	-30.74640112	-26.81458061	-24.95894297	-23.84754842	-23.33138426	-23.31813697	-23.75658059	-24.58816034	-25.80423793	-27.40229795	-29.42210415	-32.00752494	-29.2329491	-27.32360421	-26.16023865	-25.57338543	-25.47781932	-25.80996235	-26.5357527	-27.63917616	-29.14045657	-31.092138	-33.66411973	-29.90906458	-28.64244531	-27.96941973	-27.7799832	-28.02886978	-28.66451065	-29.70176246	-31.16656916	-33.13777026	-31.4198907	-30.61597723	-30.33416727	-30.50375163	-31.09250082	-32.10976046	-33.59208495	-33.73003966	-33.31166363	-33.39580492	-33.95772309	-35.01714939
	17850000	-8.402530174	-10.48916847	-13.33232959	-16.47585371	-19.78728575	-11.31542168	-11.28921311	-12.49277885	-14.46729324	-16.88891957	-19.60625987	-22.60843487	-15.50534966	-14.11473499	-13.89111443	-14.59978535	-15.99773386	-17.88120288	-20.11811133	-22.67971412	-25.62776949	-20.11738848	-17.83378077	-16.60154631	-16.27238112	-16.68964621	-17.70782294	-19.19379508	-21.06052573	-23.27763058	-25.87649005	-29.01570782	-22.09373958	-20.0650236	-18.92118786	-18.51704283	-18.74483206	-19.50181923	-20.70589026	-22.28487378	-24.23102049	-26.57398835	-29.43882814	-24.16100174	-22.2681881	-21.16086038	-20.70112429	-20.79470338	-21.36893932	-22.35984038	-23.72903769	-25.46906138	-27.61569403	-30.2979937	-26.36696849	-24.51216961	-23.40040891	-22.88542792	-22.87385681	-23.31093151	-24.14392768	-25.35929637	-26.95546107	-28.97649916	-31.55837398	-28.78435953	-26.8758142	-25.71455949	-25.12887208	-25.03238253	-25.36438585	-26.08853062	-27.19165021	-28.69315977	-30.64334454	-33.21599472	-29.45999058	-28.19091358	-27.51976904	-27.33266236	-27.58108452	-28.2183183	-29.25351711	-30.71557785	-32.6888372	-30.97331913	-30.16957973	-29.88920875	-30.05458688	-30.64177982	-31.65827682	-33.14736536	-33.27971142	-32.86084293	-32.9438896	-33.51044409	-34.56696209
	18700000	-7.974663076	-10.06230684	-12.90604016	-16.04959022	-19.36022001	-10.88836052	-10.86322503	-12.06708338	-14.04188231	-16.46369948	-19.18014663	-22.18270533	-15.07861028	-13.68898403	-13.46561749	-14.17622117	-15.57383353	-17.45734669	-19.69428635	-22.25361652	-25.20096092	-19.69134468	-17.40947165	-16.17701586	-15.8491611	-16.26623697	-17.28427731	-18.77028578	-20.63670619	-22.85322246	-25.4540307	-28.58936882	-21.66724935	-19.64073953	-18.49648396	-18.09372178	-18.32329639	-19.0790345	-20.28211007	-21.86237855	-23.80785878	-26.14994813	-29.01158019	-23.7362605	-21.84408854	-20.73759829	-20.27740856	-20.37246505	-20.94684274	-21.93741028	-23.30612315	-25.04538285	-27.19045837	-29.87141683	-25.94112122	-24.08843208	-22.97613245	-22.46247975	-22.4505726	-22.88827021	-23.72121129	-24.9373302	-26.53164523	-28.54967651	-31.13143715	-28.35857253	-26.44875999	-25.29138053	-24.70372602	-24.60945846	-24.9416262	-25.6676814	-26.76769025	-28.26756984	-30.2185814	-32.78699763	-29.03352389	-27.76885215	-27.09917753	-26.90813516	-27.15805607	-27.79578158	-28.82997444	-30.28951863	-32.25893345	-30.54655233	-29.74551271	-29.46438748	-29.63195621	-30.2198985	-31.23510134	-32.71718632	-32.85276053	-32.43820637	-32.52270749	-33.08485444	-34.13631729
	19550000	-7.573342888	-9.660479124	-12.50546897	-15.64830938	-18.95977374	-10.48781983	-10.46232339	-11.66628091	-13.64115476	-16.06252396	-18.77958578	-21.78104139	-14.67715691	-13.28793444	-13.064882	-13.77539963	-15.17369325	-17.05630995	-19.2928972	-21.85326813	-24.80168706	-19.29203978	-17.00830405	-15.77613441	-15.44739367	-15.86513069	-16.88303674	-18.36971411	-20.23609895	-22.4529015	-25.05178765	-28.1890139	-21.26672788	-19.23948438	-18.09607097	-17.69362407	-17.92224616	-18.67843155	-19.88197349	-21.4616507	-23.40656654	-25.74873297	-28.61189838	-23.33714162	-21.44473128	-20.33666722	-19.87776091	-19.97208073	-20.54660118	-21.53708096	-22.90562231	-24.64488994	-26.79142945	-29.46887806	-25.54138371	-23.68778073	-22.57623553	-22.06167038	-22.05021873	-22.48810563	-23.32212836	-24.53688201	-26.13132568	-28.14949584	-30.7308633	-27.95986503	-26.04867064	-24.89026952	-24.30378758	-24.2085333	-24.54197227	-25.26703341	-26.36849918	-27.865487	-29.82140773	-32.3859389	-28.63441963	-27.36753302	-26.69737852	-26.50914347	-26.75749392	-27.3956848	-28.43106831	-29.89185841	-31.86118182	-30.14780116	-29.34401971	-29.06260788	-29.23431469	-29.81956593	-30.83449736	-32.32046948	-32.4551408	-32.03754907	-32.12035806	-32.68438953	-33.73970996
	20400000	-7.252326305	-9.338417664	-12.18404329	-15.32809326	-18.64043121	-10.16714499	-10.13910448	-11.34291839	-13.31742555	-15.73964809	-18.4583542	-21.46108585	-14.35632256	-12.964657	-12.74043892	-13.45117931	-14.84866046	-16.73179097	-18.96953878	-21.53248324	-24.48113611	-18.97367174	-16.68868819	-15.45243827	-15.12376794	-15.53986481	-16.55751101	-18.04472107	-19.91107423	-22.12917159	-24.73261428	-27.87173289	-20.94764344	-18.91741458	-17.77213054	-17.36938009	-17.59844604	-18.35374398	-19.55625325	-21.13695263	-23.0827861	-25.42616557	-28.29326489	-23.01740115	-21.12195979	-20.01297897	-19.55372687	-19.64660019	-20.22014853	-21.21149291	-22.57962611	-24.32284431	-26.4727443	-29.15007062	-25.2211176	-23.36532386	-22.25141832	-21.73699915	-21.72618303	-22.16272238	-22.99605674	-24.21247781	-25.80656882	-27.82858985	-30.40926074	-27.63905501	-25.72843406	-24.56664709	-23.98041876	-23.88415615	-24.21686357	-24.94104318	-26.04443531	-27.54561803	-29.49769022	-32.06874441	-28.31681644	-27.0469636	-26.3757891	-26.18821342	-26.43413491	-27.07310105	-28.10556239	-29.56852582	-31.53899878	-29.82774922	-29.02465682	-28.74118396	-28.90925014	-29.49752186	-30.51193818	-32.00105418	-32.13484962	-31.71514434	-31.80023846	-32.36517144	-33.41803205
	21250000	-7.029776094	-9.114220593	-11.96134741	-15.10407623	-18.41730816	-9.943386378	-9.913947672	-11.11680096	-13.09047418	-15.51283847	-18.23226749	-21.2374813	-14.13225703	-12.73836948	-12.51353865	-13.22381955	-14.62090249	-16.50334444	-18.74200868	-21.30653688	-24.25662843	-18.75245778	-16.46342304	-15.22569339	-14.89493547	-15.30986145	-16.3273108	-17.81554827	-19.68243067	-21.90076156	-24.50761532	-27.65104498	-20.72290341	-18.69161837	-17.54357582	-17.14144316	-17.36942794	-18.12378544	-19.32725429	-20.90832494	-22.85601507	-25.20151682	-28.07001497	-22.79529839	-20.89605166	-19.78401106	-19.32532514	-19.41725957	-19.99057217	-20.98153344	-22.35146331	-24.09358001	-26.24465307	-28.92762697	-24.99854638	-23.13861798	-22.02303553	-21.50731146	-21.49732187	-21.93290058	-22.76703958	-23.98343094	-25.57912358	-27.60033253	-30.18613764	-27.4185594	-25.50350158	-24.34027341	-23.75166145	-23.65451217	-23.98712894	-24.71222766	-25.81630536	-27.31682629	-29.27381405	-31.84729158	-28.09315599	-26.82044338	-26.14893037	-25.95998691	-26.20682598	-26.84653076	-27.87951745	-29.34562008	-31.31724048	-29.60550555	-28.80157405	-28.51712979	-28.68415754	-29.27159699	-30.28667651	-31.77676427	-31.91363009	-31.49222318	-31.57591582	-32.141982	-33.19623497
