4.189201914358360312e+00 4.338419513076616774e+00 4.403900873912452774e+00 4.283219205044567879e+00 4.269982346712933641e+00 4.344834420963555210e+00 4.298591983952648299e+00 4.313422149569634101e+00
3.561254452486463720e+02 2.582950352528286544e+02 -8.011591878171432368e-01 -2.567797719537730927e+02 -3.644569304935317291e+02 -2.606518527244975871e+02 3.673919512920495456e-01 2.575740514933270902e+02
4.715877266960884495e-01 2.589059193578926852e+02 3.757052877695725215e+02 2.562085553480663975e+02 -3.762345183822851657e-02 -2.606077420593028364e+02 -3.652885115043031306e+02 -2.573682580343050290e+02
3.013209771443265345e+04 -6.918619619638650420e+01 -3.193802183297699958e+04 9.037364177713918423e+01 3.098192957326416217e+04 -1.173747177292754174e+01 -3.097209950591523739e+04 1.714937805350713873e+01
8.166510965256247800e+01 3.109183679864763690e+04 -1.027620466897726033e+02 -3.100474596156584812e+04 1.825928088786561432e+01 3.151197436342539368e+04 -4.865770630671145369e+01 -3.101269277856495319e+04
2.550042174382003956e+06 -1.869943431796932360e+06 4.193306441774602717e+03 1.873854073924814584e+06 -2.653081075019804295e+06 1.910828580734533025e+06 -1.071042810405258024e+04 -1.855636932573487516e+06
7.183717610695261101e+03 1.864283654148763744e+06 -2.720413516916559078e+06 1.882664750225084601e+06 -7.272589613814081531e+03 -1.899317110520568211e+06 2.633749241180217359e+06 -1.868191128319025971e+06
1.082404635154907703e+08 -1.122760946565706283e+08 1.157845393203352690e+08 -1.133623265866090208e+08 1.132498085205015838e+08 -1.150417288462137431e+08 1.121767639276344329e+08 -1.119370753635581285e+08
3.846886149948576349e+05 -3.991411374058599467e+05 4.116540673179469886e+05 -4.029876237820874085e+05 4.024714814665896702e+05 -4.087278010692099924e+05 3.985092339915311895e+05 -3.977110569893225911e+05
-1.280818125466139008e+03 1.438075984112021843e+03 -1.750357350114119754e+03 1.972848314597261606e+03 -2.076859611771359141e+03 1.998923922756879392e+03 -1.691739472434586332e+03 1.430601670148553239e+03
-1.220127683113859121e+03 1.007061059075516255e+03 -9.295511313782376419e+02 1.019677525615914647e+03 -1.278678298975677308e+03 1.562302267838000716e+03 -1.630195383366076385e+03 1.520044174532456964e+03
4.535953368001174546e+00 -4.696808469164363231e+00 4.832381572060999275e+00 -4.725004993722492941e+00 4.721436898627930923e+00 -4.803274359985939768e+00 4.693245352624459521e+00 -4.690730727979627979e+00
-4.458831732495880829e+01 4.624182208773188307e+01 -4.767509950264891927e+01 4.666969716975144422e+01 -4.662256451433640336e+01 4.736812574156704869e+01 -4.620095791901221105e+01 4.611143467608813751e+01
9.592936258600451294e-02 -9.920053083405712402e-02 1.013324338220682186e-01 -9.818289741087021794e-02 9.757272528904924191e-02 -9.942478235834650846e-02 9.787985566341073085e-02 -9.869323938792000372e-02
-5.403569252677274948e-01 5.613485440472784083e-01 -5.791769931584030973e-01 5.666073028268961975e-01 -5.651276951782543412e-01 5.732083491664287100e-01 -5.586504355979601266e-01 5.578998859528979670e-01
6.342981676173942152e-02 -6.579289084845874047e-02 6.784779457144493597e-02 -6.642886593467298151e-02 6.636454695009165461e-02 -6.741648708088422703e-02 6.573855671523670674e-02 -6.559766389922797036e-02
