1.213306054787655874e+01 1.230014014403276867e+01 1.215091279857409390e+01 1.241933090560018904e+01 1.225165863986248027e+01 1.214308288335277375e+01 1.226231461965051395e+01 1.234751021096717594e+01
9.478017330044135633e+02 4.013322624346238285e+02 -3.969168872437130631e+02 -9.691619615990189232e+02 -9.550224596771494134e+02 -3.966422906830337638e+02 4.030233206109997468e+02 9.633224663417067859e+02
3.976616413332923230e+02 9.600601722389365023e+02 9.491491695414563310e+02 4.049362800387171433e+02 -4.012166160833656932e+02 -9.484147634911653313e+02 -9.568035541071726584e+02 -4.016929452329253536e+02
6.161857977833252517e+04 -6.259045473521148233e+04 -6.166405632960335788e+04 6.298023596802389511e+04 6.205883015912090923e+04 -6.173114098533422657e+04 -6.212842704178178246e+04 6.274989598451938218e+04
6.191855753487074253e+04 6.249232736826415930e+04 -6.180169096133462881e+04 -6.298966977588132431e+04 6.247132041631198081e+04 6.160584865738080407e+04 -6.254457030151440267e+04 -6.263233707834755478e+04
2.831250335370566230e+06 -6.944602038086274639e+06 6.860468264208326116e+06 -2.908312839451774955e+06 -2.839669261828488205e+06 6.827850971098162234e+06 -6.933275669358174317e+06 2.903760910260913894e+06
6.888908860699300654e+06 -2.903886504704512656e+06 -2.823675841807617806e+06 6.983541869962066412e+06 -6.918300228343202733e+06 2.845654411511811428e+06 2.855306499246962368e+06 -6.982431747720995918e+06
-9.292895815762464190e+05 9.367730696694602957e+05 -9.221177674053761875e+05 9.407071524336498696e+05 -9.302767896457395982e+05 9.195300546068812255e+05 -9.346818488719895249e+05 9.433575614222933073e+05
3.175047640556436777e+08 -3.200925875799803734e+08 3.150770592943457365e+08 -3.213862924530636072e+08 3.177715139451993108e+08 -3.140701371479310393e+08 3.192535257334443331e+08 -3.222594000012463331e+08
1.018296618639605913e+04 -9.704058545405190671e+03 9.554649775253083135e+03 -1.031646478911264057e+04 1.099160698504731590e+04 -1.141597947661138460e+04 1.159725096804793611e+04 -1.113522940412431853e+04
2.328101385045012194e+03 -1.782493076692525392e+03 9.644198980746190273e+02 -4.157697085868776981e+02 4.129222790099007625e+02 -9.658248022532623054e+02 1.781047005484283773e+03 -2.365344299810208213e+03
-2.462237376497212438e+02 2.482957755998927212e+02 -2.444562608252546170e+02 2.493625870803713269e+02 -2.465223627815515499e+02 2.435866118436842385e+02 -2.475503925616290246e+02 2.498700137765097509e+02
1.482635940627421576e+02 -1.494666386454638598e+02 1.471486017165726139e+02 -1.501350644791492357e+02 1.484745582122203018e+02 -1.467456156131592877e+02 1.491431203629604170e+02 -1.505122774055311083e+02
4.498578923547766450e+00 -4.534033753399917543e+00 4.463417989199645497e+00 -4.554632625891698261e+00 4.505532012695648625e+00 -4.454240715371704518e+00 4.527308044175185842e+00 -4.568095250728247514e+00
-2.479074322636167338e+00 2.498548215379896131e+00 -2.458100720386217297e+00 2.506192891396084477e+00 -2.477733549197118190e+00 2.449597073645406464e+00 -2.491339177315972542e+00 2.515925186250953072e+00
1.258040902185656416e-02 -1.268342254873630615e-02 1.246932437880796281e-02 -1.269642175093216308e-02 1.253758371516101172e-02 -1.239113344720040900e-02 1.261126667856176178e-02 -1.275260211175402274e-02
