BPM Serial No.	16elec																																																																																																	
BPM Size	110																																																																																																	
"Experi,menter"	Tajima      Hanamura      Kawachi      																																																																																																	
Meas. Start Time	2019/08/2317:00																																																																																																	
Meas. Finish Time	2019/08/2317:50																																																																																																	
Linear Scale Origin X(mm)	-99.673																																																																																																	
Linear Scale Origin Y(mm)	88.51																																																																																																	
note																																																																																																		
																																																																																																		
																																																																																																		
Data Point Number		1	2	3	4	5	6	7	8	9	10	11	12	13	14	15	16	17	18	19	20	21	22	23	24	25	26	27	28	29	30	31	32	33	34	35	36	37	38	39	40	41	42	43	44	45	46	47	48	49	50	51	52	53	54	55	56	57	58	59	60	61	62	63	64	65	66	67	68	69	70	71	72	73	74	75	76	77	78	79	80	81	82	83	84	85	86	87	88	89	90	91	92	93	94	95	96	97
Linear Scale X (mm)		-119.675	-109.677	-99.676	-89.676	-79.675	-129.676	-119.678	-109.677	-99.676	-89.676	-79.675	-69.673	-139.678	-129.679	-119.678	-109.677	-99.676	-89.676	-79.675	-69.673	-59.672	-149.678	-139.68	-129.679	-119.678	-109.678	-99.677	-89.676	-79.675	-69.674	-59.672	-49.671	-149.678	-139.68	-129.679	-119.678	-109.678	-99.677	-89.676	-79.675	-69.673	-59.672	-49.671	-149.678	-139.68	-129.679	-119.678	-109.677	-99.676	-89.676	-79.675	-69.674	-59.672	-49.671	-149.678	-139.68	-129.679	-119.678	-109.678	-99.676	-89.676	-79.675	-69.674	-59.672	-49.671	-149.678	-139.68	-129.679	-119.678	-109.678	-99.676	-89.676	-79.675	-69.673	-59.672	-49.671	-139.678	-129.679	-119.678	-109.678	-99.677	-89.676	-79.675	-69.674	-59.673	-129.676	-119.678	-109.678	-99.676	-89.676	-79.675	-69.673	-119.675	-109.678	-99.676	-89.676	-79.675
Linear Scale Y (mm)		38.512	38.512	38.512	38.512	38.512	48.509	48.509	48.509	48.509	48.509	48.509	48.509	58.509	58.509	58.509	58.509	58.509	58.509	58.509	58.509	58.509	68.508	68.508	68.508	68.508	68.508	68.508	68.508	68.508	68.508	68.508	68.508	78.507	78.507	78.507	78.507	78.507	78.507	78.507	78.507	78.507	78.507	78.507	88.507	88.507	88.507	88.507	88.507	88.507	88.507	88.507	88.507	88.507	88.507	98.507	98.507	98.507	98.507	98.507	98.507	98.507	98.507	98.507	98.507	98.507	108.507	108.508	108.508	108.508	108.508	108.508	108.508	108.508	108.508	108.508	108.508	118.506	118.507	118.506	118.506	118.506	118.506	118.506	118.506	118.507	128.507	128.507	128.507	128.507	128.507	128.507	128.507	138.507	138.507	138.507	138.507	138.507
R(beam)[mm]		20.002	10.004	0.003	-9.997	-19.998	30.003	20.005	10.004	0.003	-9.997	-19.998	-30	40.005	30.006	20.005	10.004	0.003	-9.997	-19.998	-30	-40.001	50.005	40.007	30.006	20.005	10.005	0.004	-9.997	-19.998	-29.999	-40.001	-50.002	50.005	40.007	30.006	20.005	10.005	0.004	-9.997	-19.998	-30	-40.001	-50.002	50.005	40.007	30.006	20.005	10.004	0.003	-9.997	-19.998	-29.999	-40.001	-50.002	50.005	40.007	30.006	20.005	10.005	0.003	-9.997	-19.998	-29.999	-40.001	-50.002	50.005	40.007	30.006	20.005	10.005	0.003	-9.997	-19.998	-30	-40.001	-50.002	40.005	30.006	20.005	10.005	0.004	-9.997	-19.998	-29.999	-40	30.003	20.005	10.005	0.003	-9.997	-19.998	-30	20.002	10.005	0.003	-9.997	-19.998
Y(beam)[mm]		-49.998	-49.998	-49.998	-49.998	-49.998	-40.001	-40.001	-40.001	-40.001	-40.001	-40.001	-40.001	-30.001	-30.001	-30.001	-30.001	-30.001	-30.001	-30.001	-30.001	-30.001	-20.002	-20.002	-20.002	-20.002	-20.002	-20.002	-20.002	-20.002	-20.002	-20.002	-20.002	-10.003	-10.003	-10.003	-10.003	-10.003	-10.003	-10.003	-10.003	-10.003	-10.003	-10.003	-0.003	-0.003	-0.003	-0.003	-0.003	-0.003	-0.003	-0.003	-0.003	-0.003	-0.003	9.997	9.997	9.997	9.997	9.997	9.997	9.997	9.997	9.997	9.997	9.997	19.997	19.998	19.998	19.998	19.998	19.998	19.998	19.998	19.998	19.998	19.998	29.996	29.997	29.996	29.996	29.996	29.996	29.996	29.996	29.997	39.997	39.997	39.997	39.997	39.997	39.997	39.997	49.997	49.997	49.997	49.997	49.997
Net Ana Temperature[℃]		22.19906777	22.21392885	22.24342508	22.23873799	22.23316022	22.21584783	22.2207115	22.19321735	22.18157102	22.19227473	22.17673851	22.17298883	22.16331343	22.18721631	22.16931706	22.15919761	22.15929629	22.16195793	22.1532511	22.16635679	22.18199948	22.22638535	22.23792002	22.21559855	22.19524279	22.15924176	22.16111659	22.17082576	22.15455726	22.15790963	22.16601922	22.16778239	22.12742924	22.13760322	22.15876396	22.17374708	22.19418073	22.18977668	22.16979486	22.17030122	22.18004674	22.19853545	22.20907297	22.16467671	22.16572059	22.17027525	22.20072449	22.20855882	22.22191379	22.20977928	22.18478577	22.1973046	22.2026954	22.19229551	22.25520644	22.26145417	22.24278889	22.2330148	22.23590756	22.2274578	22.21463516	22.22062841	22.22326149	22.20975071	22.18343807	22.16709426	22.16486627	22.15060504	22.13684757	22.15924176	22.1896832	22.17238639	22.1449234	22.12341729	22.13805245	22.12813036	22.12406128	22.11609712	22.11149572	22.13431576	22.16160478	22.16291613	22.17715658	22.20042067	22.20548948	22.14052714	22.10675928	22.11101532	22.10570241	22.08810699	22.10794079	22.11150351	22.10327447	22.09017658	22.10439107	22.10943651	22.12367697
BPM Temperature[℃]		20.35011685	20.31121787	20.2888081	20.26037393	20.21783952	20.19665022	20.2054791	20.23014801	20.24868865	20.21474942	20.20267463	20.18618541	20.18706829	20.17382498	20.15756946	20.16806024	20.18818489	20.16735913	20.19903921	20.17912231	20.21947546	20.20173981	20.17816152	20.16678785	20.1773046	20.16959231	20.19119709	20.19327447	20.20199948	20.20049338	20.1647624	20.15442742	20.11856661	20.11789146	20.13422488	20.14009348	20.1323033	20.11303558	20.12287717	20.11165931	20.15801091	20.19942872	20.20077902	20.17862893	20.21113996	20.22227993	20.22334459	20.2296027	20.22461698	20.20558297	20.19652038	20.19937679	20.20675149	20.21132173	20.23484809	20.26987795	20.27868086	20.27930408	20.26533368	20.2704752	20.2873799	20.26239938	20.20059725	20.1477798	20.13261491	20.17740847	20.16564529	20.15466113	20.11856661	20.14258634	20.19846793	20.21147754	20.18639314	20.15954298	20.15219424	20.17953778	20.21786549	20.19961049	20.17868086	20.16673591	20.17660348	20.20098676	20.19472864	20.18358868	20.20768632	20.25486887	20.27073487	20.27979746	20.26689172	20.2042846	20.15606336	20.17011166	20.17701896	20.16336017	20.17855103	20.18413399	20.19088548
Frequency (Hz) / Data (dB)	850000	-71.28776005	-71.32296184	-70.59377596	-70.64235698	-71.67285042	-70.42336572	-69.33667443	-67.58267389	-68.26033072	-67.77241433	-68.93518727	-72.11594309	-68.98273718	-66.83220579	-65.92026964	-65.7440097	-65.63975034	-65.29547463	-65.73748015	-68.50253632	-69.88304253	-69.02716687	-66.15880114	-65.27324729	-64.08260185	-62.8578829	-62.62738223	-62.79076931	-64.27416222	-64.49207197	-66.29953735	-68.60807494	-66.68849324	-64.40611605	-62.67855073	-61.41671214	-61.22480618	-60.63852976	-60.86382512	-61.34730524	-62.44870571	-64.1980781	-66.38952984	-65.20700441	-62.71045706	-60.64845377	-59.38872708	-58.64686283	-58.42123999	-58.62760218	-59.39847068	-60.66247751	-62.49018437	-65.09628582	-63.34591995	-60.80497933	-58.92294552	-57.44239434	-56.64067712	-56.39961649	-56.5521452	-57.49468717	-58.86490179	-60.96117407	-63.40936705	-62.48505912	-59.40227637	-57.15969894	-55.58425159	-54.55246029	-54.26310338	-54.61039927	-55.54275794	-57.1453939	-59.37077591	-62.23733298	-58.26274069	-55.62755371	-53.67642656	-52.41875754	-52.04226597	-52.42250145	-53.57378736	-55.56159808	-58.22537197	-54.33054439	-51.74692719	-50.12190211	-49.560513	-50.11047279	-51.70938824	-54.18990209	-49.92255769	-47.5847557	-46.71750993	-47.53745113	-49.83852534
	1700000	-65.33677186	-64.59590998	-64.37736777	-64.59191391	-65.22025836	-63.61696581	-62.38368162	-61.69461437	-61.46769157	-61.67511827	-62.3270553	-63.53961798	-62.60526743	-60.91761801	-59.78364596	-59.25102709	-58.99373173	-59.18279816	-59.81393634	-60.93141767	-62.53421497	-62.51315328	-60.26263348	-58.70384816	-57.60574786	-56.95522675	-56.71780514	-56.85049663	-57.62239824	-58.59615424	-60.20685042	-62.52513833	-60.53256996	-58.31651032	-56.62817491	-55.45125948	-54.84930297	-54.6163341	-54.82305176	-55.47240082	-56.5713913	-58.22818936	-60.49269765	-58.89171658	-56.53098857	-54.73586417	-53.49578781	-52.7649003	-52.53206611	-52.7722639	-53.48776557	-54.70001053	-56.41043693	-58.83655713	-57.47868951	-54.89297183	-52.97310155	-51.56472227	-50.74710936	-50.48808842	-50.7296991	-51.56605654	-52.93668373	-54.86169987	-57.46593007	-56.44080725	-53.53531476	-51.29112656	-49.68250233	-48.68127087	-48.37535872	-48.68510444	-49.65411073	-51.22772872	-53.45617398	-56.34847199	-52.36693916	-49.73638029	-47.78074973	-46.55881665	-46.12261974	-46.53172566	-47.71358436	-49.68733286	-52.31997693	-48.38016787	-45.86878594	-44.23482723	-43.66169254	-44.20931195	-45.82955417	-48.32144778	-44.03203817	-41.69714538	-40.81966941	-41.64717336	-43.96803878
	2550000	-61.87528061	-61.18905992	-60.94846461	-61.18246624	-61.95753118	-60.23294345	-59.02080054	-58.25780871	-58.13413492	-58.25979483	-58.98129481	-60.2646033	-59.14852559	-57.48524468	-56.40752352	-55.82426699	-55.64048931	-55.77142751	-56.38742517	-57.60438388	-59.21536363	-59.15997133	-56.83664876	-55.30358035	-54.20869999	-53.50957001	-53.28283191	-53.47445139	-54.21638948	-55.22067109	-56.81942015	-59.02650868	-57.09352524	-54.90603537	-53.22048062	-52.04707811	-51.47187415	-51.1839283	-51.40042911	-52.03753167	-53.15057335	-54.79204427	-57.07080833	-55.5119368	-53.1031546	-51.30446585	-50.07657613	-49.33171233	-49.09655269	-49.3417496	-50.05077006	-51.29088987	-53.03347833	-55.41488569	-54.05102324	-51.43695108	-49.54159171	-48.14228289	-47.30447126	-47.04131911	-47.30108774	-48.14302176	-49.49590852	-51.44546377	-54.03641384	-53.0078962	-50.07320572	-47.84791405	-46.24967809	-45.25362803	-44.92409234	-45.24921899	-46.22712064	-47.82365208	-50.02877248	-52.97286528	-48.9407041	-46.30228283	-44.3499124	-43.11523128	-42.68943986	-43.10072397	-44.29694899	-46.25504893	-48.90020014	-44.95294317	-42.4414174	-40.7938918	-40.21840394	-40.77593877	-42.39058676	-44.88555955	-40.59004778	-38.2415075	-37.37401777	-38.20542121	-40.52580638
	3400000	-59.48175815	-58.7505191	-58.52520225	-58.78002865	-59.51179139	-57.70786353	-56.54435821	-55.89449897	-55.68167661	-55.86057099	-56.53145827	-57.73254935	-56.75897238	-55.10268384	-53.9990575	-53.42712437	-53.21693476	-53.36547764	-53.95588794	-55.09903791	-56.75594435	-56.71552196	-54.44873853	-52.88197193	-51.79199857	-51.11952774	-50.88855861	-51.10966795	-51.79553151	-52.81160939	-54.41465432	-56.67415771	-54.75401494	-52.47893288	-50.79573662	-49.65395916	-49.03419339	-48.79010251	-49.00689812	-49.6483146	-50.76528574	-52.40999377	-54.66131894	-53.06233333	-50.66547396	-48.92585706	-47.683469	-46.95422884	-46.70089745	-46.94810731	-47.67682133	-48.87928599	-50.62814365	-53.00313935	-51.66579238	-49.05125545	-47.13989997	-45.75688075	-44.92817707	-44.65574556	-44.91169416	-45.74812774	-47.11780786	-49.0460935	-51.61737711	-50.60481416	-47.70590029	-45.46566205	-43.86264934	-42.86224046	-42.53282826	-42.86188318	-43.8322402	-45.43292573	-47.63422249	-50.55398661	-46.56075286	-43.9129717	-41.95723945	-40.71691985	-40.29456239	-40.7001069	-41.90602542	-43.86223434	-46.49942255	-42.55986698	-40.04496879	-38.40244383	-37.82062753	-38.37920325	-39.99196488	-42.49531334	-38.19213289	-35.84511001	-34.97455077	-35.80805039	-38.13203561
	4250000	-57.64641669	-56.93936512	-56.71150095	-56.93249517	-57.66538852	-55.85985859	-54.70887458	-54.02670581	-53.84436393	-54.00833515	-54.7118896	-55.88472245	-54.89642091	-53.24927237	-52.13716047	-51.56348249	-51.36332567	-51.51507977	-52.13914885	-53.26159211	-54.92498814	-54.90389959	-52.5863384	-51.02261221	-49.95533185	-49.26484356	-49.03594462	-49.24733655	-49.94464097	-50.97023973	-52.59178616	-54.83646179	-52.88381896	-50.62449556	-48.95727414	-47.81430119	-47.20679506	-46.95108514	-47.16082202	-47.80229722	-48.92166469	-50.57377239	-52.84405921	-51.22827363	-48.83479941	-47.06184	-45.83581604	-45.10248788	-44.85737362	-45.09061548	-45.8211681	-47.03148913	-48.78629338	-51.17027005	-49.81330087	-47.22669582	-45.30428653	-43.90490289	-43.08208192	-42.80125827	-43.05986984	-43.88685731	-45.26505389	-47.19695489	-49.7700778	-48.76402451	-45.83362585	-43.61774205	-42.00399651	-41.00936274	-40.67997585	-41.00329294	-41.97135477	-43.57399378	-45.78340791	-48.70329418	-44.70420355	-42.06023572	-40.09724515	-38.86378954	-38.43450336	-38.84676848	-40.05659544	-42.00790635	-44.65124842	-40.7101162	-38.18429795	-36.542933	-35.96527146	-36.52476886	-38.13716867	-40.64158484	-36.34113179	-33.98995318	-33.11909671	-33.95429881	-36.27894735
	5100000	-56.16103256	-55.43414346	-55.17701569	-55.42031864	-56.15554217	-54.39949897	-53.22238139	-52.501045	-52.3131612	-52.51348508	-53.18961236	-54.38948254	-53.43257226	-51.7444416	-50.6536047	-50.05455435	-49.8445087	-50.01268052	-50.62041012	-51.79845357	-53.4125996	-53.37815454	-51.07990294	-49.51645667	-48.43604265	-47.74424779	-47.53305826	-47.73272187	-48.41638366	-49.44282219	-51.06378598	-53.30640299	-51.35682964	-49.09496109	-47.45678939	-46.30402475	-45.68448589	-45.42302343	-45.645261	-46.29000067	-47.41263975	-49.0590946	-51.3256022	-49.73576591	-47.32292687	-45.54811847	-44.31882488	-43.58932464	-43.3358854	-43.57269909	-44.30133003	-45.52320113	-47.26246672	-49.66562027	-48.30061105	-45.70267434	-43.77654731	-42.38923741	-41.56346046	-41.28490711	-41.54796842	-42.37341509	-43.7503132	-45.67626306	-48.25790926	-47.25995456	-44.32170383	-42.09836687	-40.48414278	-39.49368265	-39.16540427	-39.48729051	-40.45907417	-42.06252926	-44.27813653	-47.17307928	-43.18143198	-40.54265303	-38.5790029	-37.34574981	-36.91643365	-37.32869552	-38.53932426	-40.49391391	-43.12777124	-39.18481897	-36.66972933	-35.02560745	-34.44557137	-35.00255437	-36.6213315	-39.12031901	-34.82075022	-32.47181597	-31.5996753	-32.43423153	-34.75931097
	5950000	-54.90542029	-54.18593782	-53.9165934	-54.16548018	-54.90662958	-53.11655891	-51.96802693	-51.23562047	-51.05748675	-51.24241576	-51.9343951	-53.14100751	-52.16206806	-50.47888494	-49.37100555	-48.79930744	-48.59950113	-48.73833437	-49.35280291	-50.53634817	-52.17553754	-52.11487604	-49.81571604	-48.25878156	-47.17384247	-46.49332698	-46.27898204	-46.4736014	-47.16813085	-48.19991013	-49.82803378	-52.06296807	-50.12028385	-47.86393097	-46.18513978	-45.0439983	-44.42503187	-44.16530025	-44.38898038	-45.02002351	-46.15294498	-47.79699349	-50.07126567	-48.46320589	-46.05766996	-44.28001153	-43.0623495	-42.32577558	-42.07984725	-42.31426076	-43.0403052	-44.26192081	-46.00484309	-48.40781954	-47.03959864	-44.44492056	-42.51625104	-41.12977037	-40.29511021	-40.01523317	-40.28260388	-41.11266084	-42.49489043	-44.42584025	-46.99291172	-45.99238421	-43.06523955	-40.82840878	-39.22359959	-38.23210536	-37.89588141	-38.21692671	-39.19488136	-40.7997329	-43.01493167	-45.92420355	-41.92637205	-39.27742951	-37.31529013	-36.07920629	-35.65120533	-36.05852608	-37.28158898	-39.22927526	-41.87223903	-37.92518167	-35.40407392	-33.76079848	-33.18020532	-33.73867703	-35.35418735	-37.86224934	-33.55650096	-31.20313322	-30.33162841	-31.166528	-33.49220646
	6800000	-53.80068847	-53.08628802	-52.86450316	-53.04172257	-53.80261337	-52.03212152	-50.87799092	-50.13212754	-49.99439074	-50.13806571	-50.87035359	-52.0539897	-51.06569058	-49.37055809	-48.27959671	-47.71575978	-47.4864161	-47.6447004	-48.2691946	-49.4446156	-51.07590313	-51.06673676	-48.73748626	-47.15456798	-46.08617523	-45.39986773	-45.17248176	-45.38065743	-46.07913023	-47.09641523	-48.70664994	-50.97652571	-49.0179564	-46.74630247	-45.11136844	-43.94220912	-43.33636962	-43.06591906	-43.29021101	-43.92355007	-45.05725052	-46.70207386	-48.96929993	-47.36850705	-44.97690876	-43.18562311	-41.96990196	-41.23432827	-40.98645109	-41.21995906	-41.94246659	-43.16006553	-44.91965927	-47.31376703	-45.95063544	-43.35333083	-41.42374267	-40.04103565	-39.20751965	-38.92627785	-39.194274	-40.02242322	-41.3909305	-43.3220311	-45.90833349	-44.90396095	-41.96751872	-39.73938588	-38.1302021	-37.1411565	-36.80557369	-37.13021567	-38.10849847	-39.70011034	-41.91860979	-44.83186619	-40.83381667	-38.1828413	-36.22310502	-34.98689574	-34.56039305	-34.97123974	-36.18818391	-38.13412542	-40.78168173	-36.83137893	-34.31068423	-32.66693747	-32.0856157	-32.64412287	-34.26177715	-36.76760655	-32.46351491	-30.10667769	-29.2358235	-30.07211667	-32.39632297
	7650000	-52.84719296	-52.13776946	-51.87692578	-52.10074023	-52.85437149	-51.08269756	-49.90305043	-49.19632971	-49.01212207	-49.18799707	-49.86592901	-51.08753886	-50.09483917	-48.40615156	-47.32604508	-46.74235667	-46.534284	-46.69352057	-47.30752673	-48.49286833	-50.12467632	-50.08955664	-47.76421928	-46.20277743	-45.11536591	-44.44824809	-44.21470997	-44.41654543	-45.11926487	-46.130213	-47.74528939	-50.00574519	-48.05832895	-45.79513535	-44.14080544	-42.98415392	-42.36592586	-42.10348487	-42.32469342	-42.96577677	-44.09176773	-45.73373336	-48.00357022	-46.41482998	-44.00258917	-42.23126204	-40.99413934	-40.27168392	-40.0157527	-40.25787882	-40.97410075	-42.19792835	-43.94152219	-46.33188552	-44.97992882	-42.38897047	-40.45430834	-39.07262059	-38.24336166	-37.96417766	-38.22973317	-39.05903046	-40.42966309	-42.36144915	-44.93306077	-43.93823585	-40.99621879	-38.769518	-37.16740267	-36.1762205	-35.83904407	-36.16092839	-37.13713781	-38.73822257	-40.94949086	-43.86099191	-39.865379	-37.21614169	-35.25825349	-34.01833101	-33.59038153	-34.00732355	-35.22170944	-37.17363289	-39.81290277	-35.86613367	-33.34084199	-31.69919256	-31.11538042	-31.67559463	-33.29701884	-35.79652976	-31.49584834	-29.13927057	-28.2652111	-29.10164143	-31.42789131
	8500000	-51.95351772	-51.2743584	-51.00171761	-51.25781826	-52.00150547	-50.22205985	-49.04217282	-48.33300353	-48.15923792	-48.33250052	-49.01435489	-50.24867558	-49.21592827	-47.53672264	-46.46242168	-45.88989524	-45.67883815	-45.82459544	-46.43969686	-47.63446053	-49.23950559	-49.22061427	-46.91521251	-45.35327447	-44.25656435	-43.58762663	-43.35663977	-43.55499774	-44.26351102	-45.26327539	-46.8814584	-49.14342717	-47.19445698	-44.93586763	-43.28614518	-42.12930178	-41.51236258	-41.24953781	-41.47374507	-42.1015438	-43.22789625	-44.8831215	-47.15415587	-45.54664335	-43.15616516	-41.36572674	-40.14186056	-39.41590375	-39.16133822	-39.39298725	-40.12516545	-41.34685073	-43.07829685	-45.48297592	-44.11935473	-41.53379295	-39.59608595	-38.21635104	-37.38766125	-37.10253476	-37.37849987	-38.19803383	-39.56783658	-41.50794004	-44.07777496	-43.07383413	-40.14613427	-37.91923817	-36.30955666	-35.31989106	-34.98412361	-35.30487924	-36.27781148	-37.87970696	-40.09387017	-43.00432348	-39.0078219	-36.36031594	-34.40124636	-33.1624586	-32.73698026	-33.14612842	-34.36506002	-36.31312017	-38.95125022	-35.0023156	-32.48748555	-30.8406576	-30.25600499	-30.81811857	-32.43738688	-34.93637209	-30.63578551	-28.28040901	-27.40635247	-28.24392049	-30.57043756
	9350000	-51.21736036	-50.52732933	-50.26139967	-50.48246197	-51.22606366	-49.44207878	-48.28925742	-47.55649032	-47.3862506	-47.54865722	-48.27132504	-49.47452685	-48.45337776	-46.80972513	-45.68612829	-45.12045774	-44.90203946	-45.05931328	-45.67300645	-46.87700303	-48.47909093	-48.44454227	-46.14740934	-44.58618293	-43.50541596	-42.81263272	-42.58151543	-42.80117454	-43.4865355	-44.50317633	-46.11068973	-48.39303524	-46.42163963	-44.16648588	-42.52154873	-41.35592886	-40.7481177	-40.48522678	-40.69889507	-41.33797591	-42.46601889	-44.10723595	-46.37324142	-44.78538978	-42.37572122	-40.60851967	-39.37588024	-38.6503564	-38.39366141	-38.63323281	-39.35412744	-40.57310279	-42.32817918	-44.71485395	-43.35569759	-40.76896839	-38.83440189	-37.44992845	-36.61849637	-36.33450501	-36.61082045	-37.42822403	-38.80917989	-40.74481693	-43.31103084	-42.31633019	-39.37092631	-37.14711008	-35.54411562	-34.55224769	-34.21093272	-34.53790814	-35.51639642	-37.11156532	-39.32759577	-42.23595374	-38.24425102	-35.58958826	-33.6360343	-32.39315885	-31.97009485	-32.37779966	-33.596852	-35.54678663	-38.18482422	-34.23217782	-31.71583652	-30.07153078	-29.48799015	-30.05051155	-31.67038917	-34.17105302	-29.86524265	-27.50760612	-26.63506715	-27.47179291	-29.79736957
	10200000	-50.51094459	-49.79086836	-49.54549449	-49.80032714	-50.51686956	-48.7520519	-47.58174652	-46.86786877	-46.692818	-46.86032707	-47.55961256	-48.77671403	-47.77040682	-46.09071723	-45.0001444	-44.42437783	-44.22918639	-44.37514984	-44.9801577	-46.17104486	-47.77647841	-47.7663927	-45.45700533	-43.89005019	-42.81402945	-42.11928856	-41.8971614	-42.10337527	-42.79927871	-43.80510526	-45.42136244	-47.66899341	-45.74221011	-43.46772316	-41.8342893	-40.66054041	-40.04961855	-39.79366257	-40.01008597	-40.63921608	-41.76860722	-43.40305284	-45.69512649	-44.09124065	-41.69042489	-39.90167323	-38.67853781	-37.94727992	-37.70208192	-37.94208675	-38.65960869	-39.88121473	-41.63015797	-44.02845731	-42.66771787	-40.07475261	-38.13806059	-36.75764562	-35.93006116	-35.64524826	-35.91329741	-36.73544346	-38.11418567	-40.04079787	-42.61368235	-41.61277264	-38.67909969	-36.44942673	-34.84372065	-33.85388656	-33.52106873	-33.84031496	-34.81613375	-36.41452918	-38.62720891	-41.54457071	-37.55138907	-34.89225772	-32.93860984	-31.69804189	-31.26637901	-31.67770903	-32.89907855	-34.85041567	-37.48616535	-33.53758273	-31.01639505	-29.37245122	-28.791358	-29.34926358	-30.96695558	-33.47374589	-29.16122133	-26.8080706	-25.93382283	-26.7716025	-29.09830031
	11050000	-49.87301074	-49.19209011	-48.91873178	-49.14343635	-49.8873209	-48.10978733	-46.94497906	-46.21488646	-46.05302087	-46.21466125	-46.92530161	-48.14115357	-47.13583136	-45.45726491	-44.35900052	-43.78787248	-43.56663492	-43.74003719	-44.3334864	-45.52818684	-47.14326463	-47.12136049	-44.81258029	-43.23852504	-42.15764328	-41.48381532	-41.25079381	-41.46481829	-42.14852419	-43.17270876	-44.78142316	-47.03994653	-45.10199932	-42.84104847	-41.18639835	-40.02754956	-39.41540911	-39.14972341	-39.36837468	-39.99969593	-41.13250853	-42.77728598	-45.03643248	-43.4363051	-41.04258139	-39.26620768	-38.04080307	-37.31825379	-37.06241615	-37.29678535	-38.02095481	-39.23986799	-40.97972135	-43.38226531	-42.02442575	-39.4329279	-37.49975942	-36.10955851	-35.28096662	-35.00535415	-35.27205272	-36.09714839	-37.47129453	-39.40543826	-41.97101191	-40.97424472	-38.03528649	-35.80680553	-34.20538035	-33.2158412	-32.87707291	-33.20080377	-34.17620829	-35.77508493	-37.98674757	-40.90161812	-36.89808641	-34.2525507	-32.29842687	-31.0549965	-30.62461477	-31.03894537	-32.25705425	-34.20842266	-36.84319806	-32.89186564	-30.3730179	-28.72921847	-28.14425569	-28.70310457	-30.32461699	-32.82453234	-28.51658002	-26.16088253	-25.28850716	-26.12381094	-28.45307252
	11900000	-49.28320013	-48.57273853	-48.32023146	-48.53546163	-49.27175932	-47.51271274	-46.347106	-45.62818626	-45.47815776	-45.61593884	-46.31466983	-47.52335277	-46.5220747	-44.86301736	-43.77124698	-43.1761618	-42.98068758	-43.12714677	-43.73643579	-44.94083227	-46.53753535	-46.51333586	-44.19630291	-42.65209493	-41.56806738	-40.87393498	-40.66081201	-40.86339474	-41.55568519	-42.56831063	-44.18674731	-46.44074842	-44.49705769	-42.24556234	-40.5964865	-39.42701639	-38.80902684	-38.54857211	-38.77465866	-39.40308964	-40.53549099	-42.17550621	-44.4357592	-42.85191691	-40.45079956	-38.66687506	-37.4406621	-36.7199581	-36.46778187	-36.69985564	-37.42134757	-38.64085345	-40.38212119	-42.78795661	-41.41797381	-38.83517047	-36.900855	-35.5155596	-34.68684491	-34.4038617	-34.6784796	-35.49857972	-36.87726781	-38.80011595	-41.38001446	-40.37266921	-37.43746328	-35.21187701	-33.60578957	-32.61392382	-32.27890825	-32.60360098	-33.57366537	-35.17488453	-37.38820808	-40.30047506	-36.30103379	-33.6497418	-31.69698413	-30.45605795	-30.02717568	-30.43837413	-31.65660457	-33.60811246	-36.24652586	-32.29051717	-29.7734579	-28.12726968	-27.54572402	-28.10407808	-29.72222763	-32.22507832	-27.91576103	-25.55964962	-24.68563597	-25.5253086	-27.84981556
	12750000	-48.7409106	-48.0227732	-47.77412708	-47.99472025	-48.74803984	-46.97752429	-45.80977661	-45.07998076	-44.90944414	-45.07114462	-45.77903772	-46.99567377	-45.98854792	-44.31268195	-43.21345008	-42.64538065	-42.43162021	-42.57955801	-43.19746678	-44.3943614	-46.00400633	-45.94686313	-43.6725114	-42.1017952	-41.02556388	-40.33116552	-40.11344416	-40.32141072	-41.00975303	-42.01716632	-43.64046017	-45.88507166	-43.95299117	-41.68665067	-40.04432958	-38.88634041	-38.26543314	-38.01157172	-38.23550059	-38.87002937	-39.98148072	-41.6226615	-43.88246813	-42.29933252	-39.90164732	-38.11939411	-36.90409898	-36.1733473	-35.91781408	-36.15950601	-36.87792788	-38.09031056	-39.84508506	-42.2263241	-40.88473738	-38.29050563	-36.35504419	-34.97792599	-34.13795917	-33.85818507	-34.12928891	-34.95347057	-36.33123522	-38.25800039	-40.82657543	-39.82724206	-36.88613098	-34.65849107	-33.05809453	-32.06973273	-31.73629548	-32.0579079	-33.03040108	-34.62702175	-36.84197043	-39.75350025	-35.74933565	-33.10464914	-31.1470837	-29.91013126	-29.48172938	-29.88820169	-31.11248049	-33.06067731	-35.70071871	-31.74603353	-29.22741161	-27.57859937	-26.99598589	-27.5566436	-29.17364631	-31.68089303	-27.36593859	-25.00914034	-24.13652538	-24.97321751	-27.30039418
	13600000	-48.20664615	-47.51030201	-47.2575723	-47.47386489	-48.23329387	-46.45686546	-45.27879748	-44.56758024	-44.41816268	-44.55340391	-45.28468534	-46.47025996	-45.47066739	-43.80335415	-42.70753755	-42.1336328	-41.93562018	-42.08544585	-42.69353569	-43.8778402	-45.49663648	-45.45068919	-43.15056744	-41.59819546	-40.51212763	-39.82883212	-39.61297478	-39.81480599	-40.51313607	-41.51146816	-43.1306363	-45.36808644	-43.42720232	-41.18194461	-39.53801111	-38.37643135	-37.76165181	-37.5038677	-37.7219693	-38.3561735	-39.48725631	-41.11715584	-43.3867995	-41.78845302	-39.38412556	-37.6201207	-36.39205065	-35.66639594	-35.41478972	-35.64905553	-36.37073352	-37.58148074	-39.33296794	-41.73026379	-40.3616645	-37.77067291	-35.84456476	-34.4651707	-33.63776255	-33.35328324	-33.62434956	-34.4493992	-35.82110875	-37.75202118	-40.32124112	-39.322846	-36.38063428	-34.15263801	-32.55387939	-31.56338638	-31.2271355	-31.54901822	-32.52121146	-34.11938541	-36.33019046	-39.24163764	-35.24448216	-32.59647908	-30.64295844	-29.40367929	-28.97610783	-29.3858533	-30.60391182	-32.54938835	-35.1818094	-31.23629976	-28.71581009	-27.07157676	-26.48943054	-27.04961631	-28.66450386	-31.16493711	-26.85539984	-24.49872099	-23.62592194	-24.46410996	-26.78995205
	14450000	-47.74585152	-47.04734329	-46.77758178	-46.99601555	-47.73111428	-45.98083347	-44.81256944	-44.08757743	-43.91151606	-44.10392956	-44.78024035	-46.01153062	-44.99340238	-43.32487145	-42.23456542	-41.66710375	-41.45120656	-41.60835434	-42.22278941	-43.39932644	-45.00019648	-44.9792974	-42.67395268	-41.11624196	-40.03437477	-39.36305883	-39.13164026	-39.33710393	-40.03038543	-41.04125279	-42.65988152	-44.90094434	-42.96521345	-40.7032794	-39.06259843	-37.9026267	-37.29558707	-37.03241874	-37.2505776	-37.88285755	-39.01228468	-40.64332268	-42.89840022	-41.31597965	-38.91158147	-37.14429417	-35.91941152	-35.19277917	-34.9429587	-35.18494548	-35.89857773	-37.11580212	-38.85962362	-41.25255822	-39.88432927	-37.3071498	-35.36790921	-33.99261438	-33.16384683	-32.88266375	-33.15562193	-33.97407623	-35.34092437	-37.27704627	-39.83504228	-38.83928704	-35.90129988	-33.68194466	-32.07917425	-31.09081565	-30.75253693	-31.07338886	-32.04948015	-33.6466262	-35.85556797	-38.76532105	-34.76916225	-32.11956184	-30.16574033	-28.92938346	-28.50046169	-28.91127562	-30.12908713	-32.07531346	-34.70854138	-30.75785306	-28.24090485	-26.59565199	-26.01206393	-26.57400593	-28.18802248	-30.69235725	-26.3757713	-24.02086211	-23.14961416	-23.98761255	-26.3089398
	15300000	-47.28505894	-46.59512207	-46.32520394	-46.5600526	-47.32022525	-45.53343865	-44.36837037	-43.65400612	-43.48220068	-43.64667707	-44.34588391	-45.54391228	-44.55517944	-42.88507325	-41.78823029	-41.21303444	-41.00729475	-41.1618643	-41.76565282	-42.96307335	-44.55173042	-44.51950736	-42.23289615	-40.6761946	-39.5927811	-38.92083329	-38.68861824	-38.8985224	-39.59154642	-40.59845613	-42.21090538	-44.45703386	-42.52011404	-40.25996033	-38.62639725	-37.46143068	-36.84258326	-36.59445768	-36.80858683	-37.44050836	-38.56004126	-40.19454113	-42.4541146	-40.86625749	-38.47680068	-36.70021339	-35.47718629	-34.75274952	-34.50068499	-34.7389541	-35.45517165	-36.66947439	-38.41258629	-40.7983951	-39.45590345	-36.85815893	-34.93042211	-33.54974709	-32.72348024	-32.43912082	-32.71244192	-33.52857299	-34.90224211	-36.82598557	-39.39621745	-38.39018159	-35.45331451	-33.23675954	-31.63263276	-30.64536711	-30.31164983	-30.63285132	-31.60703339	-33.20484284	-35.40986538	-38.3120525	-34.31845322	-31.6739516	-29.72344193	-28.48071811	-28.05502776	-28.4668543	-29.68341683	-31.62889606	-34.26409279	-30.30660631	-27.79307736	-26.14766893	-25.56735929	-26.12529171	-27.74263511	-30.24146841	-25.92567001	-23.57191144	-22.69839477	-23.53692962	-25.85975292
	16150000	-46.86771796	-46.16080541	-45.91702282	-46.13433971	-46.87653255	-45.09665187	-43.94598537	-43.23637854	-43.05988909	-43.22697172	-43.92588641	-45.11448319	-44.13062814	-42.45799786	-41.37627389	-40.79995972	-40.59355405	-40.73262254	-41.3564359	-42.54491216	-44.12260665	-44.09375622	-41.81017085	-40.25930205	-39.16378261	-38.49650177	-38.28441823	-38.48266256	-39.16762198	-40.18185526	-41.79034001	-44.03717184	-42.08054102	-39.84592497	-38.20642912	-37.04744903	-36.43603128	-36.17534257	-36.3885423	-37.0266945	-38.14707465	-39.77401074	-42.04902864	-40.44556695	-38.05202042	-36.28306163	-35.05967836	-34.3361494	-34.08595215	-34.32047109	-35.0354523	-36.24931761	-37.99649883	-40.37523181	-39.01582739	-36.44547804	-34.51071159	-33.13849419	-32.30330451	-32.02517212	-32.29735705	-33.11324039	-34.48475811	-36.41087164	-38.97830721	-37.96955008	-35.03543689	-32.81695739	-31.21786171	-30.23208503	-29.89658993	-30.21652913	-31.19107102	-32.7798098	-34.99600981	-37.88923215	-33.90251732	-31.25659705	-29.30771779	-28.06815192	-27.6358564	-28.04620453	-29.2665009	-31.2108034	-33.84129463	-29.88733021	-27.37522519	-25.72976508	-25.14904703	-25.70481039	-27.32325576	-29.81952712	-25.50610273	-23.15065651	-22.2787621	-23.11712758	-25.44046609
	17000000	-46.46768505	-45.767924	-45.52333064	-45.74958381	-46.48472521	-44.71498594	-43.56373939	-42.84975556	-42.65959443	-42.85050759	-43.53346426	-44.73914571	-43.73739194	-42.07928542	-40.97682568	-40.42042892	-40.21194803	-40.36241952	-40.95967549	-42.17699902	-43.74852004	-43.71207463	-41.40953981	-39.86744171	-38.78912196	-38.11346034	-37.88362804	-38.10244223	-38.78335539	-39.78790604	-41.39626532	-43.65014359	-41.70128164	-39.4535587	-37.82016284	-36.65821561	-36.04570812	-35.78780055	-36.00508462	-36.63533512	-37.76140499	-39.38857413	-41.6497217	-40.05255598	-37.66169484	-35.89754467	-34.67028407	-33.94900534	-33.70159452	-33.934943	-34.65192846	-35.86311827	-37.60602946	-39.97868988	-38.62597966	-36.05348343	-34.12517511	-32.74753963	-31.92138348	-31.63647957	-31.90926576	-32.73045724	-34.09595999	-36.02173827	-38.58696239	-37.57627197	-34.64582653	-32.42950995	-30.83272135	-29.84497726	-29.50613674	-29.82891107	-30.80147348	-32.38942163	-34.59774546	-37.50288736	-33.5101672	-30.86602288	-28.91630914	-27.67990561	-27.25046943	-27.66209701	-28.87478396	-30.82417378	-33.44609471	-29.49616434	-26.98359445	-25.34018496	-24.75960799	-25.31571264	-26.93123403	-29.43039898	-25.11414485	-22.75802392	-21.88605113	-22.7231789	-25.0463866
	17850000	-46.09007194	-45.38671698	-45.14329775	-45.38544982	-46.11182468	-44.32898581	-43.1802445	-42.46980595	-42.30824893	-42.46366256	-43.1658683	-44.34382241	-43.35118435	-41.69268403	-40.60944818	-40.0317397	-39.82242735	-39.9797893	-40.59532607	-41.78267079	-43.35484047	-43.32681676	-41.04497683	-39.48765885	-38.41245558	-37.73823834	-37.52181486	-37.72067354	-38.40489566	-39.41035601	-41.0130741	-43.26151786	-41.32132259	-39.0797389	-37.4425465	-36.28636703	-35.66845039	-35.40877663	-35.63449427	-36.26278312	-37.3853056	-39.00491339	-41.26177514	-39.6778731	-37.29316605	-35.52262578	-34.29953477	-33.57779556	-33.32887505	-33.5627658	-34.27943023	-35.49005255	-37.2261351	-39.60730735	-38.25118054	-35.67550392	-33.74721268	-32.37245354	-31.54690318	-31.26319924	-31.53393014	-32.3511183	-33.72145161	-35.64948101	-38.19736541	-37.1929071	-34.26541282	-32.05162589	-30.45172798	-29.46816315	-29.13300753	-29.45350017	-30.42265435	-32.01542297	-34.22343385	-37.1230805	-33.12785571	-30.48753482	-28.53841878	-27.30186928	-26.87445635	-27.28255089	-28.49760555	-30.44237134	-33.06988129	-29.11479815	-26.60593926	-24.96124787	-24.37894717	-24.93821207	-26.55184037	-29.04956103	-24.73017203	-22.37535568	-21.50513641	-22.34160159	-24.66313587
	18700000	-45.72996143	-45.04071623	-44.8044327	-45.01800613	-45.75296297	-43.96262411	-42.82640009	-42.10598348	-41.94297254	-42.10965973	-42.78910442	-43.98775789	-43.01147064	-41.34606179	-40.2575877	-39.68560513	-39.47635223	-39.63209775	-40.23935517	-41.4394019	-43.00497667	-42.970038	-40.68947679	-39.14076983	-38.06326403	-37.39312461	-37.16720841	-37.36907282	-38.05475768	-39.06029515	-40.65846263	-42.90144174	-40.96437363	-38.71581108	-37.09072088	-35.93184707	-35.31934038	-35.06492112	-35.28013291	-35.90690027	-37.03013342	-38.66480293	-40.897011	-39.32560533	-36.93200572	-35.17023656	-33.94873441	-33.22543023	-32.97228921	-33.20870192	-33.92616278	-35.13635217	-36.87443362	-39.24866419	-37.89432281	-35.31558532	-33.39861934	-32.02102362	-31.19291722	-30.91360877	-31.18601388	-31.99946346	-33.36649642	-35.28952223	-37.85045708	-36.83561866	-33.91345891	-31.70061624	-30.1026707	-29.11745593	-28.7825008	-29.10140612	-30.07216547	-31.66300639	-33.86757004	-36.76440254	-32.7727678	-30.13545287	-28.18621289	-26.9494811	-26.52046452	-26.93208049	-28.14510328	-30.08732121	-32.71163519	-28.75859897	-26.24857513	-24.60687366	-24.02381951	-24.58383401	-26.19659091	-28.6924393	-24.37244361	-22.01897934	-21.14663619	-21.98394112	-24.30573196
	19550000	-45.42354565	-44.71273957	-44.46183061	-44.67082035	-45.41191948	-43.63257379	-42.49193565	-41.78024897	-41.60771048	-41.77772911	-42.4616246	-43.62792931	-42.65744171	-41.01308586	-39.91794207	-39.34581599	-39.13444017	-39.29347836	-39.90127213	-41.1011468	-42.65884797	-42.63860685	-40.35241267	-38.79698584	-37.72454817	-37.05655927	-36.83221178	-37.04260589	-37.71844625	-38.73487711	-40.3248391	-42.56417748	-40.62618702	-38.38637522	-36.75629751	-35.60193427	-34.98266131	-34.72680984	-34.94788482	-35.57852154	-36.69752791	-38.31660134	-40.57349742	-38.98037658	-36.59788475	-34.8298788	-33.6166955	-32.89444007	-32.64422169	-32.87460371	-33.59127757	-34.79963515	-36.53541617	-38.91262182	-37.55749595	-34.98126905	-33.05950529	-31.68715719	-30.86375829	-30.580034	-30.85355273	-31.66807592	-33.03612265	-34.95446738	-37.51046336	-36.49473729	-33.57845704	-31.36605653	-29.76864817	-28.78470341	-28.44884133	-28.76904417	-29.73822474	-31.32772182	-33.53024998	-36.42421333	-32.43528666	-29.79998005	-27.85051591	-26.61535581	-26.18592244	-26.59698711	-27.81106107	-29.75212172	-32.37551891	-28.42179837	-25.9128213	-24.27026789	-23.68991609	-24.2478098	-25.86004848	-28.35502417	-24.0325983	-21.6807215	-20.80902028	-21.64584034	-23.96772562
	20400000	-45.0924862	-44.37494191	-44.12790028	-44.34878404	-45.08349853	-43.30966545	-42.16762298	-41.45891202	-41.28226541	-41.45733424	-42.13459746	-43.30969122	-42.33594133	-40.68707143	-39.60197889	-39.02585223	-38.81898046	-38.97720553	-39.58562492	-40.77669787	-42.33749196	-42.30297726	-40.03453604	-38.48597117	-37.40836401	-36.7402113	-36.52093387	-36.72539458	-37.39597382	-38.41178443	-40.00335622	-42.24027543	-40.3109171	-38.06505	-36.43558205	-35.28753128	-34.66923869	-34.41420025	-34.63252772	-35.26293894	-36.38047154	-38.00368626	-40.24738658	-38.66322694	-36.27781104	-34.51740903	-33.30005632	-32.58226811	-32.32998596	-32.56457049	-33.28069667	-34.48798379	-36.21714015	-38.59026375	-37.23577802	-34.6656067	-32.74556611	-31.37637871	-30.55113609	-30.26878146	-30.5404274	-31.35511373	-32.71821628	-34.63455751	-37.18584326	-36.17550575	-33.26216682	-31.04969983	-29.45738528	-28.47318259	-28.13727055	-28.454912	-29.4256124	-31.01352591	-33.21410704	-36.10335196	-32.11922688	-29.48518113	-27.53738374	-26.30437158	-25.87445307	-26.28231339	-27.49815955	-29.43893185	-32.0561495	-28.10626757	-25.59608245	-23.9541603	-23.37242347	-23.93163037	-25.5444528	-28.03738393	-23.71468312	-21.35993722	-20.48873649	-21.32644118	-23.64641834
	21250000	-44.78474137	-44.06665769	-43.81968261	-44.04833824	-44.77469837	-42.99211248	-41.853982	-41.15196997	-40.97161685	-41.15349364	-41.8317437	-42.9918679	-42.02704531	-40.3825098	-39.29987327	-38.72166495	-38.50911176	-38.6756251	-39.27692721	-40.45595977	-42.02889043	-41.99497737	-39.73754654	-38.17871939	-37.10102284	-36.43810196	-36.22109795	-36.42122809	-37.09220592	-38.11195637	-39.69989153	-41.92702142	-40.00093222	-37.75525528	-36.13447756	-34.98536935	-34.36404712	-34.11300602	-34.32757919	-34.95892702	-36.0747526	-37.69692421	-39.94435601	-38.35249377	-35.97315004	-34.21819617	-32.99922699	-32.28040076	-32.03144667	-32.26589589	-32.97931681	-34.18679626	-35.91665761	-38.28418181	-36.93199511	-34.36094122	-32.44497851	-31.07485493	-30.25112494	-29.96883539	-30.23878074	-31.05386493	-32.41583995	-34.32911582	-36.88263046	-35.86821455	-32.95856291	-30.74898548	-29.15374653	-28.17226649	-27.83856402	-28.15532798	-29.12473994	-30.71081739	-32.91134005	-35.79251626	-31.81162724	-29.17934393	-27.23646173	-26.00300851	-25.57388177	-25.98345263	-27.19684192	-29.13551789	-31.75317866	-27.79970037	-25.29373667	-23.65296278	-23.07083075	-23.62933086	-25.24198775	-27.73204342	-23.40933255	-21.05637533	-20.18473124	-21.02130711	-23.34149119
