BPM Serial No.	16elec																																																																																																	
BPM Size	110																																																																																																	
"Experi,menter"	Tajima      Hanamura      Kawachi      																																																																																																	
Meas. Start Time	2019/08/2317:00																																																																																																	
Meas. Finish Time	2019/08/2317:50																																																																																																	
Linear Scale Origin X(mm)	-99.673																																																																																																	
Linear Scale Origin Y(mm)	88.51																																																																																																	
note																																																																																																		
																																																																																																		
																																																																																																		
Data Point Number		1	2	3	4	5	6	7	8	9	10	11	12	13	14	15	16	17	18	19	20	21	22	23	24	25	26	27	28	29	30	31	32	33	34	35	36	37	38	39	40	41	42	43	44	45	46	47	48	49	50	51	52	53	54	55	56	57	58	59	60	61	62	63	64	65	66	67	68	69	70	71	72	73	74	75	76	77	78	79	80	81	82	83	84	85	86	87	88	89	90	91	92	93	94	95	96	97
Linear Scale X (mm)		-119.675	-109.677	-99.676	-89.676	-79.675	-129.676	-119.678	-109.677	-99.676	-89.676	-79.675	-69.673	-139.678	-129.679	-119.678	-109.677	-99.676	-89.676	-79.675	-69.673	-59.672	-149.678	-139.68	-129.679	-119.678	-109.678	-99.677	-89.676	-79.675	-69.674	-59.672	-49.671	-149.678	-139.68	-129.679	-119.678	-109.678	-99.677	-89.676	-79.675	-69.673	-59.672	-49.671	-149.678	-139.68	-129.679	-119.678	-109.677	-99.676	-89.676	-79.675	-69.674	-59.672	-49.671	-149.678	-139.68	-129.679	-119.678	-109.678	-99.676	-89.676	-79.675	-69.674	-59.672	-49.671	-149.678	-139.68	-129.679	-119.678	-109.678	-99.676	-89.676	-79.675	-69.673	-59.672	-49.671	-139.678	-129.679	-119.678	-109.678	-99.677	-89.676	-79.675	-69.674	-59.673	-129.676	-119.678	-109.678	-99.676	-89.676	-79.675	-69.673	-119.675	-109.678	-99.676	-89.676	-79.675
Linear Scale Y (mm)		38.512	38.512	38.512	38.512	38.512	48.509	48.509	48.509	48.509	48.509	48.509	48.509	58.509	58.509	58.509	58.509	58.509	58.509	58.509	58.509	58.509	68.508	68.508	68.508	68.508	68.508	68.508	68.508	68.508	68.508	68.508	68.508	78.507	78.507	78.507	78.507	78.507	78.507	78.507	78.507	78.507	78.507	78.507	88.507	88.507	88.507	88.507	88.507	88.507	88.507	88.507	88.507	88.507	88.507	98.507	98.507	98.507	98.507	98.507	98.507	98.507	98.507	98.507	98.507	98.507	108.507	108.508	108.508	108.508	108.508	108.508	108.508	108.508	108.508	108.508	108.508	118.506	118.507	118.506	118.506	118.506	118.506	118.506	118.506	118.507	128.507	128.507	128.507	128.507	128.507	128.507	128.507	138.507	138.507	138.507	138.507	138.507
R(beam)[mm]		20.002	10.004	0.003	-9.997	-19.998	30.003	20.005	10.004	0.003	-9.997	-19.998	-30	40.005	30.006	20.005	10.004	0.003	-9.997	-19.998	-30	-40.001	50.005	40.007	30.006	20.005	10.005	0.004	-9.997	-19.998	-29.999	-40.001	-50.002	50.005	40.007	30.006	20.005	10.005	0.004	-9.997	-19.998	-30	-40.001	-50.002	50.005	40.007	30.006	20.005	10.004	0.003	-9.997	-19.998	-29.999	-40.001	-50.002	50.005	40.007	30.006	20.005	10.005	0.003	-9.997	-19.998	-29.999	-40.001	-50.002	50.005	40.007	30.006	20.005	10.005	0.003	-9.997	-19.998	-30	-40.001	-50.002	40.005	30.006	20.005	10.005	0.004	-9.997	-19.998	-29.999	-40	30.003	20.005	10.005	0.003	-9.997	-19.998	-30	20.002	10.005	0.003	-9.997	-19.998
Y(beam)[mm]		-49.998	-49.998	-49.998	-49.998	-49.998	-40.001	-40.001	-40.001	-40.001	-40.001	-40.001	-40.001	-30.001	-30.001	-30.001	-30.001	-30.001	-30.001	-30.001	-30.001	-30.001	-20.002	-20.002	-20.002	-20.002	-20.002	-20.002	-20.002	-20.002	-20.002	-20.002	-20.002	-10.003	-10.003	-10.003	-10.003	-10.003	-10.003	-10.003	-10.003	-10.003	-10.003	-10.003	-0.003	-0.003	-0.003	-0.003	-0.003	-0.003	-0.003	-0.003	-0.003	-0.003	-0.003	9.997	9.997	9.997	9.997	9.997	9.997	9.997	9.997	9.997	9.997	9.997	19.997	19.998	19.998	19.998	19.998	19.998	19.998	19.998	19.998	19.998	19.998	29.996	29.997	29.996	29.996	29.996	29.996	29.996	29.996	29.997	39.997	39.997	39.997	39.997	39.997	39.997	39.997	49.997	49.997	49.997	49.997	49.997
Net Ana Temperature[℃]		22.18699818	22.20324072	22.23451571	22.23441703	22.24241236	22.2183303	22.22224877	22.2035705	22.18330304	22.18727344	22.18152168	22.17236822	22.1636536	22.18156583	22.17392885	22.1619839	22.15125162	22.16485848	22.15894573	22.15538302	22.19025967	22.21910932	22.2469826	22.22628668	22.20383796	22.18115035	22.15562192	22.18089068	22.16068554	22.15867827	22.16775123	22.17328486	22.12152947	22.12851467	22.15301999	22.16845235	22.18918982	22.20073487	22.18081278	22.16639314	22.17668657	22.19536224	22.205396	22.16278889	22.17283043	22.16813036	22.18746559	22.21011685	22.21941574	22.22193197	22.19274474	22.18964944	22.20168787	22.19475201	22.25516749	22.26113217	22.2465905	22.23693586	22.24058426	22.23156323	22.22113217	22.21653077	22.22298883	22.21481693	22.18764217	22.16819527	22.16385614	22.15655155	22.13552584	22.15347962	22.1826175	22.18097118	22.15242275	22.13144638	22.13155284	22.12623994	22.13386393	22.1250818	22.09972734	22.1304778	22.1565879	22.16293171	22.17456245	22.2070631	22.20617242	22.14463256	22.1212724	22.10930667	22.11038691	22.08525837	22.10263308	22.10596988	22.10427162	22.09789146	22.09773825	22.10828097	22.11859257
BPM Temperature[℃]		20.35582965	20.32505843	20.2957154	20.26704752	20.23983381	20.21056868	20.18930148	20.22487666	20.25455726	20.23258894	20.20109063	20.19602701	20.18769151	20.17372111	20.16091924	20.16265905	20.19389769	20.17314983	20.18112179	20.18699039	20.20244092	20.19919501	20.18732797	20.1607115	20.17772007	20.1761101	20.17831732	20.20511555	20.18387432	20.20488185	20.18003116	20.1589717	20.11625552	20.112698	20.12440924	20.149208	20.13536744	20.12178655	20.1196053	20.10815373	20.14383277	20.18961309	20.20324591	20.17431836	20.20612828	20.21931966	20.22087769	20.22562971	20.22451311	20.22025448	20.19553363	20.19639055	20.2054791	20.21095819	20.22586341	20.2619839	20.28049857	20.28499091	20.26608673	20.27185147	20.27569462	20.28070631	20.22422747	20.16541158	20.13323812	20.18034277	20.16735913	20.16143859	20.13092703	20.12124124	20.17727863	20.21752791	20.194443	20.17525318	20.15058426	20.17122825	20.21799533	20.21524279	20.18065438	20.16756687	20.16863152	20.19462477	20.19963646	20.18169307	20.19475461	20.2379382	20.26577512	20.27953778	20.2734095	20.22459102	20.16673591	20.16193197	20.1802389	20.16229551	20.16964425	20.18647105	20.18870423
Frequency (Hz) / Data (dB)	850000	-33.99247767	-33.97382675	-33.99321417	-34.04257105	-34.04311723	-34.0186497	-33.97807747	-34.04470673	-33.98420612	-33.99093656	-33.98558215	-33.9111623	-33.99720496	-33.99285395	-33.98884671	-33.97490965	-33.98345533	-33.99287249	-34.03286181	-33.98068736	-33.95627015	-34.00293512	-34.0378546	-33.98225361	-33.98044388	-33.99105285	-33.98534662	-33.98603974	-33.96860158	-33.9924867	-34.00117661	-34.00481118	-33.99694664	-34.03388522	-34.03070742	-33.98262514	-34.01125179	-33.98287455	-33.98603621	-33.98099672	-33.99098122	-34.04382768	-33.99864824	-33.99404423	-34.03838104	-33.98247895	-34.02837595	-33.98526776	-33.97563956	-33.97976157	-33.98349244	-33.98824534	-33.99318795	-34.03911106	-33.99554686	-33.98842091	-34.03327982	-33.9826407	-33.97957891	-33.97741985	-33.9771871	-33.98330291	-34.03088041	-33.99180213	-34.03976369	-34.04074822	-33.98589314	-33.9808241	-34.02601252	-33.97816886	-33.97853029	-33.97902276	-33.97924852	-33.9817285	-33.99069358	-33.99978838	-34.03731968	-33.99076931	-33.98042545	-33.98399055	-33.97871851	-33.98269158	-33.98315923	-33.98485383	-33.99385154	-33.99110883	-34.03166347	-33.98468994	-33.98608958	-34.02674417	-34.02876236	-33.98993495	-33.99188602	-33.98919275	-33.98858391	-33.99231725	-33.99786971
	1700000	-40.753276	-40.85820442	-40.78096814	-40.97946821	-41.03570643	-41.10211533	-40.84914104	-40.96007169	-40.83970787	-40.75448356	-40.86287007	-40.97272199	-40.81639167	-40.75594684	-40.73655951	-40.85835596	-40.83224389	-40.76262684	-40.93420083	-40.85063962	-40.94102441	-40.83556386	-40.95161784	-40.86412164	-40.84872499	-40.77039719	-40.73711713	-40.73872492	-40.86739424	-40.73992763	-40.80324448	-40.81884195	-40.80644922	-41.00928542	-41.01255487	-40.73660989	-41.04340755	-40.76742622	-40.78187354	-40.72798576	-40.76551513	-40.98958239	-40.8167753	-40.86893225	-41.01951927	-40.75096786	-40.94573211	-40.74837688	-40.73962473	-40.73519041	-40.75310498	-40.77173399	-40.78404125	-41.03886872	-40.77443573	-40.76475047	-40.97123029	-40.73073099	-40.7378665	-40.73235723	-40.724532	-40.75444056	-40.97390828	-40.78925139	-40.99112167	-41.03323049	-40.77000823	-40.75364716	-40.94084613	-40.73500811	-40.74033561	-40.73801171	-40.74491559	-40.76481204	-40.78330272	-40.80199508	-40.98144947	-40.76907741	-40.75858906	-40.75604982	-40.76252056	-40.75473833	-40.76902665	-40.76808102	-40.79642014	-40.7940384	-40.98121763	-40.77701268	-40.77547911	-40.96867654	-40.97870655	-40.79802322	-40.79541517	-40.79168395	-40.79758364	-40.79527102	-40.80531142
	2550000	-43.72009154	-43.81255206	-43.75108389	-44.03617534	-44.10488564	-44.1622871	-43.82854517	-44.05070004	-43.83170137	-43.74111667	-43.84319	-43.94401887	-43.76805462	-43.7432004	-43.74282088	-43.86344795	-43.83908557	-43.75408349	-44.02294498	-43.83165421	-43.87448599	-43.77624779	-44.01615676	-43.87106745	-43.85097757	-43.78056447	-43.76670661	-43.75909503	-43.88491191	-43.73716001	-43.76641965	-43.74771606	-43.77091062	-44.09868574	-44.11884078	-43.77510639	-44.17905119	-43.80080749	-43.80928367	-43.74697089	-43.75279784	-44.08842774	-43.78583471	-43.84095965	-44.13817761	-43.76927255	-44.0902028	-43.80169521	-43.79751065	-43.76266869	-43.7943476	-43.78870822	-43.78823108	-44.10999111	-43.76428687	-43.76851872	-44.10908147	-43.78285597	-43.7878737	-43.7907467	-43.77262221	-43.79530796	-44.08287387	-43.80658442	-44.09334393	-44.1157051	-43.78520039	-43.78912705	-44.08416058	-43.79199754	-43.79199977	-43.7939421	-43.79157433	-43.79829974	-43.7982892	-43.78494133	-44.07276382	-43.80641465	-43.80955671	-43.8159334	-43.80859011	-43.79579198	-43.7955781	-43.80999892	-43.78775319	-43.79621509	-44.09528544	-43.82037377	-43.80564483	-44.0789888	-44.09383046	-43.79273174	-43.78678888	-43.78388612	-43.79404109	-43.78718279	-43.77342881
	3400000	-41.29480045	-41.36317742	-41.33281639	-41.45690222	-41.45622592	-41.51867135	-41.37821853	-41.49875066	-41.39639931	-41.35340373	-41.37531685	-41.41448055	-41.32678796	-41.34594028	-41.36647761	-41.43634997	-41.42170133	-41.38638849	-41.49653969	-41.37829624	-41.36703944	-41.3011891	-41.4633544	-41.41968418	-41.43171515	-41.40614187	-41.40658321	-41.39585733	-41.44105151	-41.36128543	-41.34529264	-41.29092157	-41.30969456	-41.50750747	-41.54866773	-41.39691851	-41.5971608	-41.42057549	-41.41547682	-41.38840097	-41.36661556	-41.49222379	-41.31198113	-41.35095811	-41.53275882	-41.38759213	-41.54724394	-41.42022138	-41.42035874	-41.40926512	-41.40936665	-41.3865165	-41.36053653	-41.46966935	-41.31798667	-41.36412685	-41.54843306	-41.40537259	-41.42025285	-41.42504467	-41.41717274	-41.42232107	-41.54059304	-41.38500579	-41.47947685	-41.46021106	-41.35846777	-41.3943649	-41.5472907	-41.42290807	-41.4289926	-41.42466344	-41.4095085	-41.39012277	-41.3591421	-41.31299662	-41.47705761	-41.37672154	-41.39939024	-41.41058496	-41.4089385	-41.40692301	-41.39537812	-41.37504389	-41.33307505	-41.33840526	-41.50470143	-41.38686438	-41.37821848	-41.50977271	-41.49861545	-41.33615874	-41.31682754	-41.32898284	-41.33036807	-41.32227176	-41.30920362
	4250000	-38.6258407	-38.66550899	-38.66270525	-38.71039609	-38.70180207	-38.7486526	-38.69289195	-38.75839722	-38.7125558	-38.68946485	-38.69011759	-38.69197321	-38.65256571	-38.68632303	-38.70877092	-38.74109307	-38.74127359	-38.72277277	-38.76671576	-38.70104648	-38.66676456	-38.62335274	-38.73217575	-38.73168545	-38.74850111	-38.74281245	-38.74561735	-38.74390405	-38.7517558	-38.70275366	-38.6714286	-38.61314288	-38.64629156	-38.76427256	-38.79782319	-38.7415703	-38.83683229	-38.76677617	-38.75358364	-38.72752581	-38.7106477	-38.74557246	-38.63854441	-38.6593727	-38.77364961	-38.72512113	-38.81651136	-38.76151723	-38.76351909	-38.75483023	-38.74794235	-38.72023243	-38.69130295	-38.71535561	-38.64420324	-38.69777462	-38.80387137	-38.74348905	-38.76053304	-38.76297055	-38.760394	-38.74888124	-38.79228979	-38.70178864	-38.71501863	-38.70443843	-38.6849296	-38.72283481	-38.80593955	-38.75533041	-38.75717664	-38.75501513	-38.7401351	-38.71798583	-38.68408216	-38.6223485	-38.72075831	-38.69871723	-38.72232237	-38.73779575	-38.74266386	-38.7333205	-38.71732753	-38.69564634	-38.65076454	-38.65726346	-38.74635877	-38.70567794	-38.70840607	-38.76312882	-38.7483544	-38.65354919	-38.63341814	-38.64947873	-38.65433629	-38.64555551	-38.6249211
	5100000	-36.63257516	-36.65848407	-36.65919734	-36.68237853	-36.67163911	-36.70701334	-36.69327531	-36.73360527	-36.7074079	-36.69611644	-36.68824724	-36.67251093	-36.65867618	-36.69243999	-36.71339741	-36.73620584	-36.73830684	-36.72344135	-36.74234441	-36.69321293	-36.65297314	-36.62689198	-36.70932858	-36.72785426	-36.74545496	-36.7516444	-36.756759	-36.74586815	-36.74685136	-36.70961759	-36.67285676	-36.62002625	-36.64540605	-36.7325303	-36.7647428	-36.75117353	-36.80482108	-36.76123744	-36.7614662	-36.74345052	-36.71837267	-36.7230853	-36.63834249	-36.65935627	-36.7458736	-36.73389893	-36.78597884	-36.76688331	-36.76766468	-36.7609227	-36.74891851	-36.72631308	-36.69829439	-36.68719133	-36.64992078	-36.6968571	-36.77652741	-36.7500712	-36.7629496	-36.77007483	-36.76233282	-36.75576717	-36.76208158	-36.70096576	-36.68485539	-36.67082434	-36.68980041	-36.72292632	-36.78038897	-36.75455543	-36.76536453	-36.75841518	-36.74003807	-36.72069094	-36.68009374	-36.6268403	-36.69151551	-36.70129475	-36.72215455	-36.73754234	-36.74000482	-36.73331404	-36.71956499	-36.69235846	-36.65491134	-36.65526978	-36.72043402	-36.70266212	-36.70918516	-36.73025529	-36.71674604	-36.65059279	-36.62591072	-36.64532886	-36.65331606	-36.64637524	-36.62441164
	5950000	-35.06445771	-35.08189573	-35.08647861	-35.10189227	-35.08424756	-35.11820169	-35.1167454	-35.14641007	-35.1337562	-35.1257536	-35.11094138	-35.09161052	-35.08645469	-35.1210664	-35.14607072	-35.15654398	-35.16408049	-35.15483546	-35.1612075	-35.12224047	-35.0821052	-35.05729826	-35.12827192	-35.14908066	-35.1711078	-35.17643447	-35.18061997	-35.17517998	-35.17020272	-35.13836786	-35.10609085	-35.05229922	-35.07814796	-35.14546067	-35.18326946	-35.17990283	-35.21250627	-35.19018868	-35.18754844	-35.16838159	-35.14569345	-35.13492753	-35.07232888	-35.08565669	-35.15878865	-35.16266678	-35.20641734	-35.19468197	-35.19403028	-35.18858093	-35.17721015	-35.15354124	-35.12635068	-35.10123804	-35.07625788	-35.12923946	-35.18354244	-35.18039938	-35.19338261	-35.19296823	-35.18702363	-35.1826236	-35.17289983	-35.12158587	-35.09752422	-35.08680513	-35.11578937	-35.14792309	-35.18860499	-35.17566231	-35.18436497	-35.1805479	-35.16256112	-35.14206302	-35.10701031	-35.0557655	-35.10319187	-35.12180103	-35.14812774	-35.16214103	-35.16012773	-35.15417898	-35.1404544	-35.11800963	-35.08045858	-35.08373871	-35.1306341	-35.12604791	-35.12968367	-35.14360063	-35.12820573	-35.07788846	-35.05802751	-35.07437659	-35.08260623	-35.07195602	-35.05150906
	6800000	-33.79637937	-33.81250236	-33.81675107	-33.82341062	-33.80606139	-33.83648395	-33.8421924	-33.87284326	-33.85925935	-33.85386609	-33.83839386	-33.81450381	-33.81803838	-33.85564274	-33.87544217	-33.88893213	-33.89287582	-33.88491345	-33.88597923	-33.84713442	-33.80602127	-33.78851965	-33.85512359	-33.87717678	-33.8963153	-33.9069274	-33.91032056	-33.90410502	-33.89410564	-33.86664927	-33.83831559	-33.78692254	-33.8087462	-33.86924476	-33.90175118	-33.90738953	-33.93164079	-33.91743589	-33.91507858	-33.90193282	-33.87654506	-33.86097451	-33.80732322	-33.81961999	-33.87868702	-33.89202219	-33.92785808	-33.9202379	-33.9217685	-33.91871949	-33.90329046	-33.88258247	-33.85679825	-33.82321396	-33.81156396	-33.85633796	-33.90528128	-33.90454045	-33.91480498	-33.91975866	-33.91487172	-33.90499298	-33.89593855	-33.84904839	-33.82059329	-33.80711543	-33.84653802	-33.87501288	-33.912393	-33.90675347	-33.91338225	-33.90627488	-33.88815321	-33.87089381	-33.83633936	-33.7837737	-33.82705752	-33.84920302	-33.87351829	-33.88941287	-33.88867604	-33.88400327	-33.86826026	-33.84416617	-33.80618953	-33.81334809	-33.85083098	-33.85256034	-33.85720708	-33.86424485	-33.84788545	-33.80873738	-33.7871392	-33.80444323	-33.80913561	-33.8029777	-33.78213553
	7650000	-32.73636643	-32.75422946	-32.76026393	-32.76204497	-32.74683362	-32.77096522	-32.78724927	-32.80895801	-32.80059794	-32.79751253	-32.77926101	-32.75538227	-32.76275535	-32.79805893	-32.8198067	-32.82782463	-32.83212235	-32.82828655	-32.82380143	-32.78820761	-32.74942773	-32.73442128	-32.7938797	-32.81739505	-32.83670011	-32.84806194	-32.85629741	-32.84856506	-32.83445277	-32.81186253	-32.77889309	-32.7316471	-32.75496303	-32.80895793	-32.84038644	-32.85249471	-32.86578175	-32.86149442	-32.85965705	-32.84233848	-32.81972155	-32.80234908	-32.7488685	-32.76077853	-32.81960881	-32.83379906	-32.8684214	-32.86389819	-32.86414551	-32.86138898	-32.84629749	-32.82611747	-32.79866307	-32.76385614	-32.75539592	-32.79789685	-32.84206829	-32.84648764	-32.85812117	-32.86023728	-32.85520745	-32.84884514	-32.83301575	-32.79152872	-32.7606072	-32.74853098	-32.78904175	-32.81817914	-32.84771926	-32.84878715	-32.85215114	-32.8487903	-32.83388423	-32.81506918	-32.78308114	-32.73150206	-32.76425471	-32.79373191	-32.81464303	-32.82900605	-32.82850699	-32.82494859	-32.80969371	-32.78929298	-32.7488859	-32.75783942	-32.79113178	-32.79401776	-32.80108816	-32.80362785	-32.7885887	-32.75146651	-32.73035274	-32.7443362	-32.75447634	-32.7490551	-32.72959872
	8500000	-31.83772922	-31.84766241	-31.85586852	-31.85543845	-31.83980633	-31.86419547	-31.87896652	-31.90342896	-31.89828688	-31.89395988	-31.87597801	-31.84666753	-31.85962172	-31.89293893	-31.91690579	-31.9205239	-31.92713683	-31.92156831	-31.91789765	-31.88559937	-31.84432736	-31.83234671	-31.88989199	-31.91192639	-31.93166119	-31.94416054	-31.9495944	-31.94382566	-31.9284915	-31.90741628	-31.87684376	-31.82900602	-31.85265094	-31.90355657	-31.93187125	-31.94428414	-31.95643888	-31.9558013	-31.9517128	-31.94059183	-31.91594788	-31.89518885	-31.8465219	-31.85856264	-31.91094914	-31.93071413	-31.95767623	-31.95686649	-31.9599067	-31.95439143	-31.94450914	-31.92053693	-31.894928	-31.86012987	-31.85106466	-31.89616242	-31.93731239	-31.94230352	-31.95352864	-31.95624873	-31.9517128	-31.94041122	-31.92673662	-31.88796791	-31.85524565	-31.84395863	-31.88426765	-31.91510265	-31.9395411	-31.94175231	-31.94701225	-31.94045418	-31.93206961	-31.90865843	-31.87890937	-31.82870432	-31.86312493	-31.8872019	-31.9110292	-31.923527	-31.92435554	-31.92024055	-31.90617568	-31.88239443	-31.84727789	-31.85551679	-31.88462614	-31.89079143	-31.89541899	-31.89480321	-31.8832497	-31.84917207	-31.83206135	-31.84497715	-31.85058889	-31.84591114	-31.82425969
	9350000	-31.04521489	-31.05233963	-31.06163962	-31.06209724	-31.04560184	-31.06925824	-31.08458053	-31.10549674	-31.1019027	-31.1007036	-31.08308315	-31.05133325	-31.06641328	-31.10019027	-31.12062945	-31.12389595	-31.13026303	-31.1280993	-31.12112704	-31.09218735	-31.05175663	-31.04044335	-31.09423961	-31.11703552	-31.13728577	-31.14797676	-31.15257784	-31.14852975	-31.13305539	-31.11590128	-31.08754244	-31.03823431	-31.05924327	-31.10808222	-31.13653314	-31.15043602	-31.15883585	-31.16052921	-31.1567885	-31.14510864	-31.12302142	-31.10076817	-31.05942384	-31.06803702	-31.11415694	-31.13620051	-31.16011391	-31.16137234	-31.16351512	-31.15727152	-31.1470222	-31.12519337	-31.10242915	-31.06810061	-31.06120908	-31.09932029	-31.13866543	-31.14589884	-31.15808144	-31.15990712	-31.15550294	-31.14137348	-31.12963921	-31.09522605	-31.06055689	-31.0498972	-31.09135503	-31.11888531	-31.14115897	-31.14431579	-31.15112292	-31.14755668	-31.13547556	-31.11612365	-31.086137	-31.03706432	-31.06818722	-31.09535728	-31.11729777	-31.13035165	-31.12956121	-31.12534169	-31.1105034	-31.09070704	-31.05492925	-31.06143502	-31.08892575	-31.09849117	-31.10058259	-31.10336424	-31.08711492	-31.05849031	-31.04097141	-31.05327345	-31.06065424	-31.05348554	-31.03818593
	10200000	-30.3380795	-30.34761135	-30.35689257	-30.3530097	-30.33780343	-30.36165259	-30.37873126	-30.39733619	-30.39395509	-30.3928032	-30.37698244	-30.34399051	-30.35965203	-30.39138177	-30.41081492	-30.41433233	-30.42059204	-30.42072133	-30.4120436	-30.38203083	-30.34462771	-30.33836265	-30.38461214	-30.40728372	-30.42706235	-30.43883564	-30.44439831	-30.44065083	-30.41961739	-30.40689056	-30.37611796	-30.33410566	-30.35434102	-30.39748	-30.43032978	-30.44345302	-30.45096468	-30.45103346	-30.44755041	-30.43934009	-30.41551275	-30.39290623	-30.35453019	-30.35919592	-30.40439869	-30.42711163	-30.45145299	-30.44984689	-30.45146189	-30.44832633	-30.43814622	-30.41984229	-30.39103865	-30.36075312	-30.35547993	-30.39339467	-30.42650273	-30.43726035	-30.4457722	-30.45077184	-30.44395759	-30.43663722	-30.41743432	-30.38616183	-30.35500833	-30.34256568	-30.38356595	-30.41251626	-30.43407161	-30.43532857	-30.43916205	-30.44191274	-30.42683895	-30.40749309	-30.37898664	-30.33180613	-30.36319705	-30.38866167	-30.41105062	-30.4207447	-30.42108359	-30.41582398	-30.4031578	-30.38408924	-30.3521933	-30.35571646	-30.38388019	-30.39359204	-30.3967388	-30.39747688	-30.37938863	-30.35384018	-30.33555689	-30.34746318	-30.35464146	-30.34878921	-30.32990142
	11050000	-29.70435975	-29.71189113	-29.72051744	-29.71836317	-29.70291219	-29.72564519	-29.74233523	-29.76167357	-29.75815947	-29.75856301	-29.74223241	-29.71142495	-29.724451	-29.75585363	-29.77776254	-29.77774562	-29.78347292	-29.78508648	-29.77830491	-29.74932101	-29.71412722	-29.70317942	-29.74942757	-29.77366696	-29.79011317	-29.80336955	-29.80930209	-29.80533598	-29.78336619	-29.77062618	-29.74106084	-29.70092592	-29.72011859	-29.76380126	-29.7904618	-29.80625509	-29.81109643	-29.8148645	-29.80999223	-29.80217112	-29.77976738	-29.75904756	-29.71765436	-29.72762711	-29.77146727	-29.79086694	-29.81146863	-29.81253418	-29.81708217	-29.81245839	-29.79938442	-29.78404315	-29.76023213	-29.7249363	-29.72180513	-29.75974752	-29.7919117	-29.79774204	-29.80949023	-29.81305458	-29.80800897	-29.79958798	-29.7832438	-29.75473075	-29.72091826	-29.71069507	-29.751135	-29.77598287	-29.79695918	-29.80040497	-29.80450177	-29.80231656	-29.79131657	-29.77395396	-29.74669779	-29.70018816	-29.72652733	-29.75437448	-29.77067927	-29.78515917	-29.78659558	-29.78117169	-29.76985965	-29.75074667	-29.71616715	-29.7247392	-29.74746201	-29.75847033	-29.76199355	-29.7609491	-29.74672659	-29.72041895	-29.70288822	-29.7139503	-29.72101862	-29.71558653	-29.69989323
	11900000	-29.12820741	-29.13428009	-29.14625399	-29.13859929	-29.12665503	-29.14629785	-29.16447871	-29.18322427	-29.17756482	-29.1787471	-29.16263831	-29.13397809	-29.14822337	-29.18015238	-29.19808839	-29.19878692	-29.20402841	-29.20457584	-29.19744489	-29.16875478	-29.13447115	-29.12756663	-29.17109358	-29.19441389	-29.21227712	-29.22359636	-29.22730358	-29.22403943	-29.20364151	-29.19368902	-29.16614101	-29.12572929	-29.14157735	-29.18160563	-29.20960815	-29.22592222	-29.22864999	-29.23205282	-29.22977089	-29.22168193	-29.20174149	-29.18213977	-29.14250842	-29.14964386	-29.19070115	-29.21241289	-29.23141154	-29.23240939	-29.23387088	-29.23215283	-29.22231659	-29.20536352	-29.18225776	-29.14760502	-29.14656877	-29.17936721	-29.21258138	-29.21939564	-29.23139156	-29.23408982	-29.22835064	-29.2208407	-29.20486249	-29.17335625	-29.14516891	-29.13225661	-29.17247263	-29.19689788	-29.21493184	-29.22122981	-29.22608159	-29.2237109	-29.21168361	-29.19585848	-29.16658142	-29.12269368	-29.15194395	-29.17535204	-29.19656382	-29.20750146	-29.20682594	-29.2005137	-29.19042005	-29.17116497	-29.14414448	-29.14771538	-29.1701877	-29.18009133	-29.18536727	-29.17996892	-29.16790455	-29.14362683	-29.12787358	-29.13927603	-29.14653449	-29.14071589	-29.1262559
	12750000	-28.60353827	-28.60635037	-28.61544099	-28.61258105	-28.59869855	-28.61922341	-28.63506453	-28.65189541	-28.648147	-28.650137	-28.63373509	-28.6055948	-28.61772653	-28.64997031	-28.66856512	-28.66515137	-28.67501461	-28.67570058	-28.66838809	-28.64140315	-28.60722823	-28.60122778	-28.6430627	-28.66391711	-28.68091187	-28.69149229	-28.69639314	-28.69306508	-28.67604681	-28.66374341	-28.64011236	-28.59859815	-28.61668981	-28.65355918	-28.67858814	-28.69567268	-28.69887318	-28.70221934	-28.69854656	-28.68994581	-28.67284538	-28.65128938	-28.61524021	-28.62257307	-28.65838033	-28.68320621	-28.69837045	-28.70306471	-28.70393569	-28.70060706	-28.69085991	-28.67228999	-28.6514131	-28.61697386	-28.61738792	-28.650146	-28.68099835	-28.68757443	-28.69790372	-28.70293585	-28.69445237	-28.6904584	-28.6736036	-28.64646485	-28.61709121	-28.60663504	-28.64381755	-28.66837245	-28.68507164	-28.69217952	-28.69622662	-28.6913421	-28.67958297	-28.66497991	-28.64006247	-28.59636354	-28.62260395	-28.64760354	-28.66532351	-28.67705068	-28.67512188	-28.67221405	-28.66201392	-28.64527031	-28.61588709	-28.61999038	-28.64125469	-28.65163937	-28.65370874	-28.65307486	-28.64065104	-28.61774155	-28.60025726	-28.61130668	-28.61844765	-28.61120189	-28.59688143
	13600000	-28.12142251	-28.12562206	-28.13194839	-28.12935232	-28.11690165	-28.13314183	-28.1503104	-28.16762613	-28.16480097	-28.16744652	-28.15142235	-28.12119794	-28.138914	-28.16634425	-28.18416377	-28.18102333	-28.18842014	-28.19023072	-28.18332548	-28.15686415	-28.12611415	-28.12015887	-28.15980644	-28.18026806	-28.19441162	-28.20634646	-28.21152498	-28.2062266	-28.18889544	-28.18072826	-28.15657121	-28.11875454	-28.13465403	-28.17088772	-28.19266596	-28.20908273	-28.20720319	-28.21626633	-28.21140779	-28.20556058	-28.18716923	-28.16861548	-28.13442436	-28.13876538	-28.17626213	-28.19566098	-28.2140862	-28.21474186	-28.21557205	-28.21334853	-28.20424452	-28.18911453	-28.16555728	-28.13678047	-28.13521853	-28.16594659	-28.1932301	-28.20391016	-28.21317519	-28.2145787	-28.20960826	-28.20495479	-28.18880544	-28.16259958	-28.13203428	-28.12218776	-28.16043629	-28.18274789	-28.19833288	-28.20561808	-28.20759022	-28.20607204	-28.19401755	-28.18051798	-28.15641419	-28.11652176	-28.1389594	-28.16320536	-28.18169758	-28.19133571	-28.19232467	-28.18818322	-28.17742261	-28.16206513	-28.13491197	-28.13561318	-28.15752569	-28.16518958	-28.17026807	-28.16824612	-28.15670517	-28.13322478	-28.11941718	-28.12936087	-28.13567393	-28.13027869	-28.11611175
	14450000	-27.67571226	-27.67904153	-27.68619611	-27.68487626	-27.67136201	-27.68683937	-27.70476977	-27.72025504	-27.71661072	-27.72287696	-27.70431897	-27.6751494	-27.69100755	-27.72017059	-27.73586674	-27.73241953	-27.74089443	-27.74157133	-27.7380148	-27.71033271	-27.6775181	-27.67609586	-27.71481183	-27.73160033	-27.74341969	-27.75760524	-27.75910349	-27.75787028	-27.74073172	-27.732918	-27.70937415	-27.67470035	-27.69101236	-27.72308426	-27.74572367	-27.76147714	-27.76054062	-27.76578541	-27.7610309	-27.75567603	-27.74002255	-27.7198644	-27.68949426	-27.69273644	-27.72867202	-27.74894054	-27.76391428	-27.76493005	-27.76818722	-27.76394374	-27.7553094	-27.74139214	-27.72046819	-27.69104078	-27.68915898	-27.71875239	-27.74558458	-27.75301611	-27.765033	-27.76606504	-27.76211365	-27.75420056	-27.74057136	-27.71508438	-27.68938364	-27.67966343	-27.71303632	-27.73619328	-27.75193553	-27.75722001	-27.75843845	-27.75841139	-27.74700987	-27.73263169	-27.71287407	-27.67332562	-27.6949694	-27.71895155	-27.73417268	-27.74644595	-27.74361812	-27.74049292	-27.7290336	-27.71694754	-27.68876283	-27.69033893	-27.71025697	-27.71954758	-27.72444367	-27.72056512	-27.71194807	-27.69010736	-27.67473439	-27.68741589	-27.69025202	-27.68613359	-27.67264508
	15300000	-27.26425497	-27.26604457	-27.27519428	-27.26988339	-27.25827724	-27.27398711	-27.29141685	-27.30631345	-27.300841	-27.30563983	-27.28960193	-27.26116825	-27.27709511	-27.30596181	-27.32095591	-27.31642369	-27.32560605	-27.32798461	-27.31957839	-27.29603322	-27.26634405	-27.26130252	-27.30062827	-27.31411832	-27.32796123	-27.3399855	-27.34419009	-27.34097078	-27.32276084	-27.31722132	-27.29518382	-27.26247445	-27.27753864	-27.30596553	-27.32998925	-27.34448873	-27.34411592	-27.34846094	-27.34483548	-27.34164573	-27.32359365	-27.30590264	-27.27640982	-27.27846452	-27.31272674	-27.33212863	-27.34759001	-27.34947951	-27.35065215	-27.34693834	-27.33981739	-27.32528334	-27.30489836	-27.27633276	-27.2772366	-27.30594588	-27.32933431	-27.33829591	-27.34733609	-27.34833866	-27.34393081	-27.33891477	-27.32453204	-27.30157532	-27.27619685	-27.26537921	-27.29879821	-27.31819339	-27.33464987	-27.34013601	-27.34153994	-27.34153478	-27.33166775	-27.31785978	-27.29410008	-27.25782759	-27.2824611	-27.30316492	-27.31999471	-27.32771977	-27.32832685	-27.32460434	-27.31418145	-27.30255528	-27.27774115	-27.27752345	-27.29658014	-27.30834304	-27.3106364	-27.30574589	-27.29593699	-27.27634703	-27.26058851	-27.27419532	-27.27728879	-27.27210437	-27.25969785
	16150000	-26.88009638	-26.88396053	-26.89277089	-26.88917485	-26.87496256	-26.89077664	-26.90671981	-26.92041596	-26.91795187	-26.92150649	-26.90706982	-26.88071435	-26.89321446	-26.92273871	-26.93443339	-26.93397788	-26.9401279	-26.9410347	-26.93463332	-26.91098319	-26.88263464	-26.87969964	-26.91692451	-26.92963771	-26.94376625	-26.9540462	-26.95936954	-26.95515859	-26.93964891	-26.93178836	-26.90913372	-26.87993135	-26.89369959	-26.92233981	-26.94430447	-26.95942591	-26.95653029	-26.96398469	-26.95801691	-26.95429417	-26.93832772	-26.92289787	-26.89199398	-26.89468136	-26.92922018	-26.94543138	-26.95910491	-26.96286602	-26.96435874	-26.96113619	-26.9547114	-26.93881009	-26.91978001	-26.89261546	-26.89411681	-26.91989285	-26.94290458	-26.95135287	-26.9605807	-26.9603462	-26.95675184	-26.95233407	-26.9384703	-26.9167918	-26.89391166	-26.88282331	-26.9149239	-26.9331837	-26.94942274	-26.95269582	-26.95683445	-26.95722458	-26.94649612	-26.93335103	-26.91224472	-26.87619968	-26.89811234	-26.91771404	-26.93333916	-26.94405969	-26.94314231	-26.93968517	-26.92956106	-26.91618021	-26.89406083	-26.89613849	-26.91269377	-26.92218378	-26.92435693	-26.92421834	-26.91207569	-26.8939242	-26.87822335	-26.89042744	-26.89357876	-26.88923493	-26.87843612
	17000000	-26.5278583	-26.53104092	-26.53710351	-26.53542934	-26.52229066	-26.53561753	-26.55220589	-26.56484823	-26.56249815	-26.56456975	-26.55123143	-26.52784266	-26.54022869	-26.5669325	-26.57942557	-26.57549622	-26.58311542	-26.58469829	-26.57858673	-26.55663615	-26.5288353	-26.52689392	-26.55960296	-26.57302887	-26.58624781	-26.5971652	-26.60023878	-26.59812668	-26.58246834	-26.57539073	-26.55443458	-26.52641529	-26.5401115	-26.56684315	-26.5857229	-26.5991152	-26.59881605	-26.6038203	-26.60035861	-26.59684622	-26.58190666	-26.56572813	-26.53822974	-26.54075276	-26.57080342	-26.58901987	-26.60260868	-26.60277629	-26.60472194	-26.60299428	-26.59597114	-26.58062943	-26.56624187	-26.53728702	-26.53783751	-26.56343977	-26.58776609	-26.5935453	-26.60243868	-26.60393931	-26.60086333	-26.595737	-26.58112177	-26.56117258	-26.53805657	-26.53029698	-26.55991698	-26.57640055	-26.59064339	-26.59667612	-26.5974969	-26.59900702	-26.58756384	-26.57617217	-26.55585597	-26.52236717	-26.54398363	-26.56356441	-26.57741452	-26.58600257	-26.58487835	-26.58327564	-26.57603181	-26.56143707	-26.54045719	-26.54126915	-26.5572068	-26.56396401	-26.56632395	-26.56580812	-26.55592586	-26.53764314	-26.52683812	-26.53678053	-26.53977501	-26.53387719	-26.52419965
	17850000	-26.18800339	-26.18974963	-26.19754155	-26.19390218	-26.18372116	-26.19803334	-26.21086226	-26.22142402	-26.22031434	-26.22324812	-26.20859584	-26.18455322	-26.19958129	-26.22447993	-26.23625588	-26.2322894	-26.23938152	-26.24031507	-26.23620445	-26.21275532	-26.18820669	-26.18505952	-26.21871263	-26.23011894	-26.24138725	-26.2531924	-26.25636431	-26.25420023	-26.23688366	-26.2337825	-26.21231101	-26.18565827	-26.19922294	-26.22394478	-26.24181378	-26.25543174	-26.25442997	-26.25897074	-26.25476602	-26.25249223	-26.23858848	-26.22107286	-26.19810706	-26.19973428	-26.22736319	-26.24582404	-26.25706645	-26.259666	-26.25875307	-26.25850376	-26.25207044	-26.23850614	-26.22142171	-26.19594184	-26.19590079	-26.22189158	-26.24265328	-26.2491897	-26.25708872	-26.25841181	-26.25700039	-26.25124579	-26.2370512	-26.22110816	-26.19737074	-26.1883574	-26.21757075	-26.2344881	-26.24669073	-26.25358846	-26.2541291	-26.25304803	-26.24397352	-26.23392828	-26.21480306	-26.18251061	-26.19983627	-26.22004108	-26.23224936	-26.24335991	-26.24128818	-26.23867859	-26.23061423	-26.22040036	-26.19843154	-26.20017355	-26.21496688	-26.22292655	-26.22371794	-26.22335892	-26.21351199	-26.19797705	-26.18525952	-26.19364067	-26.19606021	-26.19332386	-26.18174574
	18700000	-25.86807372	-25.86832931	-25.87659381	-25.8727544	-25.86295	-25.87477286	-25.8895641	-25.90134003	-25.89677185	-25.9003026	-25.88669229	-25.86301899	-25.87800927	-25.90147451	-25.91442409	-25.91011079	-25.91528416	-25.91666311	-25.91269705	-25.89114555	-25.8657871	-25.86485382	-25.89715049	-25.90652789	-25.9172382	-25.92760488	-25.93321204	-25.93047583	-25.91416379	-25.91086969	-25.89216568	-25.8658417	-25.87745998	-25.9015311	-25.91729125	-25.93079264	-25.92964456	-25.93421487	-25.93067432	-25.92835368	-25.9137024	-25.89872445	-25.87518796	-25.87767969	-25.90571232	-25.92060059	-25.93149361	-25.93286008	-25.93578291	-25.9325925	-25.92556015	-25.91410766	-25.89820724	-25.87590256	-25.87595644	-25.89775021	-25.91926974	-25.92444712	-25.93271265	-25.93313098	-25.93208234	-25.92630585	-25.91284752	-25.89645416	-25.87444945	-25.865847	-25.89529173	-25.90982446	-25.9223752	-25.92687227	-25.92817365	-25.9294032	-25.92103604	-25.90902813	-25.89278753	-25.86135428	-25.87828056	-25.89774031	-25.90952734	-25.91845022	-25.91817817	-25.91518459	-25.90643213	-25.89798224	-25.87832422	-25.87835176	-25.89190897	-25.8992248	-25.90137416	-25.89937139	-25.89134626	-25.87753124	-25.86437684	-25.8726571	-25.87615002	-25.8730228	-25.86371889
	19550000	-25.56544319	-25.56680888	-25.57465424	-25.57318679	-25.56128	-25.57257209	-25.58426046	-25.59690403	-25.59321307	-25.59805664	-25.58566299	-25.56287318	-25.57605332	-25.59832834	-25.60911741	-25.60358488	-25.61109257	-25.61212716	-25.60837072	-25.58673576	-25.56399473	-25.56425352	-25.59347792	-25.60113392	-25.6114398	-25.6231458	-25.6257603	-25.62424001	-25.60891167	-25.60380181	-25.58711868	-25.56436738	-25.57635588	-25.59640943	-25.6118155	-25.62526769	-25.62285155	-25.62721182	-25.62478813	-25.62307786	-25.60818983	-25.59463724	-25.57365914	-25.57626569	-25.59991461	-25.61633861	-25.62540542	-25.62774832	-25.62816094	-25.62551927	-25.62007303	-25.61036555	-25.59313295	-25.57386604	-25.57363593	-25.59550558	-25.61460937	-25.61781927	-25.62743521	-25.62828019	-25.6266149	-25.61931127	-25.60958011	-25.59223397	-25.5734551	-25.56515853	-25.59182187	-25.60529058	-25.61644991	-25.62297724	-25.62264375	-25.62486559	-25.61497901	-25.60429034	-25.58887204	-25.56060073	-25.57549009	-25.59245242	-25.6048288	-25.61254912	-25.61300821	-25.60931646	-25.60324116	-25.59222446	-25.57402083	-25.57563844	-25.58851438	-25.59405921	-25.59692826	-25.59505914	-25.58726857	-25.57313747	-25.56213656	-25.57135777	-25.57418087	-25.57051305	-25.5616945
	20400000	-25.28001472	-25.28137073	-25.28782182	-25.28435526	-25.27580208	-25.28443851	-25.29538033	-25.3071902	-25.30510918	-25.30908499	-25.29737683	-25.27614389	-25.28868589	-25.30949413	-25.31932219	-25.31414093	-25.31998717	-25.32140086	-25.3188111	-25.29913788	-25.27691246	-25.27735079	-25.30218738	-25.31171536	-25.32067527	-25.33075582	-25.33403606	-25.33263675	-25.31782584	-25.31476354	-25.29826986	-25.27672086	-25.28666889	-25.30801087	-25.32079844	-25.33297806	-25.33054379	-25.33506749	-25.33239148	-25.33066716	-25.31813184	-25.30506498	-25.28630209	-25.28575623	-25.31034441	-25.32521232	-25.33424419	-25.33580405	-25.3367161	-25.33453752	-25.32950154	-25.32007855	-25.30596616	-25.28556082	-25.28536342	-25.30528264	-25.32235922	-25.32636616	-25.33452138	-25.33430496	-25.33362823	-25.32780462	-25.31868851	-25.30328185	-25.2864009	-25.27964585	-25.30158524	-25.31428275	-25.32443452	-25.32914365	-25.33048974	-25.33031414	-25.32210092	-25.31334006	-25.30018796	-25.27296104	-25.28900103	-25.30378073	-25.31281876	-25.32120551	-25.32105922	-25.31822515	-25.31219931	-25.30330047	-25.28642841	-25.28655399	-25.29894357	-25.30502728	-25.30785744	-25.30531237	-25.29765988	-25.28595496	-25.27422968	-25.28331804	-25.28611846	-25.28108133	-25.27406512
	21250000	-25.00974747	-25.00906908	-25.01708496	-25.01304873	-25.00414628	-25.01192093	-25.02286945	-25.03250057	-25.02970545	-25.03363806	-25.02199238	-25.00535526	-25.01643617	-25.03287258	-25.04224832	-25.03745451	-25.04338068	-25.04532012	-25.04184388	-25.02363784	-25.00487366	-25.00553169	-25.02914116	-25.03490582	-25.04338705	-25.05163674	-25.05506256	-25.05420959	-25.04118837	-25.03911268	-25.02383051	-25.00535783	-25.01379719	-25.03184794	-25.04482887	-25.05407738	-25.05276047	-25.05749489	-25.05473329	-25.05329639	-25.04177556	-25.03143264	-25.01253575	-25.01197098	-25.03477615	-25.04781212	-25.05533092	-25.05827732	-25.05789961	-25.05597584	-25.05075268	-25.04168033	-25.02980561	-25.01253551	-25.01311189	-25.03037672	-25.04363377	-25.04958375	-25.05484949	-25.05529394	-25.05411431	-25.05087651	-25.04214143	-25.02770664	-25.01419175	-25.00742896	-25.02701133	-25.03840006	-25.04885252	-25.05207053	-25.05215227	-25.05373759	-25.04606707	-25.03807686	-25.02510931	-25.00128292	-25.01435479	-25.02793499	-25.03749589	-25.04406004	-25.04379367	-25.04216467	-25.03664797	-25.02829451	-25.0140428	-25.01424703	-25.02418902	-25.02980528	-25.031235	-25.03033043	-25.02341482	-25.01254446	-25.00309019	-25.01052567	-25.01348426	-25.00855545	-25.00096398
