BPM Serial No.	16elec																																																																																																	
BPM Size	110																																																																																																	
"Experi,menter"	Nakanishi      Uno      Toyanma      Hanamura      Kawachi      																																																																																																	
Meas. Start Time	2016/10/1419:14																																																																																																	
Meas. Finish Time	2016/10/1420:01																																																																																																	
Linear Scale Origin X(mm)	-102.6																																																																																																	
Linear Scale Origin Y(mm)	110.258																																																																																																	
note																																																																																																		
																																																																																																		
																																																																																																		
Data Point Number		1	2	3	4	5	6	7	8	9	10	11	12	13	14	15	16	17	18	19	20	21	22	23	24	25	26	27	28	29	30	31	32	33	34	35	36	37	38	39	40	41	42	43	44	45	46	47	48	49	50	51	52	53	54	55	56	57	58	59	60	61	62	63	64	65	66	67	68	69	70	71	72	73	74	75	76	77	78	79	80	81	82	83	84	85	86	87	88	89	90	91	92	93	94	95	96	97
Linear Scale X (mm)		-122.601	-112.604	-102.602	-92.601	-82.601	-132.602	-122.604	-112.604	-102.602	-92.601	-82.601	-72.6	-142.604	-132.605	-122.604	-112.604	-102.602	-92.601	-82.601	-72.6	-62.6	-152.604	-142.607	-132.605	-122.604	-112.604	-102.602	-92.601	-82.601	-72.6	-62.6	-52.598	-152.604	-142.607	-132.605	-122.604	-112.604	-102.602	-92.601	-82.601	-72.6	-62.6	-52.598	-152.604	-142.607	-132.605	-122.604	-112.604	-102.602	-92.601	-82.601	-72.6	-62.6	-52.598	-152.604	-142.607	-132.605	-122.604	-112.604	-102.602	-92.601	-82.601	-72.6	-62.6	-52.598	-152.604	-142.607	-132.605	-122.604	-112.604	-102.603	-92.601	-82.601	-72.6	-62.6	-52.598	-142.604	-132.605	-122.604	-112.604	-102.602	-92.601	-82.601	-72.6	-62.6	-132.602	-122.604	-112.604	-102.602	-92.601	-82.601	-72.6	-122.601	-112.604	-102.602	-92.601	-82.601
Linear Scale Y (mm)		60.259	60.259	60.259	60.259	60.259	70.256	70.256	70.256	70.256	70.256	70.256	70.256	80.255	80.255	80.255	80.255	80.255	80.255	80.255	80.255	80.255	90.255	90.255	90.255	90.255	90.255	90.255	90.255	90.255	90.255	90.255	90.255	100.255	100.255	100.255	100.255	100.255	100.255	100.255	100.255	100.255	100.255	100.255	110.255	110.255	110.255	110.255	110.255	110.255	110.255	110.255	110.255	110.255	110.255	120.254	120.254	120.254	120.254	120.254	120.254	120.254	120.254	120.254	120.254	120.254	130.254	130.254	130.254	130.254	130.254	130.254	130.254	130.254	130.254	130.254	130.254	140.254	140.254	140.255	140.254	140.255	140.255	140.255	140.255	140.255	150.254	150.254	150.254	150.254	150.254	150.254	150.254	160.255	160.255	160.255	160.255	160.255
R(beam)[mm]		20.001	10.004	0.002	-9.999	-19.999	30.002	20.004	10.004	0.002	-9.999	-19.999	-30	40.004	30.005	20.004	10.004	0.002	-9.999	-19.999	-30	-40	50.004	40.007	30.005	20.004	10.004	0.002	-9.999	-19.999	-30	-40	-50.002	50.004	40.007	30.005	20.004	10.004	0.002	-9.999	-19.999	-30	-40	-50.002	50.004	40.007	30.005	20.004	10.004	0.002	-9.999	-19.999	-30	-40	-50.002	50.004	40.007	30.005	20.004	10.004	0.002	-9.999	-19.999	-30	-40	-50.002	50.004	40.007	30.005	20.004	10.004	0.003	-9.999	-19.999	-30	-40	-50.002	40.004	30.005	20.004	10.004	0.002	-9.999	-19.999	-30	-40	30.002	20.004	10.004	0.002	-9.999	-19.999	-30	20.001	10.004	0.002	-9.999	-19.999
Y(beam)[mm]		-49.999	-49.999	-49.999	-49.999	-49.999	-40.002	-40.002	-40.002	-40.002	-40.002	-40.002	-40.002	-30.003	-30.003	-30.003	-30.003	-30.003	-30.003	-30.003	-30.003	-30.003	-20.003	-20.003	-20.003	-20.003	-20.003	-20.003	-20.003	-20.003	-20.003	-20.003	-20.003	-10.003	-10.003	-10.003	-10.003	-10.003	-10.003	-10.003	-10.003	-10.003	-10.003	-10.003	-0.003	-0.003	-0.003	-0.003	-0.003	-0.003	-0.003	-0.003	-0.003	-0.003	-0.003	9.996	9.996	9.996	9.996	9.996	9.996	9.996	9.996	9.996	9.996	9.996	19.996	19.996	19.996	19.996	19.996	19.996	19.996	19.996	19.996	19.996	19.996	29.996	29.996	29.997	29.996	29.997	29.997	29.997	29.997	29.997	39.996	39.996	39.996	39.996	39.996	39.996	39.996	49.997	49.997	49.997	49.997	49.997
Net Ana Temperature[℃]		23.23866528	23.24434433	23.26352636	23.27544274	23.29734095	23.34341989	23.35051415	23.36101792	23.37872501	23.39090626	23.40579849	23.39138925	23.45567904	23.46565308	23.48692807	23.50609971	23.53654895	23.57313944	23.58465334	23.62185666	23.6548377	23.75855882	23.79900286	23.83605817	23.91877175	23.88924435	23.90838484	23.93216048	23.93163594	23.94904181	23.91179174	23.87887302	23.79209556	23.74693326	23.70997144	23.66869904	23.62406648	23.57965983	23.55527395	23.49979226	23.4732563	23.43355232	23.41108284	23.3307167	23.28447157	23.25381979	23.2478577	23.23241496	23.2166684	23.22721111	23.22051675	23.23685536	23.25299922	23.26487925	23.32758245	23.34845754	23.365235	23.3775409	23.4076993	23.41739548	23.44700857	23.4534926	23.47859517	23.51439366	23.52617762	23.63344845	23.65862633	23.69842379	23.71040249	23.74282524	23.77214749	23.8235731	23.84042846	23.86589457	23.90142041	23.93027525	24.01034277	24.00031161	23.98194495	23.94965464	23.91370293	23.86498572	23.81794079	23.77617242	23.75153207	23.72025708	23.61404311	23.57953778	23.55180732	23.52071929	23.47220462	23.42551545	23.35800052	23.31128019	23.28216567	23.26131394	23.24659569
BPM Temperature[℃]		21.07257855	21.07250065	21.08750974	21.08847053	21.10329784	21.15170086	21.17636977	21.20719294	21.21965723	21.23123864	21.24715658	21.26081537	21.30755648	21.32594131	21.33349779	21.35141522	21.37543495	21.39239159	21.41464555	21.44352116	21.46608673	21.55871202	21.59078162	21.61861854	21.63303038	21.65767333	21.65827058	21.62604518	21.59488445	21.55743963	21.52601922	21.46928071	21.31350299	21.28280966	21.23640613	21.20462218	21.16385354	21.12942093	21.11158141	21.08488704	21.06151649	21.04253441	21.02708387	20.91337315	20.90656972	20.89532589	20.89005453	20.88896391	20.90025967	20.91898208	20.96143859	20.97234485	21.00978967	21.03863931	21.13739288	21.16349	21.17231888	21.19353415	21.22287717	21.22773306	21.24897429	21.26652817	21.28828876	21.32072189	21.33318619	21.43645806	21.46660608	21.49197611	21.51913789	21.54552064	21.58919761	21.61646326	21.63357569	21.6719034	21.67107245	21.6914308	21.68818489	21.65401194	21.59787068	21.53910673	21.4646845	21.4155544	21.35772527	21.31015321	21.26304856	21.1576993	21.12796676	21.09392366	21.07400675	21.0380161	20.99220982	20.96320436	20.91158141	20.90345365	20.89093742	20.86613867	20.85175279
Frequency (Hz) / Data (dB)	850000	-55.28827816	-53.93524736	-52.99389752	-52.51535428	-52.531277	-54.24099622	-52.46817047	-51.14166433	-50.13490952	-49.50045869	-49.36708986	-49.6882314	-54.26843858	-52.04355727	-50.25393642	-48.84834109	-47.76706152	-46.99880262	-46.66196034	-46.78037201	-47.4632877	-55.36868376	-52.51922195	-50.29466867	-48.44559254	-46.92691558	-45.70566239	-44.80101754	-44.26276422	-44.16087926	-44.62000936	-45.85699284	-53.97495279	-51.12730482	-48.87804066	-46.90539484	-45.23287812	-43.90993398	-42.81208173	-42.02798985	-41.69927833	-41.93704546	-42.96916947	-53.02280233	-50.17447221	-47.78612492	-45.71813968	-43.90314954	-42.31757003	-41.00842705	-39.97133397	-39.36593939	-39.33196865	-40.13650812	-52.5552194	-49.57309198	-47.03993207	-44.8185545	-42.82821483	-40.9981472	-39.39967441	-38.03740574	-37.06377486	-36.69698243	-37.2488733	-52.57476161	-49.45146443	-46.72403853	-44.29574832	-42.06626725	-39.97772202	-38.00529879	-36.28465315	-34.85692187	-33.99756721	-34.15193454	-49.7554643	-46.83133772	-44.20080405	-41.75001221	-39.39377102	-37.09822086	-34.85797091	-32.78903057	-31.16070689	-47.53483606	-44.66265404	-41.94553729	-39.38574337	-36.73011492	-34.00404163	-31.17362967	-45.93399558	-43.02501021	-40.18329916	-37.30763081	-34.20641264
	1700000	-49.22411373	-47.88465744	-47.00932893	-46.53296291	-46.56203418	-48.25600493	-46.51575668	-45.18115354	-44.20244725	-43.60107535	-43.43491926	-43.77930738	-48.25546397	-46.08378382	-44.32524099	-42.94513602	-41.87335874	-41.13075566	-40.79118381	-40.89763517	-41.59215713	-49.26284447	-46.53645001	-44.34033854	-42.52983328	-41.03929366	-39.8479446	-38.94029293	-38.40774854	-38.30275477	-38.76110043	-39.99960535	-47.96334397	-45.20308254	-42.95641464	-41.04702284	-39.37640434	-38.03738174	-36.95391848	-36.18493254	-35.85839175	-36.09827154	-37.11965214	-47.0388144	-44.23960683	-41.8979848	-39.85018092	-38.0367384	-36.47200055	-35.15215216	-34.1357556	-33.52556325	-33.50139596	-34.3125496	-46.58679272	-43.66209979	-41.16831729	-38.9595687	-36.96571447	-35.16452294	-33.5531607	-32.20479536	-31.23987935	-30.87286567	-31.43427874	-46.62800582	-43.50053459	-40.84087178	-38.43787706	-36.22462177	-34.14577599	-32.19014276	-30.45905934	-29.02632542	-28.16595777	-28.34153575	-43.84512335	-40.95712221	-38.35080607	-35.90911047	-33.56337154	-31.26905425	-29.03367849	-26.95933548	-25.3362244	-41.64440276	-38.8171016	-36.12931672	-33.5530634	-30.9099114	-28.18335589	-25.35065288	-40.07708338	-37.18964543	-34.37519383	-31.49381628	-28.39132174
	2550000	-45.84750983	-44.5114937	-43.62893328	-43.15813704	-43.16305987	-44.86542372	-43.13438264	-41.79262288	-40.82870324	-40.22359108	-40.06559582	-40.38887558	-44.87452866	-42.70905345	-40.9425497	-39.56359462	-38.49550925	-37.76507647	-37.41634584	-37.52445489	-38.21389831	-45.88165226	-43.15773056	-40.96037763	-39.16275882	-37.65666603	-36.46822386	-35.56373465	-35.02868872	-34.92650706	-35.39982398	-36.63353022	-44.55196165	-41.81707505	-39.5738601	-37.66396104	-36.00725653	-34.65721963	-33.57451164	-32.81497119	-32.48997532	-32.73037464	-33.75272098	-43.65137379	-40.84880796	-38.51556139	-36.47101436	-34.66363698	-33.09370187	-31.77812646	-30.75792814	-30.1513877	-30.12590205	-30.94100095	-43.21164536	-40.27795875	-37.7877392	-35.58593072	-33.59073787	-31.78573226	-30.17514465	-28.82785005	-27.86660701	-27.5037419	-28.06546979	-43.25265842	-40.12395542	-37.45908406	-35.06146161	-32.84569324	-30.77236391	-28.82188602	-27.08458197	-25.64906363	-24.79229055	-24.97453661	-40.47337499	-37.57533801	-34.96940166	-32.5369874	-30.19034904	-27.89419374	-25.66243779	-23.58451496	-21.95922725	-38.27669786	-35.4432593	-32.76692512	-30.18031469	-27.53884963	-24.81298674	-21.97849415	-36.70202117	-33.82189788	-31.00744544	-28.12456834	-25.0212457
	3400000	-43.47396684	-42.12875252	-41.23513035	-40.77417072	-40.79768783	-42.49718899	-40.73797505	-39.40669483	-38.44112382	-37.84487091	-37.6846759	-38.01381811	-42.48369527	-40.32264462	-38.56269277	-37.17445279	-36.10946131	-35.38326513	-35.03260714	-35.13895533	-35.84002714	-43.5022222	-40.77583618	-38.57639761	-36.77390174	-35.28347865	-34.08488014	-33.18168038	-32.64677247	-32.54883172	-33.01969846	-34.26097555	-42.16668602	-39.44020915	-37.19084498	-35.28155678	-33.62853436	-32.27839298	-31.1923559	-30.43469529	-30.11087913	-30.35178851	-31.37658622	-41.26697461	-38.4736621	-36.12584924	-34.08619299	-32.27936088	-30.71056732	-29.39017634	-28.37307166	-27.76682436	-27.74723945	-28.5668743	-40.82413938	-37.89422255	-35.4051775	-33.19507554	-31.20800205	-29.40078678	-27.79473308	-26.44384598	-25.48394482	-25.12136333	-25.6876015	-40.87506552	-37.74079914	-35.07604704	-32.67574251	-30.46673132	-28.39229421	-26.44082484	-24.70300656	-23.26865591	-22.41144732	-22.59757463	-38.09140057	-35.1928132	-32.59278999	-30.15805441	-27.81031151	-25.51449053	-23.2796547	-21.20195644	-19.57934038	-35.90606846	-33.06776973	-30.3901093	-27.80013941	-25.15950361	-22.43291265	-19.59653663	-34.32703493	-31.44912274	-28.63239564	-25.74845963	-22.64448248
	4250000	-41.61581716	-40.28645885	-39.39252808	-38.93383419	-38.95306397	-40.65379262	-38.89964114	-37.56551872	-36.60060542	-36.00123159	-35.84234846	-36.17499151	-40.64946368	-38.47392631	-36.7148603	-35.32952493	-34.26248675	-33.53536703	-33.19084407	-33.29700934	-33.99651613	-41.66980482	-38.92511983	-36.73295641	-34.92600919	-33.43264132	-32.23417344	-31.33757046	-30.8027601	-30.70376429	-31.17798293	-32.42010104	-40.32434404	-37.59340457	-35.34236625	-33.43337833	-31.78135269	-30.42977575	-29.34339441	-28.58842538	-28.26277069	-28.50570633	-29.53656582	-39.43064729	-36.62630796	-34.27703582	-32.23698625	-30.43184623	-28.8623607	-27.54224474	-26.52472353	-25.920018	-25.90205744	-26.72402028	-38.98398782	-36.05197416	-33.55499712	-31.34923401	-29.35772625	-27.5527589	-25.94486818	-24.59579297	-23.63615057	-23.27639253	-23.84636908	-39.03213629	-35.89931968	-33.22738854	-30.82875645	-28.61834718	-26.54520861	-24.59634238	-22.85553639	-21.42011588	-20.56564801	-20.75536744	-36.24889702	-33.34811329	-30.74882899	-28.3108659	-25.96184681	-23.66740855	-21.43288124	-19.35597884	-17.73309036	-34.06082934	-31.2235388	-28.54762438	-25.95521263	-23.31399586	-20.5873642	-17.75045142	-32.48807222	-29.60960698	-26.7891539	-23.90628587	-20.80209764
	5100000	-40.14890178	-38.8004532	-37.90867718	-37.45286165	-37.47355024	-39.17466886	-37.41251776	-36.07600183	-35.10675328	-34.51419525	-34.35544485	-34.68389071	-39.16755009	-36.9866853	-35.22562319	-33.83667013	-32.76669617	-32.03903785	-31.69500035	-31.80413088	-32.50813511	-40.18648291	-37.4417094	-35.24420999	-33.43205623	-31.93583046	-30.7359705	-29.83869519	-29.30461325	-29.2077645	-29.68176727	-30.93194893	-38.84188885	-36.10114409	-33.84607129	-31.93958042	-30.28502752	-28.92883281	-27.84213299	-27.08686358	-26.76439192	-27.01034572	-28.04267867	-37.946875	-35.13846671	-32.78126377	-30.73651831	-28.93080157	-27.36037336	-26.03909245	-25.02133049	-24.41808718	-24.40166786	-25.22635346	-37.49854016	-34.56070637	-32.06138905	-29.85334852	-27.85813965	-26.05149687	-24.44123255	-23.09250541	-22.13293919	-21.77532199	-22.34925761	-37.54160668	-34.41030594	-31.73352645	-29.33011109	-27.11775641	-25.04419676	-23.09585801	-21.35370378	-19.91812257	-19.06500968	-19.25821398	-34.76321911	-31.85711085	-29.25328356	-26.81324106	-24.46133901	-22.16418789	-19.93091251	-17.85355608	-16.23135239	-32.57137407	-29.73073825	-27.05307228	-24.45604874	-21.81318447	-19.08628374	-16.24862517	-30.99946188	-28.11519737	-25.29438283	-22.40959556	-19.3048275
	5950000	-38.8815717	-37.53357177	-36.63686546	-36.18119785	-36.20622344	-37.90580653	-36.14245666	-34.8046868	-33.83721356	-33.24129409	-33.08130419	-33.41506566	-37.90348772	-35.7153598	-33.95352171	-32.56138436	-31.49321044	-30.76638049	-30.41898854	-30.53058677	-31.23704681	-38.92219001	-36.17177419	-33.97141952	-32.15780575	-30.660033	-29.46115636	-28.56349356	-28.02879097	-27.93196715	-28.40951109	-29.66271325	-37.57752941	-34.83509441	-32.57662527	-30.66152344	-29.00975462	-27.65280695	-26.56470965	-25.81019702	-25.48725545	-25.73409331	-26.77134526	-36.67942291	-33.86363496	-31.50766788	-29.45938708	-27.65375773	-26.08144751	-24.75977181	-23.74210798	-23.14017649	-23.12619456	-23.95494325	-36.2353583	-33.28694887	-30.78624424	-28.57565279	-26.57916385	-24.77211852	-23.16211239	-21.81299853	-20.8546912	-20.49983611	-21.07684539	-36.28294376	-33.14020399	-30.45981654	-28.05574312	-25.84219622	-23.76639683	-21.81812315	-20.07523667	-18.64037734	-17.78886554	-17.98584679	-33.49269869	-30.58463846	-27.97824259	-25.53763701	-23.18534653	-20.88762043	-18.65362894	-16.57647712	-14.95609745	-31.30369207	-28.45919391	-25.77917577	-23.18111351	-20.53791949	-17.80978283	-14.97335802	-29.73350006	-26.84477504	-24.02302396	-21.1365279	-18.03167184
	6800000	-37.77360716	-36.40625132	-35.52802798	-35.06879595	-35.09141959	-36.77671694	-35.0318803	-33.68918972	-32.72203189	-32.11777348	-31.96912616	-32.30229966	-36.79320241	-34.59959153	-32.84078982	-31.43925564	-30.3785604	-29.64975054	-29.30406759	-29.41816297	-30.12476219	-37.81208035	-35.06148009	-32.8527554	-31.04314289	-29.54358891	-28.34258991	-27.44641304	-26.91201239	-26.81689145	-27.29450249	-28.55087416	-36.46473715	-33.71786989	-31.45868151	-29.54382492	-27.89058332	-26.53535702	-25.44747426	-24.69322246	-24.37043375	-24.61872047	-25.65734333	-35.56568653	-32.75084897	-30.39140992	-28.34167354	-26.53598651	-24.96339271	-23.64099731	-22.62283065	-22.02283737	-22.00921927	-22.84028187	-35.10887981	-32.17269655	-29.67124871	-27.45353425	-25.4572508	-23.65344892	-22.04353027	-20.69441723	-19.73717308	-19.38291831	-19.96203422	-35.17199122	-32.02851073	-29.34565073	-26.93860289	-24.68975165	-22.64867981	-20.70199605	-18.95747971	-17.52322062	-16.67202398	-16.87212258	-32.3823458	-29.43771949	-26.86228306	-24.42081608	-22.06830827	-19.75320016	-17.53622559	-15.45911673	-13.8392049	-30.1927721	-27.34158387	-24.66506204	-22.06580636	-19.4217602	-16.69319021	-13.85793299	-28.61739133	-25.73264315	-22.90914	-20.02279534	-16.91784837
	7650000	-36.78847252	-35.42822413	-34.5369175	-34.08730312	-34.11111478	-35.78382553	-34.04157037	-32.69323724	-31.72988951	-31.14273772	-30.98340977	-31.3166121	-35.79042905	-33.59900257	-31.84417282	-30.45334674	-29.38650804	-28.65754618	-28.30686041	-28.42890517	-29.13866857	-36.82977965	-34.07050869	-31.86534785	-30.05264068	-28.55486726	-27.32436236	-26.46163	-25.92629381	-25.80906145	-26.29286374	-27.54581306	-35.47638997	-32.71225581	-30.47751939	-28.55563586	-26.9038161	-25.53161031	-24.44543019	-23.70149117	-23.38002896	-23.62601575	-24.66839704	-34.56937265	-31.75954167	-29.39942763	-27.35099658	-25.53263612	-23.95663787	-22.64406034	-21.63152541	-21.03092637	-21.01592607	-21.8480586	-34.13004284	-31.1651705	-28.67907213	-26.46692767	-24.47051672	-22.66146521	-21.05173653	-19.69506954	-18.74384961	-18.37344502	-18.96386179	-34.18133635	-31.02029433	-28.35779217	-25.94185157	-23.71304322	-21.64268512	-19.71582055	-17.96346942	-16.53097488	-15.67216443	-15.87359837	-31.39607745	-28.4683547	-25.86788037	-23.42573983	-21.07631126	-18.76252298	-16.53781467	-14.46719808	-12.84449663	-29.20108209	-26.35718059	-23.67849916	-21.04983437	-18.41276231	-15.70050356	-12.86312203	-27.63108831	-24.73963056	-21.91194227	-19.03128423	-15.91274833
	8500000	-35.8709854	-34.51384327	-33.62187014	-33.16765488	-33.1932841	-34.88171576	-33.12749101	-31.78175656	-30.82443396	-30.2268075	-30.06421368	-30.39769476	-34.8917539	-32.69472226	-30.93605567	-29.53926348	-28.47713771	-27.74885644	-27.39659536	-27.51286424	-28.22327248	-35.91293821	-33.15562395	-30.95461419	-29.14286055	-27.6492926	-26.42717351	-25.54449631	-25.01273279	-24.91235436	-25.38758857	-26.63996053	-34.56276129	-31.80767767	-29.56255597	-27.64406167	-25.99590816	-24.63052491	-23.54073165	-22.79157609	-22.46532578	-22.71299451	-23.75238967	-33.65674801	-30.85071346	-28.48985469	-26.43947879	-24.63104433	-23.05579502	-21.73468493	-20.71918695	-20.11800403	-20.10558322	-20.93554826	-33.21104608	-30.26718211	-27.76974517	-25.55736414	-23.56063709	-21.75071878	-20.14207804	-18.78939293	-17.83337648	-17.47365116	-18.05505388	-33.26977668	-30.11635543	-27.44096216	-25.03509871	-22.80906719	-20.74071146	-18.80086613	-17.05494367	-15.61931741	-14.7552796	-14.96243741	-30.47615519	-27.55797497	-24.95857063	-22.51671041	-20.16093313	-17.8611841	-15.62957399	-13.55768638	-11.92636623	-28.28941169	-25.44022371	-22.76035137	-20.15285218	-17.51457502	-14.78710536	-11.94712303	-26.71548487	-23.82784962	-21.0027283	-18.11683404	-15.00381283
	9350000	-35.00565205	-33.65714858	-32.76463212	-32.30778017	-32.3320183	-34.02918783	-32.27354098	-30.92777456	-29.96612966	-29.37221873	-29.20760172	-29.53975794	-34.0353138	-31.84064223	-30.08650878	-28.6878344	-27.62395194	-26.89529754	-26.54511722	-26.65764507	-27.36401636	-35.05125104	-32.30187321	-30.10262087	-28.29121686	-26.79658675	-25.58335184	-24.69541881	-24.15995173	-24.05946822	-24.53125984	-25.78510829	-33.70467195	-30.95901388	-28.70881024	-26.79378027	-25.14625615	-23.78277447	-22.69255841	-21.94033592	-21.61041161	-21.85842497	-22.89411352	-32.80243545	-29.99422868	-27.63594466	-25.58822241	-23.78184407	-22.21078985	-20.8854548	-19.86845581	-19.26473989	-19.24907769	-20.0753633	-32.35906372	-29.41330811	-26.91588681	-24.70512259	-22.70999834	-20.90224222	-19.29146385	-17.93805554	-16.97908993	-16.61815084	-17.19413569	-32.40837653	-29.26432345	-26.5892263	-24.1840953	-21.96185948	-19.89567667	-17.95052899	-16.20205049	-14.76302201	-13.90095622	-14.0997385	-29.61795405	-26.70504054	-24.10614274	-21.66374554	-19.31307226	-17.00930032	-14.77552564	-12.69753822	-11.06676685	-27.4296118	-24.58446562	-21.90613236	-19.29955265	-16.65903536	-13.92828571	-11.08592073	-25.85502057	-22.96714923	-20.14316899	-17.25565605	-14.14322546
	10200000	-34.19632757	-32.84677746	-31.95488166	-31.49849808	-31.51921777	-33.21966061	-31.46762687	-30.12354991	-29.16131749	-28.56865233	-28.40030677	-28.7295996	-33.22709184	-31.03556818	-29.28214643	-27.88734688	-26.82161937	-26.09168484	-25.7429888	-25.85194931	-26.5536934	-34.23590294	-31.49459249	-29.29791363	-27.48900677	-25.99451914	-24.78550736	-23.89466593	-23.35910229	-23.25588562	-23.7255472	-24.96995855	-32.8932136	-30.15304419	-27.90546295	-25.99315726	-24.34982331	-22.98511544	-21.89407929	-21.13932106	-20.81030423	-21.0524455	-22.08173574	-31.9930305	-29.18791621	-26.83344005	-24.78935998	-22.98469696	-21.41314453	-20.08705357	-19.0677896	-18.46172632	-18.44334053	-19.26325107	-31.5452744	-28.60752111	-26.11325567	-23.90600594	-21.91005746	-20.10257028	-18.49066623	-17.13688082	-16.17572162	-15.81161567	-16.38203171	-31.59365762	-28.45702584	-25.78432033	-23.38317636	-21.16387508	-19.09499441	-17.14974144	-15.39909099	-13.95769725	-13.09229446	-13.2847973	-28.80956887	-25.8997967	-23.30212323	-20.86006619	-18.51007285	-16.20703487	-13.97017175	-11.88859184	-10.25428455	-26.61794312	-23.7774107	-21.10027285	-18.49506041	-15.85283175	-13.11915124	-10.27288638	-25.03997754	-22.15459322	-19.33172925	-16.44267672	-13.32853593
	11050000	-33.42761471	-32.08320059	-31.18991704	-30.73202463	-30.74954713	-32.45460625	-30.70205016	-29.36317429	-28.39974799	-27.80738109	-27.63623897	-27.96251243	-32.46321247	-30.27424839	-28.52349118	-27.12965364	-26.0633259	-25.33355748	-24.98283328	-25.09004722	-25.78773934	-33.46687578	-30.73110833	-28.53971115	-26.73109577	-25.23891636	-24.03197123	-23.14049285	-22.6020111	-22.4966782	-22.96210925	-24.19985349	-32.12600278	-29.39265002	-27.14763714	-25.23800981	-23.59617923	-22.23269699	-21.13990975	-20.3835862	-20.0519553	-20.29047716	-21.31315788	-31.22817385	-28.42734163	-26.07599393	-24.03487507	-22.23178249	-20.66013184	-19.33308321	-18.31172243	-17.70356859	-17.68020081	-18.49540484	-30.77862707	-27.84456099	-25.35485349	-23.1493765	-21.1557501	-19.34851111	-17.73594388	-16.38018953	-15.41584669	-15.04863869	-15.6134169	-30.82426997	-27.69397676	-25.02507146	-22.62550643	-20.40927611	-18.34003182	-16.39365033	-14.64080173	-13.196016	-12.32792964	-12.51284173	-28.04342769	-25.13770154	-22.54277131	-20.10122423	-17.7516308	-15.44807585	-13.20947055	-11.12302704	-9.484523558	-25.84990427	-23.01364947	-20.33821783	-17.7336144	-15.08963745	-12.35310454	-9.502871596	-24.26876084	-21.38614448	-18.56347746	-15.6723622	-12.55587449
	11900000	-32.69814502	-31.35605383	-30.46393525	-30.0050839	-30.02150079	-31.73204751	-29.98148047	-28.64444732	-27.6820614	-27.08786346	-26.915343	-27.23932553	-31.73852489	-29.55270304	-27.80459087	-26.41386401	-25.34885345	-24.6181463	-24.26541592	-24.36838898	-25.06067878	-32.73977517	-30.00914451	-27.82147666	-26.01716625	-24.52541587	-23.32019414	-22.42669837	-21.88597251	-21.7783805	-22.23992987	-23.47213999	-31.40283686	-28.67224338	-26.43124682	-24.52466213	-22.88439739	-21.52131103	-20.42846652	-19.67031921	-19.33703666	-19.57014276	-20.58734358	-30.50165289	-27.70658835	-25.35950844	-23.32124118	-21.51948513	-19.94853303	-18.6209799	-17.59876117	-16.98708697	-16.96049287	-17.76874746	-30.0528066	-27.12553844	-24.63829792	-22.43634649	-20.44231716	-18.63625387	-17.02311224	-15.66606945	-14.69838998	-14.32762539	-14.88553928	-30.09554151	-26.97174382	-24.30557748	-21.91014414	-19.69635452	-17.62617994	-15.67913504	-13.92438663	-12.47639659	-11.60373171	-11.78200919	-27.3159471	-24.41830165	-21.82433416	-19.38541514	-17.0354549	-14.7315483	-12.49046998	-10.4004743	-8.756751319	-25.12438776	-22.29072721	-19.61826471	-17.01276045	-14.36870094	-11.62941178	-8.774157295	-23.53972964	-20.65879129	-17.83680013	-14.94477237	-11.82573203
	12750000	-32.01495766	-30.67287696	-29.78183409	-29.32408264	-29.33780842	-31.0509378	-29.30567941	-27.96688604	-27.00578894	-26.41149056	-26.23669809	-26.55830198	-31.05762256	-28.87675639	-27.13091709	-25.74167996	-24.67787805	-23.94395773	-23.59153326	-23.69106109	-24.37845264	-32.05562705	-29.33093723	-27.14623198	-25.34575086	-23.85490269	-22.65066509	-21.75681159	-21.21407329	-21.10412982	-21.56114861	-22.7863043	-30.71893988	-27.99743958	-25.75937298	-23.85615597	-22.21672407	-20.85360855	-19.75908494	-18.99968645	-18.6633984	-18.89208849	-19.9032102	-29.82274369	-27.02948619	-24.68787119	-22.65077936	-20.8507259	-19.27988999	-17.95178262	-16.9273704	-16.31333318	-16.28046065	-17.0854934	-29.37128934	-26.45046012	-23.96490195	-21.76510292	-19.76912274	-17.96619052	-16.3524427	-14.99400788	-14.02315773	-13.64867104	-14.20079743	-29.41272061	-26.29279869	-23.63034197	-21.23727795	-19.02546788	-16.95533294	-15.00775496	-13.25025808	-11.79932744	-10.92259398	-11.09341068	-26.63422193	-23.74208548	-21.15021567	-18.71086138	-16.36113123	-14.05741142	-11.81354507	-9.719652241	-8.070867471	-24.44245068	-21.61201123	-18.94078725	-16.33545146	-13.68963605	-10.947718	-8.088241686	-22.85380292	-19.97413031	-17.15208229	-14.25844266	-11.13737014
	13600000	-31.37332195	-30.03375458	-29.14196068	-28.68134806	-28.69385364	-30.4118664	-28.66620453	-27.33290389	-26.36962271	-25.77594887	-25.59949106	-25.91643725	-30.41945645	-28.2401235	-26.49669693	-25.10804777	-24.043926	-23.31253222	-22.95680566	-23.05475139	-23.74056481	-31.41109689	-28.69364722	-26.5137436	-24.7131994	-23.22449034	-22.02197447	-21.12614157	-20.58169722	-20.46892872	-20.92251779	-22.14231634	-30.07820445	-27.35947692	-25.12607562	-23.22466352	-21.5883203	-20.22502175	-19.13076002	-18.36896675	-18.03025293	-18.25569554	-19.26124194	-29.17907561	-26.39502451	-24.05462951	-22.02023838	-20.22269013	-18.65204931	-17.32318674	-16.29732259	-15.68095037	-15.64585322	-16.44260483	-28.72804006	-25.81231066	-23.33221007	-21.1343935	-19.12183759	-17.33714192	-15.72305935	-14.36281065	-13.38868647	-13.010666	-13.55660546	-28.76820513	-25.65431019	-22.99589936	-20.60561192	-18.39569547	-16.32464922	-14.37699449	-12.61720043	-11.16299736	-10.28187365	-10.44698437	-25.9914787	-23.10812146	-20.51420154	-18.07702391	-15.72794472	-13.42298037	-11.17713951	-9.079926877	-7.426367321	-23.80027094	-20.97230125	-18.30371358	-15.698308	-13.05226116	-10.30743949	-7.444182376	-22.20856483	-19.33055624	-16.51050972	-13.61504601	-10.49068733
	14450000	-30.78082423	-29.4452641	-28.54766694	-28.0591125	-28.09885858	-29.82416423	-28.05365338	-26.74494717	-25.78415403	-25.18856433	-25.01391835	-25.32902793	-29.80452526	-27.652513	-25.90797551	-24.52592855	-23.43733797	-22.70405422	-22.36821975	-22.46366253	-23.14310937	-30.82107598	-28.09701395	-25.92991888	-24.12430488	-22.61645642	-21.43546066	-20.53910923	-20.00216859	-19.88053369	-20.33301124	-21.54753033	-29.48664559	-26.77242695	-24.5378494	-22.63888677	-21.01013583	-19.64408244	-18.52642618	-17.76223909	-17.44047131	-17.64336104	-18.6709425	-28.58608798	-25.78353784	-23.46981201	-21.43776351	-19.64345186	-18.07205477	-16.74114254	-15.71350295	-15.09514352	-15.03279116	-15.82579428	-28.13227081	-25.20032581	-22.74065858	-20.55319055	-18.55543015	-16.75728658	-15.1406711	-13.77907993	-12.79494443	-12.39539279	-12.95984799	-28.1657225	-25.06573898	-22.40457765	-20.01807197	-17.8078411	-15.72051439	-13.77463617	-12.00398578	-10.54924802	-9.689574497	-9.845948589	-25.40030461	-22.51919057	-19.92768308	-17.46558851	-15.14237022	-12.8409283	-10.58593671	-8.46282687	-6.828654359	-23.18293431	-20.38850843	-17.71998387	-15.10929721	-12.43686916	-9.691108779	-6.840580765	-21.60921879	-18.73402794	-15.91744338	-13.02293841	-9.894027105
	15300000	-30.23043793	-28.89372037	-28.00199462	-27.53191687	-27.55122097	-29.27348968	-27.5251359	-26.1920818	-25.23374784	-24.64013761	-24.46559643	-24.77707009	-29.2705801	-27.09680339	-25.36204422	-23.97906848	-22.91545608	-22.18054098	-21.82386484	-21.91871785	-22.6003691	-30.27085726	-27.56036705	-25.38243841	-23.57833595	-22.09432819	-20.89789439	-20.00219897	-19.45777939	-19.34226435	-19.78860006	-20.9992109	-28.92307389	-26.19033744	-23.99915733	-22.09853952	-20.46606961	-19.10321837	-18.00235262	-17.24103828	-16.89980806	-17.11135876	-18.11903889	-28.03876891	-25.25999306	-22.92535506	-20.86166663	-19.10162847	-17.53125299	-16.20203726	-15.17051461	-14.55050905	-14.50827509	-15.29896502	-27.58678985	-24.66905796	-22.199464	-20.00772089	-18.01366305	-16.21016147	-14.59687051	-13.22772208	-12.25960316	-11.84933111	-12.40968379	-27.62604928	-24.51994544	-21.86294852	-19.47849264	-17.26266362	-15.19498834	-13.24518911	-11.47498983	-10.02762639	-9.142858667	-9.297715919	-24.85222604	-21.97114168	-19.38614615	-16.94324947	-14.5988547	-12.29249845	-10.04426664	-7.936323012	-6.264020576	-22.65591353	-19.83696831	-17.17033454	-14.55636516	-11.90508948	-9.16523778	-6.301716447	-21.0591119	-18.1690729	-15.37324338	-12.47245756	-9.343802645
	16150000	-29.7218422	-28.38217491	-27.49036934	-27.02443559	-27.04036847	-28.76261253	-26.99352768	-25.68854419	-24.72663395	-24.13080075	-23.95466649	-24.26626267	-28.76665648	-26.59420331	-24.83070268	-23.47085662	-22.40420094	-21.670665	-21.29136289	-21.40745078	-22.08698519	-29.75899896	-27.0479068	-24.87146938	-23.07339166	-21.58428624	-20.38663692	-19.49028617	-18.94543763	-18.82837666	-19.27636855	-20.49037124	-28.42528232	-25.7068759	-23.4880197	-21.58800403	-19.9542538	-18.59208609	-17.49330862	-16.73057393	-16.39180149	-16.60711871	-17.60842537	-27.50509052	-24.74972923	-22.41821991	-20.37717416	-18.59013016	-17.02022802	-15.69032019	-14.65744426	-14.03720985	-13.99785462	-14.78841921	-27.07324615	-24.16509791	-21.69350803	-19.49577172	-17.5058539	-15.70030141	-14.08727774	-12.72444101	-11.74723783	-11.35570579	-11.89912773	-27.1143843	-23.98644835	-21.35260261	-18.96559766	-16.75497896	-14.6651298	-12.73573618	-10.97107783	-9.519255538	-8.633968952	-8.785181491	-24.34044195	-21.45990141	-18.87347653	-16.4328714	-14.06699935	-11.78161561	-9.531789223	-7.42573265	-5.766453272	-22.14559933	-19.32599793	-16.65983452	-14.0533735	-11.4005924	-8.653888542	-5.787966715	-20.54710472	-17.67293749	-14.85984732	-11.96100283	-8.832089533
	17000000	-29.24320095	-27.90467567	-27.0136374	-26.54856232	-26.56333259	-28.28568214	-26.53379867	-25.20982764	-24.24787313	-23.65298259	-23.47473386	-23.78747578	-28.29097895	-26.11581135	-24.36887427	-22.989548	-21.92415409	-21.19031292	-20.82893101	-20.9272559	-21.60648003	-29.28063654	-26.5685883	-24.39269017	-22.59389786	-21.10421233	-19.90584245	-19.00835326	-18.46307147	-18.34631677	-18.79519008	-20.00939972	-27.94869211	-25.23137397	-23.00793014	-21.10834339	-19.47348588	-18.10996625	-17.01199736	-16.24919345	-15.90896368	-16.12635044	-17.12719811	-27.04566999	-24.27009307	-21.93594685	-19.89883655	-18.10811993	-16.53501795	-15.20661249	-14.17661392	-13.55636881	-13.51672449	-14.30781121	-26.59821128	-23.6865665	-21.21294301	-19.01462429	-17.02365126	-15.21864754	-13.60448145	-12.24280584	-11.26444804	-10.87614747	-11.41849785	-26.63575985	-23.52434401	-20.87157376	-18.48394008	-16.2750417	-14.19964842	-12.25488925	-10.48996599	-9.034624349	-8.149191025	-8.303366596	-23.86190182	-20.98066044	-18.39212066	-15.95108645	-13.60057958	-11.29951814	-9.048361945	-6.943797028	-5.285075345	-21.66664398	-18.84507188	-16.17835206	-13.57146366	-10.9206827	-8.172144127	-5.305377688	-20.06932736	-17.19368574	-14.37749313	-11.47848706	-8.349683654
	17850000	-28.79402349	-27.45436062	-26.56320832	-26.09851579	-26.11207451	-27.83698249	-26.08616027	-24.75994245	-23.7978466	-23.20273952	-23.0240527	-23.33641999	-27.84202382	-25.66529943	-23.92101148	-22.53856577	-21.47413967	-20.74047481	-20.38029098	-20.47705588	-21.15560948	-28.82952757	-26.11817257	-23.94256087	-22.14279522	-20.65464486	-19.45494198	-18.55821625	-18.01181589	-17.89541845	-18.34383966	-19.55763879	-27.49938234	-24.7825208	-22.55671089	-20.65788396	-19.02432467	-17.65971133	-16.56176618	-15.79812468	-15.45756903	-15.6760456	-16.67613034	-26.5984066	-23.82010837	-21.48545768	-19.45007169	-17.65728913	-16.08562529	-14.75571696	-13.7260639	-13.10598023	-13.06617242	-13.85666626	-26.14887453	-23.2367042	-20.76220947	-18.56511249	-16.57319667	-14.7681694	-13.15353263	-11.79141275	-10.81234557	-10.4259307	-10.96760364	-26.18544805	-23.07507011	-20.42107471	-18.03309749	-15.82473582	-13.75058341	-11.80429494	-10.03875432	-8.582421824	-7.696894344	-7.851052202	-23.41101568	-20.52914424	-17.94101752	-15.50033839	-13.15038068	-10.8479448	-8.597129629	-6.492598821	-4.832687408	-21.2163697	-18.3941997	-15.72740972	-13.12018219	-10.46918611	-7.720741918	-4.852294282	-19.61904569	-16.74289347	-13.92566668	-11.0267592	-7.897793905
	18700000	-28.36571026	-27.02790388	-26.13676666	-25.67324019	-25.68509757	-27.40969161	-25.66258994	-24.33538326	-23.37284069	-22.77851512	-22.59841389	-22.91092333	-27.41629487	-25.24031795	-23.49794856	-22.1154102	-21.05074995	-20.31711819	-19.95734287	-20.05272624	-20.72858971	-28.40165934	-25.6928882	-23.51849392	-21.72011962	-20.23212801	-19.03309962	-18.13481404	-17.58872049	-17.47120737	-17.91895916	-19.13052326	-27.0732246	-24.35836799	-22.13380239	-20.23555189	-18.60282576	-17.23818865	-16.14066493	-15.37658969	-15.03458264	-15.25198123	-16.25042694	-26.17378239	-23.39618216	-21.06228253	-19.02900933	-17.23656025	-15.66467921	-14.33431409	-13.30485001	-12.6832243	-12.64249257	-13.43088947	-25.72329442	-22.81307633	-20.33917751	-18.14298404	-16.15174634	-14.34748732	-12.73187514	-11.36891047	-10.38866595	-10.00167661	-10.54121589	-25.75793037	-22.6505998	-19.99677401	-17.61003289	-15.40267398	-13.32901677	-11.38212911	-9.616274191	-8.15826159	-7.270207813	-7.423795338	-22.98417477	-20.10474195	-17.51751913	-15.07710697	-12.72739106	-10.42462309	-8.172922948	-6.067573499	-4.406271799	-20.79027977	-17.96905963	-15.30256458	-12.69565803	-10.04519428	-7.295992074	-4.425492566	-19.19320403	-16.31731917	-13.49895872	-10.59985178	-7.470403362
	19550000	-27.9605083	-26.62103935	-25.73189959	-25.26809205	-25.27941686	-27.00360805	-25.25807497	-23.93345768	-22.97060567	-22.37633653	-22.19549672	-22.50545509	-27.01186938	-24.83689698	-23.09627535	-21.71321092	-20.65081793	-19.91724698	-19.55725634	-19.65087349	-20.32480188	-27.99521869	-25.28827992	-23.11640232	-21.31926784	-19.83260625	-18.633903	-17.7363132	-17.18948231	-17.07070488	-17.51700954	-18.72585866	-26.66749954	-23.95593207	-21.73271054	-19.83627012	-18.2053716	-16.84144509	-15.74409602	-14.97961602	-14.63721766	-14.85308521	-15.84826178	-25.77034247	-22.99398912	-20.66246541	-18.63121128	-16.83969199	-15.2692253	-13.93856998	-12.90890706	-12.28668653	-12.24389089	-13.0303823	-25.31915467	-22.41147382	-19.93880283	-17.74518342	-15.75489049	-13.95184499	-12.33635595	-10.9730075	-9.990926717	-9.603875191	-10.14066906	-25.35312538	-22.24765245	-19.59631515	-17.21091952	-15.00730462	-12.93372383	-10.98639233	-9.219627121	-7.760348372	-6.870035019	-7.022007884	-22.57989145	-19.70248172	-17.11807122	-14.67969149	-12.33050233	-10.02772686	-7.774915489	-5.668787418	-4.005982278	-20.38645055	-17.56823257	-14.90350557	-12.29666792	-9.647749139	-6.897277502	-4.025007979	-18.78903484	-15.91530072	-13.09849021	-10.19928271	-7.068811959
	20400000	-27.5863943	-26.24729309	-25.35875709	-24.89511698	-24.90570222	-26.63168959	-24.88711609	-23.56006369	-22.5987183	-22.00369126	-21.82331541	-22.13396074	-26.6385148	-24.46389036	-22.72413088	-21.34019853	-20.2788415	-19.54513713	-19.18573998	-19.27855114	-19.93129245	-27.62066456	-24.91578106	-22.74446454	-20.94720294	-19.4613157	-18.26278997	-17.36464085	-16.8173364	-16.6978483	-17.14440116	-18.3530231	-26.29481136	-23.58379838	-21.36093205	-19.46469011	-17.83404773	-16.46945721	-15.37269195	-14.60748819	-14.26476374	-14.48049548	-15.47452769	-25.39810448	-22.62192107	-20.28967907	-18.25877837	-16.46835874	-14.89781059	-13.56699831	-12.53708197	-11.91497432	-11.87171501	-12.65760245	-24.94638268	-22.03815347	-19.56640004	-17.37263213	-15.38204307	-13.57977434	-11.96472007	-10.60119119	-9.618121869	-9.231682669	-9.767305893	-24.97936867	-21.87504656	-19.22203979	-16.83800067	-14.63482902	-12.56181708	-10.61422057	-8.847648098	-7.387647754	-6.495685298	-6.648753853	-22.20649027	-19.32882807	-16.7447544	-14.30620086	-11.95765188	-9.655835602	-7.402260339	-5.297136069	-3.633958498	-20.01255795	-17.1940492	-14.52954992	-11.92315427	-9.275215536	-6.525234509	-3.651705501	-18.41483785	-15.540895	-12.72449745	-9.825612547	-6.694480709
	21250000	-27.19190824	-25.89151547	-24.99797591	-24.5380965	-24.52753708	-26.27217713	-24.52472396	-23.20175163	-22.23684989	-21.62444338	-21.46514288	-21.78017718	-26.27618124	-24.10604775	-22.33724467	-20.98360779	-19.91783599	-19.18442312	-18.82543412	-18.91807886	-19.58771275	-27.26065863	-24.55308229	-22.36123867	-20.59201807	-19.10268065	-17.90412385	-16.98636585	-16.45932648	-16.33701174	-16.77648565	-17.99740625	-25.93431878	-23.2268307	-21.00122256	-19.10896734	-17.47658754	-16.08784544	-15.01554961	-14.24616229	-13.90746051	-14.11999637	-15.12093483	-25.03326719	-22.25635094	-19.92925964	-17.90009717	-16.08412494	-14.51246789	-13.20973874	-12.17806062	-11.55682597	-11.50965292	-12.29620554	-24.58589369	-21.67065758	-19.17598165	-16.98091295	-15.02297701	-13.21319188	-11.60454975	-10.22999726	-9.231165101	-8.869815609	-9.377236069	-24.60996535	-21.5072679	-18.86217021	-16.47211993	-14.24281846	-12.17447626	-10.23042247	-8.484625967	-7.028988738	-6.137515788	-6.288493769	-21.83368602	-18.96618781	-16.38367627	-13.94236917	-11.59372563	-9.297733365	-7.038806356	-4.937610639	-3.275885079	-19.64537586	-16.81289791	-14.17178438	-11.5617666	-8.910707902	-6.160984722	-3.288223678	-18.04761994	-15.17574825	-12.35928466	-9.463470221	-6.311311253
