BPM Serial No.	16elec																																																																																																	
BPM Size	110																																																																																																	
"Experi,menter"	Tajima      Toyama      Hanamura      Kawachi      																																																																																																	
Meas. Start Time	2019/08/2917:38																																																																																																	
Meas. Finish Time	2019/08/2918:26																																																																																																	
Linear Scale Origin X(mm)	-99.334																																																																																																	
Linear Scale Origin Y(mm)	88.445																																																																																																	
note																																																																																																		
																																																																																																		
																																																																																																		
Data Point Number		1	2	3	4	5	6	7	8	9	10	11	12	13	14	15	16	17	18	19	20	21	22	23	24	25	26	27	28	29	30	31	32	33	34	35	36	37	38	39	40	41	42	43	44	45	46	47	48	49	50	51	52	53	54	55	56	57	58	59	60	61	62	63	64	65	66	67	68	69	70	71	72	73	74	75	76	77	78	79	80	81	82	83	84	85	86	87	88	89	90	91	92	93	94	95	96	97
Linear Scale X (mm)		-119.335	-109.338	-99.337	-89.336	-79.335	-129.337	-119.338	-109.338	-99.337	-89.336	-79.335	-69.334	-139.338	-129.339	-119.338	-109.338	-99.337	-89.336	-79.335	-69.334	-59.333	-149.339	-139.341	-129.339	-119.339	-109.338	-99.337	-89.336	-79.335	-69.334	-59.333	-49.332	-149.339	-139.341	-129.339	-119.338	-109.338	-99.337	-89.336	-79.335	-69.334	-59.333	-49.332	-149.339	-139.341	-129.339	-119.338	-109.338	-99.337	-89.336	-79.335	-69.334	-59.333	-49.332	-149.339	-139.341	-129.339	-119.339	-109.338	-99.337	-89.336	-79.335	-69.334	-59.333	-49.332	-149.339	-139.34	-129.339	-119.338	-109.338	-99.337	-89.336	-79.335	-69.334	-59.333	-49.332	-139.338	-129.339	-119.338	-109.338	-99.337	-89.336	-79.335	-69.334	-59.333	-129.337	-119.338	-109.338	-99.337	-89.336	-79.335	-69.334	-119.335	-109.338	-99.337	-89.336	-79.335
Linear Scale Y (mm)		38.448	38.448	38.448	38.448	38.448	48.444	48.444	48.444	48.444	48.444	48.444	48.444	58.444	58.444	58.444	58.444	58.444	58.444	58.444	58.444	58.444	68.443	68.443	68.444	68.444	68.443	68.443	68.443	68.443	68.443	68.443	68.443	78.443	78.443	78.443	78.443	78.443	78.443	78.443	78.443	78.443	78.443	78.443	88.443	88.443	88.443	88.443	88.443	88.443	88.443	88.443	88.443	88.443	88.443	98.442	98.442	98.442	98.442	98.442	98.442	98.442	98.442	98.442	98.442	98.442	108.443	108.443	108.443	108.443	108.443	108.443	108.443	108.443	108.443	108.443	108.443	118.442	118.442	118.442	118.442	118.442	118.442	118.442	118.442	118.442	128.442	128.442	128.442	128.442	128.442	128.442	128.442	138.442	138.442	138.442	138.442	138.442
R(beam)[mm]		20.001	10.004	0.003	-9.998	-19.999	30.003	20.004	10.004	0.003	-9.998	-19.999	-30	40.004	30.005	20.004	10.004	0.003	-9.998	-19.999	-30	-40.001	50.005	40.007	30.005	20.005	10.004	0.003	-9.998	-19.999	-30	-40.001	-50.002	50.005	40.007	30.005	20.004	10.004	0.003	-9.998	-19.999	-30	-40.001	-50.002	50.005	40.007	30.005	20.004	10.004	0.003	-9.998	-19.999	-30	-40.001	-50.002	50.005	40.007	30.005	20.005	10.004	0.003	-9.998	-19.999	-30	-40.001	-50.002	50.005	40.006	30.005	20.004	10.004	0.003	-9.998	-19.999	-30	-40.001	-50.002	40.004	30.005	20.004	10.004	0.003	-9.998	-19.999	-30	-40.001	30.003	20.004	10.004	0.003	-9.998	-19.999	-30	20.001	10.004	0.003	-9.998	-19.999
Y(beam)[mm]		-49.997	-49.997	-49.997	-49.997	-49.997	-40.001	-40.001	-40.001	-40.001	-40.001	-40.001	-40.001	-30.001	-30.001	-30.001	-30.001	-30.001	-30.001	-30.001	-30.001	-30.001	-20.002	-20.002	-20.001	-20.001	-20.002	-20.002	-20.002	-20.002	-20.002	-20.002	-20.002	-10.002	-10.002	-10.002	-10.002	-10.002	-10.002	-10.002	-10.002	-10.002	-10.002	-10.002	-0.002	-0.002	-0.002	-0.002	-0.002	-0.002	-0.002	-0.002	-0.002	-0.002	-0.002	9.997	9.997	9.997	9.997	9.997	9.997	9.997	9.997	9.997	9.997	9.997	19.998	19.998	19.998	19.998	19.998	19.998	19.998	19.998	19.998	19.998	19.998	29.997	29.997	29.997	29.997	29.997	29.997	29.997	29.997	29.997	39.997	39.997	39.997	39.997	39.997	39.997	39.997	49.997	49.997	49.997	49.997	49.997
Net Ana Temperature[℃]		22.25989613	22.26161776	22.27549208	22.26998182	22.29274734	22.27314204	22.26476759	22.30059725	22.2924617	22.30590756	22.26562451	22.25578032	22.27641911	22.26854583	22.23152168	22.23494417	22.24250844	22.25161257	22.25868865	22.23450532	22.2369826	22.23433913	22.26089847	22.26248767	22.24995845	22.2477772	22.24389769	22.22398078	22.25885225	22.260953	22.27930408	22.27532589	22.28157362	22.28375227	22.28200467	22.27252921	22.3007167	22.29689431	22.29639055	22.284765	22.25415217	22.23991431	22.26151909	22.25726565	22.23714879	22.26124903	22.28728642	22.31866528	22.32096598	22.31598546	22.31613347	22.31676448	22.32935601	22.32223578	22.27550247	22.26713062	22.28136069	22.29760062	22.30417814	22.31162815	22.29220982	22.30175798	22.30691249	22.28908855	22.27086731	22.27050377	22.28346144	22.30325889	22.29461179	22.31438068	22.28998702	22.26757725	22.27292651	22.30848351	22.3246845	22.33508439	22.34783693	22.34955336	22.34343547	22.30720332	22.26001818	22.26489224	22.27492859	22.28360945	22.30185147	22.28142301	22.24956375	22.22211633	22.23093223	22.24684238	22.28584524	22.29628668	22.3200026	22.31673332	22.35102311	22.36468709	22.33074786
BPM Temperature[℃]		20.46829395	20.44141781	20.41210075	20.38665282	20.36691768	20.35489483	20.40462218	20.430953	20.44489743	20.41506102	20.40592054	20.40875097	20.37213711	20.3860296	20.36452869	20.33438068	20.33165412	20.33168008	20.32562971	20.35416775	20.35907556	20.34123604	20.31794339	20.31093223	20.32534407	20.34331343	20.32243573	20.31150351	20.35437549	20.36964425	20.36104908	20.37870683	20.41376266	20.3945209	20.35749156	20.36208777	20.35993249	20.35442742	20.36029603	20.35782914	20.32804466	20.32762919	20.32773306	20.31638535	20.32887562	20.33843158	20.34583225	20.3450013	20.36385354	20.38408206	20.39623474	20.38322514	20.37496754	20.37462997	20.34796157	20.37945988	20.41846274	20.40854324	20.3830174	20.38930148	20.40542716	20.42651259	20.42009868	20.38950922	20.40033757	20.4338873	20.40181771	20.40792002	20.41121787	20.41090626	20.40002597	20.41184108	20.45219424	20.45949104	20.46211374	20.46242534	20.40109063	20.40249286	20.40573877	20.39062581	20.35941314	20.3535705	20.33009608	20.31454168	20.33591275	20.40906258	20.40763438	20.38099195	20.36676188	20.36865749	20.37289016	20.37135809	20.35097377	20.35637497	20.40090885	20.42311088	20.42074786
Frequency (Hz) / Data (dB)	850000	-55.69216825	-55.67135853	-56.26585048	-57.09301442	-58.32879524	-52.91799603	-52.55199677	-52.79846371	-53.35779639	-54.3469433	-55.62801402	-57.42718412	-50.77181359	-49.9893736	-49.85368963	-50.2845572	-50.96502347	-52.03516032	-53.48166861	-55.188996	-57.42806476	-49.11761002	-47.87027479	-47.37913372	-47.47798305	-48.0082881	-48.91153628	-50.06210003	-51.61776285	-53.40149575	-55.60615537	-58.45771967	-46.25443623	-45.1995656	-44.92780598	-45.29439784	-46.04283498	-47.06030625	-48.43944968	-50.10345244	-52.11044627	-54.32542708	-57.02421996	-43.39693578	-42.53117276	-42.57865756	-43.20509921	-44.21227533	-45.54972247	-47.09537624	-48.86217684	-50.99530571	-53.27529871	-56.09181929	-40.52356006	-39.94859817	-40.2520375	-41.25301461	-42.60053525	-44.20922128	-46.01480735	-48.00540038	-50.23383291	-52.74693058	-55.61487158	-37.41193686	-37.15765614	-38.06269752	-39.51903534	-41.25139169	-43.19549665	-45.26821334	-47.48304336	-49.9067862	-52.58294224	-55.6762032	-34.37478867	-35.99819338	-38.06664755	-40.25510953	-42.54838144	-44.88534496	-47.39048338	-50.00168897	-52.90878668	-34.37989706	-37.21929084	-39.96358138	-42.60018359	-45.14561347	-47.85856559	-50.7211802	-37.41386034	-40.52673312	-43.42767162	-46.2237077	-49.07708329
	1700000	-49.80169167	-49.73737001	-50.13148428	-51.05286157	-52.39061583	-46.99296139	-46.67269867	-46.80420036	-47.40944171	-48.36409644	-49.67763661	-51.42532353	-44.79750269	-44.13294302	-44.00207511	-44.33593844	-45.05350478	-46.1174003	-47.50130075	-49.25585333	-51.41222999	-43.26120149	-42.00228477	-41.51315187	-41.61887619	-42.13821146	-43.02080048	-44.17535197	-45.69468531	-47.45952917	-49.62630945	-52.35827091	-40.3741173	-39.34298188	-39.08437486	-39.41030803	-40.15514994	-41.20832765	-42.55313494	-44.21570682	-46.11075753	-48.3172885	-51.09436757	-37.56780313	-36.70936421	-36.74412249	-37.33624129	-38.35298699	-39.66827586	-41.23743491	-42.99245509	-45.03097818	-47.33826581	-50.17033672	-34.68402106	-34.10427341	-34.42618769	-35.40691772	-36.7432094	-38.35052984	-40.15678249	-42.1294379	-44.31573609	-46.80349258	-49.70894241	-31.57978281	-31.33809993	-32.21556537	-33.65455047	-35.40015449	-37.33806572	-39.40751362	-41.61549664	-43.98824131	-46.65271514	-49.74956385	-28.53369754	-30.15190121	-32.22507406	-34.42435744	-36.71120527	-39.04817172	-41.51441424	-44.09382487	-46.99451039	-28.536019	-31.37298979	-34.10516078	-36.73998806	-39.31341889	-41.99117397	-44.83319162	-31.57974425	-34.68542278	-37.57252705	-40.38184389	-43.21873583
	2550000	-46.45424484	-46.40726599	-46.84354307	-47.74648209	-49.07851576	-43.67927044	-43.34815839	-43.50155801	-44.08722238	-45.03545438	-46.35907985	-48.12155989	-41.49675147	-40.7981484	-40.66372397	-41.01728208	-41.73063139	-42.79858101	-44.18587452	-45.9305519	-48.07661332	-39.92926367	-38.67912776	-38.18862398	-38.28283295	-38.80827537	-39.68919002	-40.85930807	-42.37208688	-44.14105557	-46.32957603	-49.06738036	-37.05247756	-36.01410009	-35.76106896	-36.08158966	-36.83003387	-37.88577028	-39.22538905	-40.88529621	-42.78864981	-45.02890842	-47.77103108	-34.23712313	-33.38001146	-33.40290021	-34.00326445	-35.01923923	-36.3388011	-37.9072062	-39.67659307	-41.72622319	-44.05002733	-46.84531314	-31.35112523	-30.7690171	-31.09560662	-32.06705639	-33.40631104	-35.01918648	-36.82488444	-38.80658192	-40.99706212	-43.48746667	-46.39442693	-28.24341909	-28.00408241	-28.87452015	-30.31711469	-32.06277198	-34.00388596	-36.07804162	-38.2862089	-40.67532527	-43.3429482	-46.43420118	-25.19100385	-26.8101946	-28.88581537	-31.09404395	-33.38287483	-35.72004476	-38.18356562	-40.78245673	-43.68145835	-25.19086632	-28.03270911	-30.77171248	-33.40859017	-35.98861969	-38.67125027	-41.50492948	-28.24587102	-31.35681523	-34.24661039	-37.06097867	-39.90995516
	3400000	-44.13564229	-44.09634994	-44.54709549	-45.44158138	-46.77557472	-41.35874752	-41.01876826	-41.17603309	-41.75671281	-42.71531477	-44.04885766	-45.80340137	-39.17876767	-38.46573392	-38.34246043	-38.68851495	-39.4005709	-40.46693259	-41.85030916	-43.61378129	-45.78726544	-37.61052824	-36.34553776	-35.85508256	-35.95070582	-36.47497249	-37.35789626	-38.5296375	-40.04750291	-41.83014272	-44.02174094	-46.74463197	-34.72694792	-33.68012037	-33.42523094	-33.74524929	-34.4885134	-35.5560401	-36.8997177	-38.55554196	-40.45830559	-42.69779754	-45.42992769	-31.90829632	-31.05368049	-31.06777847	-31.6641957	-32.68255032	-34.00440675	-35.57002246	-37.3454125	-39.39810657	-41.73031403	-44.52808311	-29.02059743	-28.43185208	-28.75937583	-29.72546413	-31.06598899	-32.67811488	-34.48895763	-36.46898856	-38.67332829	-41.16722606	-44.06935759	-25.91038349	-25.67101093	-26.53507996	-27.97912376	-29.72557788	-31.66668125	-33.73916027	-35.95250657	-38.34611775	-41.01691913	-44.11568946	-22.85226581	-24.47113039	-26.54581288	-28.7602446	-31.05194685	-33.39415341	-35.85058972	-38.45914531	-41.35180055	-22.85409243	-25.69795838	-28.43481808	-31.07235549	-33.66215702	-36.34159335	-39.18395316	-25.91117522	-29.02407046	-31.9160382	-34.73367853	-37.58979634
	4250000	-42.33470746	-42.29590818	-42.75174735	-43.64181368	-44.97123663	-39.55505696	-39.21137155	-39.36882295	-39.95266834	-40.90591483	-42.2336794	-43.99759209	-37.38204901	-36.65621636	-36.53136619	-36.87491359	-37.59125625	-38.66409282	-40.0461178	-41.80340033	-43.98405789	-35.80602822	-34.5375202	-34.04622359	-34.13836519	-34.66419581	-35.54471944	-36.72300068	-38.2360509	-40.02810934	-42.2159216	-44.96185493	-32.92195421	-31.87215279	-31.61376323	-31.93036293	-32.67655757	-33.74329651	-35.09237891	-36.74198373	-38.65399173	-40.90360515	-43.64234495	-30.09984554	-29.2457644	-29.25443784	-29.85249616	-30.8667682	-32.19245518	-33.76060163	-35.53967442	-37.59052288	-39.93081111	-42.73222841	-27.21178692	-26.61897687	-26.94731307	-27.91097021	-29.25020031	-30.86534826	-32.67376056	-34.65946648	-36.86532544	-39.37109752	-42.26657802	-24.10256589	-23.86040258	-24.72063244	-26.162884	-27.9100615	-29.85292092	-31.92714036	-34.13775468	-36.53945213	-39.21388291	-42.32010493	-21.03902091	-22.65631216	-24.73207612	-26.94815828	-29.24088968	-31.58294145	-34.04368028	-36.65204244	-39.55402959	-21.04057305	-23.88558138	-26.62372786	-29.26310118	-31.85505855	-34.53365289	-37.38240736	-24.10239769	-27.21606854	-30.10701069	-32.92616135	-35.78631838
	5100000	-40.87064419	-40.82836253	-41.28667787	-42.17376156	-43.51516365	-38.08813515	-37.74612021	-37.90787468	-38.48182958	-39.44335571	-40.76922977	-42.53009982	-35.91500559	-35.19084763	-35.05793584	-35.40554835	-36.11955993	-37.18862564	-38.58127963	-40.34015826	-42.51918367	-34.34253569	-33.06959878	-32.57588602	-32.66493998	-33.18778917	-34.07454994	-35.2521413	-36.76557414	-38.55503619	-40.751132	-43.49843523	-31.45434222	-30.39926187	-30.13979646	-30.45557645	-31.20082233	-32.27094704	-33.62023987	-35.26984747	-37.18535733	-39.43424416	-42.16828078	-28.6322831	-27.77429728	-27.78023013	-28.37650188	-29.3915031	-30.71514681	-32.28231933	-34.06551509	-36.12064814	-38.46521196	-41.26048154	-25.74476506	-25.14666131	-25.47539819	-26.43721698	-27.77585126	-29.38940944	-31.19833225	-33.18585138	-35.39824634	-37.89816639	-40.81034672	-22.63361616	-22.38980958	-23.24718624	-24.68676974	-26.43528516	-28.37608377	-30.4522872	-32.66590691	-35.06512201	-37.74314558	-40.85399378	-19.56670095	-21.18227092	-23.25529453	-25.47523171	-27.76649704	-30.1123404	-32.57234501	-35.17973105	-38.0857535	-19.56948507	-22.41218017	-25.15099965	-27.79199871	-30.38330597	-33.06530412	-35.91513928	-22.63444124	-25.74835447	-28.64109846	-31.46104534	-34.32615119
	5950000	-39.66937331	-39.61949266	-40.06396605	-40.96014253	-42.31382294	-36.87606451	-36.52676627	-36.68688584	-37.27129155	-38.2233658	-39.55812385	-41.32349157	-34.69747849	-33.97342275	-33.84250725	-34.1867872	-34.90233513	-35.96768522	-37.36224358	-39.11308354	-41.31303239	-33.13135611	-31.85115421	-31.35661164	-31.44541079	-31.96848191	-32.85545192	-34.03643514	-35.54747552	-37.34524625	-39.53723554	-42.28533022	-30.24212303	-29.18312407	-28.92026156	-29.23372594	-29.97837589	-31.04915955	-32.39777302	-34.05162369	-35.96607592	-38.22007444	-40.96018116	-27.4166558	-26.55442451	-26.56020485	-27.15338984	-28.16914535	-29.49087652	-31.06121883	-32.84542656	-34.89733685	-37.24787903	-40.04952329	-24.52760988	-23.92773281	-24.25425453	-25.21337931	-26.55270413	-28.16648071	-29.97449686	-31.96650513	-34.17533529	-36.68139313	-39.60014478	-21.41869687	-21.17109756	-22.02563466	-23.46453325	-25.21240678	-27.15521133	-29.22927033	-31.44569823	-33.84982388	-36.52808331	-39.65211825	-18.34788366	-19.96171858	-22.03416038	-24.25417906	-26.54825517	-28.89384542	-31.35263119	-33.96328768	-36.87258231	-18.35021024	-21.19407365	-23.93064532	-26.57174822	-29.1686581	-31.8485743	-34.70119454	-21.41920665	-24.53278647	-27.42489722	-30.24571885	-33.11479542
	6800000	-38.64908051	-38.60451706	-39.05628983	-39.94865737	-41.2862909	-35.85833342	-35.5078139	-35.66951721	-36.24273837	-37.20171591	-38.53482122	-40.30376043	-33.68102395	-32.95177046	-32.82018372	-33.16171938	-33.87503463	-34.94259732	-36.33826816	-38.09705276	-40.29530734	-32.11524703	-30.83271556	-30.33282276	-30.42015907	-30.94469913	-31.82855696	-33.01021614	-34.51994665	-36.32297741	-38.52224653	-41.26754321	-29.22159469	-28.1597975	-27.89343256	-28.2076965	-28.95112309	-30.02215882	-31.37653096	-33.02410746	-34.94203623	-37.20186277	-39.94123961	-26.39707385	-25.53293049	-25.53201792	-26.1240362	-27.14024884	-28.4629647	-30.0330344	-31.82007044	-33.87387434	-36.22891391	-39.03470309	-23.50821141	-22.9026372	-23.22893347	-24.18557187	-25.52612695	-27.137746	-28.94801802	-30.93749311	-33.15496604	-35.6586252	-38.57957132	-20.39779722	-20.14905028	-20.99917072	-22.43679122	-24.1842963	-26.12794268	-28.20341966	-30.4217807	-32.82418456	-35.51140226	-38.63365732	-17.32478611	-18.93591448	-21.00717262	-23.22928822	-25.52373852	-27.86987619	-30.32853083	-32.94448437	-35.85579377	-17.32714719	-20.16926216	-22.90581482	-25.54810461	-28.14663358	-30.8281484	-33.68262801	-20.39850221	-23.51241195	-26.4056883	-29.22867892	-32.10035815
	7650000	-37.79267166	-37.7458421	-38.19434738	-39.08283602	-40.4400106	-34.99906953	-34.64606274	-34.80558708	-35.3806517	-36.34343578	-37.67877889	-39.44589893	-32.82374438	-32.08980937	-31.95379987	-32.29671773	-33.00889501	-34.07770558	-35.47629488	-37.23522357	-39.4454207	-31.25698879	-29.97102192	-29.46970821	-29.55619295	-30.07551779	-30.96055875	-32.14650285	-33.65511135	-35.46323941	-37.65818111	-40.41763223	-28.36512284	-27.2984349	-27.02965219	-27.34118633	-28.08493611	-29.15638231	-30.50920344	-32.15858273	-34.07552642	-36.3347288	-39.08484105	-25.5415399	-24.67152427	-24.66869358	-25.26004989	-26.27164567	-27.59766711	-29.16560473	-30.95489908	-33.01034986	-35.36487925	-38.17882538	-22.65040514	-22.0406904	-22.36603768	-23.31953408	-24.65838369	-26.26952992	-28.08059499	-30.07463031	-32.28891344	-34.79742884	-37.7277104	-19.54114748	-19.28919594	-20.13568877	-21.57127041	-23.31759941	-25.26125515	-27.33588758	-29.55420158	-31.96054002	-34.64486837	-37.78045593	-16.46556217	-18.07389033	-20.14419531	-22.36571024	-24.65886929	-27.00729102	-29.46806567	-32.08232995	-34.99706118	-16.46793579	-19.30832329	-22.04476503	-24.68671439	-27.28729226	-29.96667286	-32.82269738	-19.54285892	-22.65435316	-25.5470128	-28.36956741	-31.24705578
	8500000	-37.07382277	-37.0262903	-37.4755778	-38.37243983	-39.71712319	-34.28078784	-33.92357799	-34.08198372	-34.65708346	-35.61995681	-36.95325469	-38.73024623	-32.10327238	-31.36920158	-31.23397065	-31.57070884	-32.28583329	-33.3517184	-34.75117192	-36.51165645	-38.72279105	-30.54275023	-29.25010503	-28.74680094	-28.82843145	-29.34878497	-30.23470603	-31.42285638	-32.92958041	-34.73700099	-36.93848775	-39.70163415	-27.64658407	-26.57495829	-26.30353517	-26.61406492	-27.35491247	-28.43057523	-29.78488727	-31.43213821	-33.34965116	-35.61268749	-38.36785643	-24.82032971	-23.95000661	-23.94211301	-24.53134432	-25.54249313	-26.86588044	-28.43683961	-30.22931346	-32.28434226	-34.64135957	-37.45905621	-21.93127309	-21.31724257	-21.64138356	-22.59330539	-23.93083553	-25.54249151	-27.3522752	-29.34630668	-31.56183235	-34.07542753	-37.0140202	-18.82334733	-18.56808428	-19.411595	-20.8450529	-22.59053559	-24.53307742	-26.60916245	-28.82755371	-31.23659129	-33.92475925	-37.06331838	-15.74441988	-17.35036449	-19.41913715	-21.64091605	-23.93539213	-26.28434025	-28.74341692	-31.36143118	-34.28159063	-15.74739964	-18.58613587	-21.32045893	-23.96173015	-26.56476281	-29.24886382	-32.10437555	-18.82449664	-21.93543661	-24.82680167	-27.65120509	-30.53061282
	9350000	-36.46105102	-36.41294036	-36.86646523	-37.75779967	-39.0982705	-33.66789626	-33.30887579	-33.46709775	-34.03925656	-35.00047693	-36.33657723	-38.11492213	-31.48654788	-30.74936198	-30.60861787	-30.95143843	-31.66605367	-32.73264396	-34.1336188	-35.8975117	-38.1119353	-29.925272	-28.62996224	-28.1256223	-28.20614197	-28.72499259	-29.61290955	-30.80096574	-32.31187137	-34.11792089	-36.32803105	-39.0895052	-27.03060967	-25.95702416	-25.68286804	-25.9915976	-26.73128448	-27.8076922	-29.16078362	-30.80899819	-32.72863083	-34.99486686	-37.75171845	-24.20404407	-23.33075774	-23.32263145	-23.90792952	-24.91972007	-26.24385285	-27.81099002	-29.60469115	-31.66563712	-34.02572343	-36.84764138	-21.31473839	-20.69781054	-21.02058076	-21.97012909	-23.30689973	-24.91886996	-26.72939294	-28.72554823	-30.94610335	-33.4561196	-36.40019683	-18.20729953	-17.95068791	-18.78972698	-20.22194984	-21.96826544	-23.91125824	-25.9851442	-28.20639853	-30.6163681	-33.30732653	-36.45467833	-15.12625665	-16.730503	-18.79815154	-21.01942888	-23.31515095	-25.66282669	-28.12251559	-30.74555303	-33.66097052	-15.12879668	-17.9659609	-20.70103639	-23.34253494	-25.94629811	-28.62884844	-31.48760144	-18.20865578	-21.31764549	-24.20931201	-27.03549204	-29.91728531
	10200000	-35.91371893	-35.86519898	-36.31305941	-37.20713003	-38.55544714	-33.11709721	-32.75712095	-32.91178543	-33.49267703	-34.45207449	-35.79060135	-37.55941332	-30.93733822	-30.19620123	-30.05901603	-30.39819316	-31.11345758	-32.18075818	-33.58039502	-35.34088182	-37.56173237	-29.37769844	-28.0799469	-27.57113894	-27.65411393	-28.17226747	-29.05870131	-30.24686161	-31.75542772	-33.56803813	-35.77635933	-38.54155857	-26.48083464	-25.40338167	-25.13099587	-25.43457177	-26.17565801	-27.25539045	-28.61120586	-30.25302905	-32.17747485	-34.44898746	-37.20376832	-23.65285931	-22.77961423	-22.76783903	-23.35346708	-24.36472034	-25.68823658	-27.25843891	-29.05398583	-31.10974939	-33.47415192	-36.30072743	-20.76350662	-20.14367418	-20.46647897	-21.41532293	-22.75316368	-24.36336568	-26.17364789	-28.16986929	-30.38907859	-32.90326321	-35.85543554	-17.65677565	-17.39890919	-18.23582662	-19.66775214	-21.41431327	-23.35529752	-25.43213965	-27.65166225	-30.06340467	-32.75922614	-35.90854836	-14.57435096	-16.1761756	-18.24334923	-20.46683438	-22.76202627	-25.11203062	-27.56999243	-30.19371401	-33.11592942	-14.57764531	-17.4145759	-20.14701225	-22.78859993	-25.3938093	-28.07748819	-30.93690018	-17.65883647	-20.76718062	-23.65904358	-26.48500161	-29.36936827
	11050000	-35.39493656	-35.3502595	-35.79447825	-36.68466857	-38.0380204	-32.59471225	-32.23926119	-32.3923531	-32.96646288	-33.9261391	-35.26728083	-37.04243903	-30.41720374	-29.67494673	-29.53929029	-29.87612772	-30.59369311	-31.66026384	-33.06021215	-34.82349823	-37.04545055	-28.85816429	-27.55928569	-27.05059177	-27.13031976	-27.65294678	-28.5359784	-29.72746104	-31.23767161	-33.0509805	-35.26207014	-38.0214148	-25.96052431	-24.88312711	-24.60668581	-24.91433496	-25.65563256	-26.73148995	-28.08899383	-29.73236059	-31.65419402	-33.92474922	-36.68448729	-23.13240009	-22.25797126	-22.24570815	-22.83162134	-23.8419248	-25.16445192	-26.73584579	-28.53211724	-30.59026155	-32.95602758	-35.78855773	-20.24290823	-19.62257907	-19.94524192	-20.89338662	-22.22946342	-23.84272847	-25.6517937	-27.65021033	-29.86767427	-32.38488076	-35.33606538	-17.13580048	-16.87735783	-17.71342114	-19.14497679	-20.89063222	-22.83281398	-24.90922864	-27.13037521	-29.5412155	-32.23713273	-35.39040296	-14.05199744	-15.65383601	-17.72043742	-19.94474892	-22.24150217	-24.58993782	-27.0468759	-29.66848249	-32.59217182	-14.05491901	-16.89144037	-19.62565037	-22.26662675	-24.87461401	-27.55414801	-30.41868865	-17.13774338	-20.24550611	-23.13769689	-25.9639188	-28.85311358
	11900000	-34.88282055	-34.83052111	-35.28085669	-36.16828163	-37.52428939	-32.08203104	-31.72442464	-31.87804271	-32.45197013	-33.41489954	-34.75116371	-36.52840808	-29.90528119	-29.16208309	-29.02251742	-29.36297137	-30.07845236	-31.14767971	-32.5484713	-34.31147822	-36.53153603	-28.34413561	-27.04511314	-26.53636033	-26.61813921	-27.13900034	-28.02446588	-29.21509446	-30.72113579	-32.538765	-34.74299121	-37.51652023	-25.44483052	-24.36905569	-24.09392343	-24.40072637	-25.13951685	-26.21776461	-27.57517861	-29.21780822	-31.14130541	-33.41044416	-36.17538574	-22.61853032	-21.74382769	-21.73056456	-22.31641148	-23.32769035	-24.6506164	-26.21987083	-28.0178165	-30.07577705	-32.44001489	-35.27354657	-19.7265465	-19.10620695	-19.43018683	-20.37766153	-21.71663006	-23.32820928	-25.13706046	-27.13563859	-29.35553327	-31.86919715	-34.81990494	-16.61901868	-16.36166001	-17.19732285	-18.62906887	-20.37735094	-22.31843744	-24.39416203	-26.61812119	-29.02560608	-31.72400816	-34.8756703	-13.53427776	-15.13680154	-17.20459636	-19.43048438	-21.72732359	-24.07894459	-26.53263264	-29.15733029	-32.07768646	-13.53789032	-16.37609489	-19.10912361	-21.75252041	-24.36041302	-27.04307825	-29.90194362	-16.62124601	-19.72946032	-22.62263973	-25.44890365	-28.33633612
	12750000	-34.36551916	-34.31179276	-34.76024766	-35.65406263	-37.00424917	-31.56324502	-31.20039172	-31.35811003	-31.93380106	-32.89698997	-34.2358527	-36.01433304	-29.382883	-28.64291353	-28.50448397	-28.84437155	-29.55913068	-30.62766907	-32.02621521	-33.78915611	-36.01020099	-27.82413609	-26.52617148	-26.02042907	-26.09976423	-26.61967568	-27.5072723	-28.69847073	-30.20553307	-32.02084111	-34.23103228	-36.99230192	-24.92551815	-23.84920297	-23.57493484	-23.88201262	-24.62168602	-25.70116753	-27.05774329	-28.70198658	-30.62565979	-32.88420083	-35.65413346	-22.09809079	-21.22396757	-21.21187904	-21.79770048	-22.80940464	-24.13334797	-25.70280889	-27.50007387	-29.55831482	-31.92272089	-34.74717193	-19.20613052	-18.58688047	-18.91099261	-19.8600655	-21.19794731	-22.80968513	-24.62018963	-26.61555002	-28.83718817	-31.35466114	-34.30238489	-16.09717285	-15.84135062	-16.67827205	-18.10947582	-19.8571609	-21.8001275	-23.87656086	-26.0975072	-28.5071261	-31.2053453	-34.35933999	-13.01232465	-14.61539539	-16.68385637	-18.91143657	-21.2090789	-23.56013666	-26.01408666	-28.63600414	-31.5589647	-13.01526808	-15.85464562	-18.5899678	-21.23292981	-23.84053017	-26.52141757	-29.38357991	-16.09906495	-19.20806343	-22.10042406	-24.92709477	-27.81670795
	13600000	-33.82797664	-33.78390711	-34.22952971	-35.12438627	-36.47278467	-31.02728186	-30.67159687	-30.82891966	-31.40507115	-32.36765904	-33.70570934	-35.48125588	-28.85057653	-28.11004069	-27.97617803	-28.31476605	-29.02936147	-30.0992461	-31.4971608	-33.26069761	-35.48174846	-27.29251944	-25.99472467	-25.48922443	-25.56940301	-26.09011465	-26.976772	-28.16933063	-29.67409192	-31.48739567	-33.69568695	-36.46573621	-24.39482709	-23.31839175	-23.0440582	-23.35299251	-24.09361966	-25.17158843	-26.52966648	-28.17355209	-30.09264537	-32.35488539	-35.12600933	-21.56434379	-20.69360728	-20.6815525	-21.26849334	-22.27993508	-23.6030749	-25.17309764	-26.97249776	-29.02608841	-31.39256069	-34.22014544	-18.67211187	-18.05455111	-18.3811708	-19.32918124	-20.66734076	-22.28116536	-24.09087458	-26.08700109	-28.30529624	-30.8200178	-33.77526563	-15.56287956	-15.3092019	-16.14594222	-17.57925438	-19.3281772	-21.27118214	-23.34666374	-25.56791887	-27.97649898	-30.67431325	-33.83149652	-12.47884556	-14.08203999	-16.15247783	-18.38122385	-20.67876816	-23.02960315	-25.485029	-28.10751757	-31.02556017	-12.48088076	-15.32163674	-18.05859784	-20.70191242	-23.31048504	-25.98984914	-28.84934192	-15.56576781	-18.6766252	-21.56938427	-24.39633382	-27.28550751
	14450000	-33.29864138	-33.25103302	-33.70497468	-34.58998731	-35.9407207	-30.49698187	-30.1404567	-30.29763857	-30.8752459	-31.8364913	-33.17355576	-34.95099857	-28.32000837	-27.58030195	-27.44757308	-27.78460952	-28.50276402	-29.57022531	-30.96924135	-32.72735787	-34.95136708	-26.76107595	-25.46379912	-24.959254	-25.0410493	-25.56275331	-26.44893747	-27.64013841	-29.14714418	-30.96054963	-33.16743499	-35.93663986	-23.86280013	-22.78746096	-22.51349218	-22.82203797	-23.56358887	-24.64236915	-26.00126316	-27.64420657	-29.56408547	-31.82836959	-34.58881044	-21.03403135	-20.16349344	-20.15210263	-20.73847352	-21.75183402	-23.0751846	-24.64549807	-26.44290838	-28.49751535	-30.86314126	-33.68853932	-18.14076874	-17.52370372	-17.85045515	-18.79994054	-20.13964798	-21.75085454	-23.56192429	-25.55843757	-27.77747488	-30.28954283	-33.24656014	-15.03071033	-14.77828893	-15.61591762	-17.04878417	-18.79869184	-20.74206343	-22.81781291	-25.04075851	-27.45000208	-30.14452229	-33.29832145	-11.94634474	-13.55128346	-15.62176101	-17.85267669	-20.14954774	-22.50171216	-24.95444169	-27.57621001	-30.49567371	-11.94925743	-14.7899791	-17.52760185	-20.17039085	-22.78099057	-25.46009575	-28.32169987	-15.03299003	-18.14366597	-21.03801963	-23.86681394	-26.75498172
	15300000	-32.77684472	-32.73159593	-33.17619706	-34.06907526	-35.41850632	-29.97575812	-29.62126502	-29.78027992	-30.35470884	-31.3186103	-32.65647062	-34.42687587	-27.79750036	-27.05907221	-26.92497137	-27.26782867	-27.98060884	-29.04984677	-30.44719846	-32.20798486	-34.4306285	-26.23806328	-24.94407225	-24.43937991	-24.52070102	-25.04410428	-25.92782754	-27.12312766	-28.62437676	-30.44287496	-32.6483157	-35.4084998	-23.34084284	-22.26766995	-21.99399059	-22.30397062	-23.04572123	-24.12524556	-25.4847009	-27.12376783	-29.04546433	-31.30830532	-34.07008512	-20.5125315	-19.64306845	-19.63263153	-20.22012623	-21.23273908	-22.55683987	-24.12787737	-25.92466525	-27.97798736	-30.34317776	-33.17186518	-17.61774794	-17.00250146	-17.33097136	-18.28079498	-19.62049084	-21.23204852	-23.04294117	-25.04026884	-27.26008969	-29.77125867	-32.72637256	-14.50814962	-14.25717803	-15.09532801	-16.52883615	-18.27985576	-20.22385086	-22.29797026	-24.5201633	-26.92740331	-29.62000655	-32.7800645	-11.42373738	-13.02921326	-15.10046639	-17.33279299	-19.63083161	-21.98334457	-24.43530798	-27.05648523	-29.97679405	-11.42677918	-14.26875861	-17.0062947	-19.65086939	-22.26209033	-24.94070468	-27.79864744	-14.51031722	-17.62130398	-20.5163126	-23.34498321	-26.23528181
	16150000	-32.28464745	-32.23376686	-32.68597793	-33.57654781	-34.92751465	-29.48628391	-29.13015693	-29.2867538	-29.86443358	-30.82501921	-32.16256466	-33.93783703	-27.30680363	-26.57146837	-26.43763777	-26.77392649	-27.49357489	-28.559839	-29.95641462	-31.72131538	-33.94027173	-25.74841317	-24.45336692	-23.95143602	-24.03185117	-24.55625161	-25.44163682	-26.63645474	-28.13772277	-29.95292644	-32.15741385	-34.91785089	-22.85135875	-21.77793088	-21.50568131	-21.81676317	-22.55782595	-23.63768448	-24.99757693	-26.63777739	-28.55764881	-30.81875197	-33.58205466	-20.02214152	-19.15459307	-19.14403069	-19.73181056	-20.74436689	-22.06828722	-23.6368161	-25.43529742	-27.48820425	-29.85361951	-32.68203354	-17.1283205	-16.51321133	-16.84251363	-17.79175984	-19.13238597	-20.7449796	-22.55465549	-24.55105223	-26.76999184	-29.27872961	-32.23381318	-14.01566324	-13.76712293	-14.60629555	-16.03965935	-17.79097157	-19.7345862	-21.80965252	-24.03226452	-26.44051031	-29.13279159	-32.28524557	-10.93279845	-12.53861656	-14.61118715	-16.84400105	-19.14297291	-21.49497707	-23.94618507	-26.56757605	-29.4844937	-10.93528438	-13.77821123	-16.51714964	-19.16063303	-21.77231012	-24.45007056	-27.30865951	-14.01824006	-17.13033701	-20.02537322	-22.85482053	-25.74438402
	17000000	-31.82368294	-31.77732354	-32.22582584	-33.1188958	-34.46358754	-29.02523962	-28.67195858	-28.82892743	-29.40490296	-30.36775668	-31.70392644	-33.47714839	-26.84597818	-26.11241052	-25.97821045	-26.31844991	-27.03717875	-28.10277407	-29.49857848	-31.26192029	-33.4813725	-25.28708479	-23.99382047	-23.49185068	-23.57426823	-24.09696905	-24.98275361	-26.18059767	-27.6805698	-29.49680035	-31.69712658	-34.46573671	-22.39054601	-21.3179542	-21.04778235	-21.35823321	-22.09976512	-23.18087793	-24.54041864	-26.1810022	-28.09769045	-30.35778121	-33.11706057	-19.56197397	-18.69636557	-18.68584108	-19.2741899	-20.28783554	-21.6119922	-23.18178892	-24.97987818	-27.03179544	-29.39846129	-32.2230641	-16.66726266	-16.0535726	-16.38386481	-17.33466815	-18.67484214	-20.28825953	-22.09820466	-24.09353049	-26.31029982	-28.8211579	-31.77499038	-13.55515391	-13.30819417	-14.14709069	-15.58095061	-17.33429414	-19.27770277	-21.35371185	-23.57313136	-25.98281656	-28.67344112	-31.82643875	-10.47196667	-12.07886783	-14.15150302	-16.38571308	-18.68482917	-21.03794439	-23.48892956	-26.1089947	-29.02756981	-10.47420126	-13.31790657	-16.05789594	-18.70204358	-21.31489497	-23.99131346	-26.84821046	-13.55694622	-16.67018987	-19.56543221	-22.39238484	-25.28461112
	17850000	-31.37502132	-31.32816257	-31.77669606	-32.66909015	-34.0160261	-28.57744068	-28.22222673	-28.37897615	-28.95574492	-29.91546904	-31.25349052	-33.02448522	-26.39753255	-25.66239381	-25.53090846	-25.86963439	-26.58864043	-27.65831599	-29.05152481	-30.81455724	-33.02766969	-24.83886883	-23.54664992	-23.04713174	-23.13010767	-23.65316346	-24.5376078	-25.73487301	-27.23461121	-29.04691258	-31.25407046	-34.0092446	-21.94156023	-20.87209624	-20.60057695	-20.91255001	-21.65244448	-22.73611263	-24.0967548	-25.73371109	-27.65235247	-29.91262355	-32.66686346	-19.11327902	-18.2500487	-18.23986427	-18.82733651	-19.84127609	-21.16661142	-22.73541437	-24.53411607	-26.586147	-28.94895916	-31.77317223	-16.21748773	-15.60538636	-15.93776967	-16.88804215	-18.22884685	-19.84138954	-21.65154786	-23.64798102	-25.86391017	-28.37401613	-31.32618528	-13.10445854	-12.86078148	-13.69995931	-15.13435374	-16.88807358	-18.83126006	-20.907287	-23.12685842	-25.53622791	-28.2231907	-31.37650713	-10.02225829	-11.63069212	-13.70415665	-15.93956248	-18.23947447	-20.59106117	-23.04118851	-25.66118703	-28.57608912	-10.02492811	-12.86925145	-15.60955144	-18.25454139	-20.86649249	-23.54378443	-26.40023783	-13.10687609	-16.22034518	-19.11621345	-21.94521963	-24.83452223
	18700000	-30.94834008	-30.90091633	-31.35054285	-32.24324178	-33.58986713	-28.15001312	-27.7958313	-27.95494053	-28.53172976	-29.49216149	-30.83187418	-32.60317679	-25.9717278	-25.23806452	-25.1084366	-25.44772266	-26.16513107	-27.23266557	-28.62483499	-30.38878245	-32.60618302	-24.41078748	-23.12029465	-22.62060987	-22.70539498	-23.22929794	-24.11474546	-25.31174022	-26.81132202	-28.62372755	-30.82561745	-33.58429872	-21.51587123	-20.44553209	-20.17653387	-20.48865786	-21.23096349	-22.31396568	-23.67401794	-25.3108262	-27.2296156	-29.48709127	-32.24061965	-18.6871844	-17.82444998	-17.81524275	-18.40623821	-19.41980711	-20.74487605	-22.31378261	-24.11147829	-26.16140601	-28.52396502	-31.35301393	-15.79148535	-15.18093172	-15.51421874	-16.46504461	-17.80631248	-19.41923695	-21.2292146	-23.22477827	-25.44230939	-27.94962784	-30.90079448	-12.67759327	-12.43484194	-13.27551173	-14.71028718	-16.46439653	-18.40819945	-20.48351938	-22.70498769	-25.11059294	-27.79701046	-30.95209513	-9.596588341	-11.20521954	-13.27989073	-15.51530066	-17.81600855	-20.16970337	-22.61783504	-25.23732405	-28.14807915	-9.598476871	-12.44356952	-15.18422861	-17.83045576	-20.4431248	-23.11796333	-25.97417008	-12.67936862	-15.79336278	-18.68981894	-21.5167796	-24.41012848
	19550000	-30.54845359	-30.50111589	-30.94765141	-31.84141877	-33.18812817	-27.74914374	-27.39494436	-27.55452631	-28.13161729	-29.09208685	-30.428574	-32.20145288	-25.57225913	-24.83629464	-24.70748743	-25.04833017	-25.76471078	-26.83327409	-28.2286226	-29.9846409	-32.20564846	-24.01226129	-22.71953787	-22.22066647	-22.30438085	-22.82803515	-23.71515089	-24.91259862	-26.41088348	-28.22339313	-30.42409449	-33.1837498	-21.11489349	-20.04561444	-19.77567937	-20.0877875	-20.83159449	-21.91284452	-23.27410828	-24.90985191	-26.82794792	-29.0862489	-31.8406563	-18.28687905	-17.42496339	-17.41440306	-18.00462532	-19.01926921	-20.34361993	-21.91284611	-23.71238841	-25.76111657	-28.12361422	-30.94981455	-15.3905323	-14.77919862	-15.11392829	-16.06419529	-17.40679994	-19.01894273	-20.82982476	-22.8259244	-25.04218691	-27.54620511	-30.50111008	-12.27633551	-12.03445603	-12.87475924	-14.31032014	-16.06405023	-18.00807538	-20.08460865	-22.30362953	-24.7109991	-27.39720822	-30.55305918	-9.195326199	-10.80412016	-12.87840413	-15.11534214	-17.41599247	-19.77026366	-22.21713886	-24.83695383	-27.74912611	-9.197359455	-12.04236304	-14.78282673	-17.4291619	-20.04311873	-22.7196955	-25.57479827	-12.27867546	-15.39258717	-18.28972523	-21.11759386	-24.01132096
	20400000	-30.22771781	-30.18105632	-30.6292948	-31.52437523	-32.8713965	-27.42980894	-27.07731825	-27.23455139	-27.81061482	-28.771007	-30.10866335	-31.88038322	-25.25124198	-24.51605686	-24.3843749	-24.7248723	-25.44213289	-26.5103734	-27.90340898	-29.66664911	-31.88431865	-23.69309345	-22.3983679	-21.89791959	-21.97916522	-22.50436434	-23.39067534	-24.58846941	-26.08742429	-27.90247791	-30.10703543	-32.86837221	-20.79502555	-19.72170083	-19.45075973	-19.7624294	-20.50521197	-21.58939738	-22.95191311	-24.58847828	-26.50581652	-28.76619024	-31.52215394	-17.96573971	-17.10122555	-17.08933032	-17.67886062	-18.69311866	-20.01799717	-21.58838076	-23.38995182	-25.44052715	-27.80470054	-30.63044674	-15.06808239	-14.45445389	-14.78776048	-15.73745587	-17.08019304	-18.69223076	-20.50449043	-22.50197709	-24.71954397	-27.22918559	-30.18828297	-11.95416764	-11.71072156	-12.54885865	-13.9824209	-15.73670919	-17.6817637	-19.75840276	-21.98090599	-24.3888897	-27.07894837	-30.23536227	-8.873065995	-10.4790503	-12.55280823	-14.78887583	-17.09126901	-19.44578692	-21.89580041	-24.51711732	-27.43345394	-8.874282391	-11.71736556	-14.45886932	-17.10554633	-19.72168659	-22.39844966	-25.25568366	-11.95610509	-15.06996336	-17.96764747	-20.79747595	-23.69417435
	21250000	-30.00372385	-29.95528265	-30.40134	-31.29434124	-32.64190631	-27.20357286	-26.84766467	-27.00379209	-27.57837258	-28.53953007	-29.88224187	-31.65341714	-25.02581059	-24.28748463	-24.15435405	-24.49281766	-25.21219207	-26.27998097	-27.6751857	-29.43885134	-31.65703448	-23.46938377	-22.17179257	-21.67002679	-21.75146017	-22.27470844	-23.16011976	-24.35947322	-25.85762935	-27.67570605	-29.87950409	-32.64098012	-20.57165713	-19.49506439	-19.22143802	-19.53268033	-20.27508165	-21.3589062	-22.72534045	-24.35875687	-26.27620938	-28.53786942	-31.29528156	-17.74219544	-16.87591475	-16.8619869	-17.4510045	-18.46366535	-19.78668606	-21.35881324	-23.16094703	-25.2106676	-27.57908479	-30.4073115	-14.84490817	-14.22874883	-14.56173904	-15.5089174	-16.85156237	-18.46289086	-20.27446533	-22.27256872	-24.49028416	-26.99890437	-29.96083715	-11.73208339	-11.48711996	-12.32271865	-13.75571242	-15.50937014	-17.45322759	-19.53023515	-21.75172762	-24.16020723	-26.84977114	-30.01439839	-8.649999481	-10.25367881	-12.32582085	-14.56280773	-16.86489727	-19.22041164	-21.66988824	-24.29077905	-27.20724542	-8.650876344	-11.49303831	-14.23282148	-16.8790169	-19.49591302	-22.17307339	-25.03134013	-11.7351149	-14.84692009	-17.74351777	-20.57376337	-23.47312199
