BPM Serial No.	16elec																																																																																																
BPM Size	110																																																																																																
"Experi,menter"	Tajima      Toyama      Hanamura      Kawachi      																																																																																																
Meas. Start Time	2019/08/2917:38																																																																																																
Meas. Finish Time	2019/08/2918:26																																																																																																
Linear Scale Origin X(mm)	-99.334																																																																																																
Linear Scale Origin Y(mm)	88.445																																																																																																
note																																																																																																	
																																																																																																	
																																																																																																	
Data Point Number	1	2	3	4	5	6	7	8	9	10	11	12	13	14	15	16	17	18	19	20	21	22	23	24	25	26	27	28	29	30	31	32	33	34	35	36	37	38	39	40	41	42	43	44	45	46	47	48	49	50	51	52	53	54	55	56	57	58	59	60	61	62	63	64	65	66	67	68	69	70	71	72	73	74	75	76	77	78	79	80	81	82	83	84	85	86	87	88	89	90	91	92	93	94	95	96	97
R(beam)[mm]	20.001	10.004	0.003	-9.998	-19.999	30.003	20.004	10.004	0.003	-9.998	-19.999	-30	40.004	30.005	20.004	10.004	0.003	-9.998	-19.999	-30	-40.001	50.005	40.007	30.005	20.005	10.004	0.003	-9.998	-19.999	-30	-40.001	-50.002	50.005	40.007	30.005	20.004	10.004	0.003	-9.998	-19.999	-30	-40.001	-50.002	50.005	40.007	30.005	20.004	10.004	0.003	-9.998	-19.999	-30	-40.001	-50.002	50.005	40.007	30.005	20.005	10.004	0.003	-9.998	-19.999	-30	-40.001	-50.002	50.005	40.006	30.005	20.004	10.004	0.003	-9.998	-19.999	-30	-40.001	-50.002	40.004	30.005	20.004	10.004	0.003	-9.998	-19.999	-30	-40.001	30.003	20.004	10.004	0.003	-9.998	-19.999	-30	20.001	10.004	0.003	-9.998	-19.999
Y(beam)[mm]	-49.997	-49.997	-49.997	-49.997	-49.997	-40.001	-40.001	-40.001	-40.001	-40.001	-40.001	-40.001	-30.001	-30.001	-30.001	-30.001	-30.001	-30.001	-30.001	-30.001	-30.001	-20.002	-20.002	-20.001	-20.001	-20.002	-20.002	-20.002	-20.002	-20.002	-20.002	-20.002	-10.002	-10.002	-10.002	-10.002	-10.002	-10.002	-10.002	-10.002	-10.002	-10.002	-10.002	-0.002	-0.002	-0.002	-0.002	-0.002	-0.002	-0.002	-0.002	-0.002	-0.002	-0.002	9.997	9.997	9.997	9.997	9.997	9.997	9.997	9.997	9.997	9.997	9.997	19.998	19.998	19.998	19.998	19.998	19.998	19.998	19.998	19.998	19.998	19.998	29.997	29.997	29.997	29.997	29.997	29.997	29.997	29.997	29.997	39.997	39.997	39.997	39.997	39.997	39.997	39.997	49.997	49.997	49.997	49.997	49.997
S32-5.1MHz(dB)	-22.7233684	-25.8463253	-28.74083818	-31.55959153	-34.44618927	-19.66174951	-22.50820695	-25.2471504	-27.88796789	-30.47790747	-33.16314235	-36.00436287	-19.64042411	-21.24123335	-23.33784646	-25.55927986	-27.87537266	-30.23058337	-32.67283803	-35.28160081	-38.17000138	-22.68675468	-22.45206921	-23.32141042	-24.74544482	-26.49960448	-28.45921351	-30.53104753	-32.72922148	-35.13822962	-37.81161751	-40.9487347	-25.79845435	-25.20912577	-25.56087059	-26.51909738	-27.86531228	-29.46097947	-31.26667374	-33.27152578	-35.48761709	-37.98711331	-40.92147327	-28.68666134	-27.83770039	-27.84636028	-28.44791573	-29.46802792	-30.79250531	-32.36101616	-34.15062776	-36.20326092	-38.55242212	-41.36237747	-31.5046838	-30.4567948	-30.19321304	-30.49540096	-31.26577464	-32.35749082	-33.70358266	-35.33337665	-37.26378268	-39.49338149	-42.23653876	-34.37119948	-33.11149525	-32.63707255	-32.71043402	-33.26018531	-34.1534608	-35.35359446	-36.84709869	-38.65556281	-40.83067066	-43.56615671	-35.96356627	-35.25168099	-35.12871373	-35.46491189	-36.18763621	-37.2456209	-38.62660112	-40.40415595	-42.60957031	-38.14804059	-37.80598701	-37.97531477	-38.55101361	-39.49964207	-40.84465517	-42.59182376	-40.93914317	-40.9070049	-41.35598863	-42.22291474	-43.57350052
S42-5.1MHz(dB)	-43.74775512	-42.43822532	-41.5515985	-41.11167492	-41.15445326	-42.78925855	-41.03913913	-39.7137015	-38.75546323	-38.15362469	-38.0147752	-38.35898651	-42.79162484	-40.57705115	-38.84430977	-37.44250893	-36.39540334	-35.67504807	-35.33651393	-35.46637744	-36.17449647	-43.76604136	-41.01050234	-38.83646255	-37.01528867	-35.5221179	-34.34472128	-33.45324598	-32.91114682	-32.8345571	-33.32630254	-34.60069101	-42.42632324	-39.70077216	-37.45455463	-35.54585736	-33.91729456	-32.54203056	-31.45402547	-30.71598246	-30.4062929	-30.67174874	-31.72851171	-41.53478014	-38.72879772	-36.3804232	-34.34255203	-32.55173297	-30.98341452	-29.65722497	-28.63725293	-28.05114525	-28.04503875	-28.89140689	-41.08667013	-38.15601519	-35.6562153	-33.43362222	-31.4594288	-29.65843209	-28.02796541	-26.68188431	-25.75056215	-25.3875142	-25.99602204	-41.1004183	-37.98337598	-35.31782628	-32.90625333	-30.71180937	-28.64341257	-26.7092855	-24.9547674	-23.52248248	-22.65369314	-22.86335127	-38.34040951	-35.45218666	-32.84619038	-30.39873954	-28.04364771	-25.74297271	-23.49248763	-21.43919868	-19.82763986	-36.17118432	-33.3361835	-30.67218341	-28.06235199	-25.40795974	-22.67761774	-19.81155711	-34.60942745	-31.73117146	-28.91326758	-25.99942901	-22.89854689
S12-5.1MHz(dB)	-40.85494561	-40.84634899	-41.28267089	-42.17715826	-43.51912476	-38.09249857	-37.74199368	-37.90354562	-38.48347287	-39.41932192	-40.77105387	-42.53765116	-35.91622542	-35.16795905	-35.06333476	-35.38323017	-36.12568673	-37.19025013	-38.58590882	-40.33425874	-42.53087537	-34.34409054	-33.04410226	-32.57661705	-32.64227196	-33.16891871	-34.07919593	-35.26814701	-36.74513768	-38.5636026	-40.75708232	-43.50217513	-31.45671782	-30.4012311	-30.14345713	-30.45745798	-31.20445403	-32.27568129	-33.63701984	-35.27497297	-37.18481189	-39.43853421	-42.16689445	-28.63422248	-27.78009529	-27.78264595	-28.37780419	-29.39295841	-30.71812074	-32.28552064	-34.07144221	-36.12235496	-38.46387251	-41.26937261	-25.74479791	-25.1482409	-25.48124118	-26.41355631	-27.78019206	-29.39216174	-31.17434925	-33.16334227	-35.39867731	-37.87089158	-40.82606004	-22.60936392	-22.39761929	-23.24992156	-24.66378405	-26.43593845	-28.37911599	-30.45420018	-32.66628688	-35.06700715	-37.7189722	-40.84132719	-19.56787761	-21.1842678	-23.25737047	-25.48261927	-27.77510662	-30.12319064	-32.55179851	-35.18503548	-38.08610793	-19.57085366	-22.41440174	-25.15079723	-27.79372301	-30.39170959	-33.06891959	-35.88661832	-22.63674532	-25.75041921	-28.64185404	-31.43197818	-34.33782743
S52-5.1MHz(dB)	-34.39639814	-31.52385237	-28.71014785	-25.81718011	-22.70316527	-35.98276176	-33.1440623	-30.47733569	-27.86430897	-25.20110854	-22.48016402	-19.64018986	-38.15871808	-35.24011777	-32.64967357	-30.19413212	-27.85875139	-25.56513428	-23.33431584	-21.26510162	-19.65592235	-40.93744419	-37.78705072	-35.13180131	-32.71661461	-30.50369935	-28.45122937	-26.51096504	-24.74833285	-23.32949665	-22.49596053	-22.73678203	-40.90399887	-37.9699283	-35.4766292	-33.27430848	-31.27744715	-29.46154309	-27.85149451	-26.52175462	-25.58077627	-25.24840563	-25.85794615	-41.34092435	-38.53770018	-36.18735854	-34.15356443	-32.36004486	-30.79658121	-29.47564031	-28.45761215	-27.87675484	-27.88015276	-28.7328268	-42.22849004	-39.50227703	-37.24819834	-35.32953577	-33.72158324	-32.36368277	-31.26264434	-30.51622655	-30.22935875	-30.47798259	-31.54879408	-43.54971734	-40.82809562	-38.64401241	-36.82365377	-35.35105926	-34.16411299	-33.27993767	-32.75666095	-32.67970612	-33.15041818	-34.41816342	-42.59302427	-40.39949058	-38.65498077	-37.26038749	-36.19788673	-35.47690105	-35.12759142	-35.28126012	-36.01080893	-42.59969938	-40.84555027	-39.51817543	-38.56528533	-37.97729931	-37.82985697	-38.15795468	-43.58429889	-42.25238636	-41.36826923	-40.89692888	-40.96210853
S22-5.1MHz(dB)	-22.41566106	-22.42441491	-22.423355	-22.42470319	-22.42405743	-22.42414007	-22.42715559	-22.42761822	-22.42826386	-22.41950393	-22.42538233	-22.42537357	-22.42482661	-22.41955606	-22.4291103	-22.42110164	-22.42781774	-22.42937175	-22.42951326	-22.42788268	-22.42208667	-22.42287548	-22.41955871	-22.42811009	-22.42084476	-22.421641	-22.42963638	-22.42833325	-22.41946616	-22.422387	-22.42091172	-22.41835029	-22.42316049	-22.4277344	-22.43081188	-22.43094602	-22.43129381	-22.42971968	-22.42837729	-22.43124567	-22.42951481	-22.42706149	-22.42527853	-22.4254462	-22.42427026	-22.42976843	-22.43155261	-22.43377636	-22.43417072	-22.43332781	-22.42948918	-22.43098375	-22.42600285	-22.42292163	-22.42505095	-22.42858152	-22.42765726	-22.42557789	-22.43188617	-22.43319894	-22.42481874	-22.42419149	-22.4288895	-22.42141102	-22.4215056	-22.41619497	-22.42418682	-22.42836697	-22.4238926	-22.43101975	-22.43290543	-22.43333897	-22.43346374	-22.43031686	-22.4207605	-22.41441509	-22.42500914	-22.42908874	-22.43100579	-22.42977048	-22.42867334	-22.4263399	-22.42060734	-22.42587134	-22.4254007	-22.42542357	-22.42808626	-22.42745497	-22.42951145	-22.42610867	-22.42812409	-22.42027959	-22.42536477	-22.42605277	-22.42687827	-22.41935659	-22.41928074
S12-S52	-0.009999912	-0.017462713	-0.028058213	-0.043401887	-0.066587013	-0.003424519	-0.009050149	-0.017201993	-0.028529866	-0.044255691	-0.066010318	-0.096762958	0.003641234	0.000144302	-0.005655008	-0.013908582	-0.02484216	-0.038872484	-0.056353449	-0.076823522	-0.096568515	0.010200725	0.009372114	0.00599049	0.000198817	-0.007885071	-0.018023837	-0.030013234	-0.043341324	-0.056360995	-0.065859021	-0.066291015	0.017728605	0.017562322	0.014271509	0.008309154	0.000230368	-0.009311043	-0.019693122	-0.029968115	-0.038769025	-0.043980924	-0.043153018	0.028437959	0.028997942	0.025308778	0.018513251	0.009812967	0.000261801	-0.009284031	-0.017978416	-0.024752384	-0.02842927	-0.027949333	0.043876067	0.044692775	0.039475766	0.0306676	0.020228492	0.009826169	0.000279383	-0.007827964	-0.013813654	-0.017151817	-0.017365413	0.067405856	0.066787896	0.05709702	0.044038449	0.030586988	0.018531288	0.008334462	0.000240801	-0.005582017	-0.008999623	-0.009937985	0.097681765	0.077703768	0.057052807	0.039486576	0.025363014	0.014344696	0.006049258	0.000191786	-0.003364155	0.09765146	0.066659679	0.044695873	0.028971452	0.017606156	0.00937199	0.003694788	0.06719919	0.043863932	0.028432394	0.017797538	0.010240013
S12+S52	0.028125108	0.035605856	0.045312477	0.05896771	0.079924493	0.028336316	0.03498778	0.04266166	0.052345182	0.065638458	0.084311422	0.111695971	0.028363831	0.034740161	0.040962206	0.047939094	0.056084651	0.066511177	0.079889552	0.096068484	0.111513181	0.028154583	0.035175545	0.041020473	0.046458139	0.051797157	0.057566891	0.064497632	0.072433293	0.079957619	0.084189587	0.079654547	0.035751728	0.042828152	0.047938053	0.051691654	0.054825967	0.057979315	0.061301329	0.064425423	0.066425027	0.065316447	0.058737246	0.045576892	0.052665039	0.056330226	0.057719183	0.058010826	0.057965138	0.057897203	0.057556785	0.056006862	0.052298388	0.045230035	0.059350171	0.065872296	0.06693068	0.064909133	0.061433579	0.058003846	0.054968105	0.05176825	0.0477837	0.042707378	0.035550987	0.080696442	0.084969208	0.080476205	0.072868626	0.064743776	0.057689634	0.051688855	0.046287335	0.040874291	0.035006092	0.028091621	0.112519882	0.09680474	0.080402488	0.066902988	0.056346884	0.048010186	0.041096223	0.034624162	0.028294288	0.112478178	0.084804491	0.065836663	0.052563505	0.042850555	0.035048568	0.028419558	0.080436966	0.059295522	0.045517455	0.035835338	0.028142961
(S12-S52)/(S12+S52)	-0.355551066	-0.490444951	-0.619216041	-0.736028024	-0.833124004	-0.120852637	-0.258665986	-0.403219027	-0.545033269	-0.674234168	-0.782934458	-0.866306612	0.128375969	0.004153766	-0.138054281	-0.290130265	-0.442940434	-0.58445041	-0.705391979	-0.799674553	-0.86598296	0.362311345	0.266438338	0.146036581	0.004279481	-0.152229813	-0.313093814	-0.465338546	-0.59836192	-0.704885864	-0.782270387	-0.832231405	0.495881063	0.410064895	0.29770731	0.160744597	0.004201797	-0.160592495	-0.321251145	-0.465159769	-0.583650869	-0.67335145	-0.734678957	0.623955648	0.550610857	0.449293029	0.320746942	0.169157507	0.004516517	-0.160353704	-0.312359636	-0.441952702	-0.543597448	-0.617937473	0.739274493	0.678476042	0.589800767	0.472469714	0.329274195	0.169405467	0.00508263	-0.151211673	-0.289087164	-0.4016125	-0.488465022	0.835301464	0.7860247	0.709489465	0.604354047	0.472431319	0.32122387	0.161242914	0.005202303	-0.136565477	-0.257087348	-0.353770421	0.868128935	0.802685572	0.709590065	0.590206464	0.450122742	0.298784428	0.147197408	0.005539079	-0.118898726	0.868181382	0.786039487	0.678890309	0.551170478	0.41087347	0.267400086	0.130008633	0.835426704	0.739751173	0.62464815	0.496647708	0.363856971
S32-S42	0.066590065	0.043460872	0.028191835	0.017626676	0.010198122	0.096717749	0.06604616	0.044321478	0.02878697	0.017561307	0.009402792	0.003761425	0.096975306	0.077326645	0.056670703	0.039303586	0.025242424	0.01434124	0.00613951	0.000362361	-0.003188458	0.066912454	0.066502635	0.056789352	0.043806025	0.030571935	0.018584377	0.008498344	0.000478716	-0.005315681	-0.008696517	-0.009654122	0.043732444	0.044545879	0.039312534	0.030511569	0.020289337	0.010048098	0.000583223	-0.007422437	-0.013365655	-0.016661369	-0.016922934	0.028404348	0.028985548	0.025351406	0.018628735	0.010047151	0.000627514	-0.008799436	-0.017384922	-0.024094635	-0.027791313	-0.027379393	0.017768887	0.017637549	0.014438304	0.008572615	0.000602686	-0.008785083	-0.019037463	-0.029221441	-0.037876029	-0.043179821	-0.042411796	0.010307829	0.009488306	0.006198584	0.00051598	-0.007408083	-0.017365091	-0.029115288	-0.042151509	-0.054987564	-0.064586224	-0.065284417	0.003810141	0.000394208	-0.005265956	-0.013347904	-0.024100937	-0.037892435	-0.055179173	-0.0751852	-0.09459925	-0.00316313	-0.00866366	-0.016642767	-0.027710533	-0.043061015	-0.064398194	-0.094773151	-0.009625498	-0.016900006	-0.027282794	-0.042379999	-0.064999201
S32+S42	0.079581055	0.058565802	0.044920068	0.035223985	0.027708976	0.111224397	0.083791039	0.064991689	0.051868087	0.042298405	0.034538506	0.027920521	0.111478002	0.096041111	0.079516931	0.066151129	0.055529673	0.04724743	0.040353546	0.034068664	0.027878961	0.079876123	0.084306114	0.079656229	0.072007093	0.064062626	0.056936899	0.050996266	0.045713514	0.040319748	0.03442707	0.027584658	0.058858087	0.065246882	0.06612287	0.063910851	0.060576369	0.057246627	0.054080136	0.050818838	0.046989637	0.041877261	0.034909835	0.045165003	0.052137633	0.055690935	0.056990836	0.057192988	0.057102908	0.056991906	0.056604111	0.05505934	0.05141833	0.044476047	0.035416927	0.04236784	0.047415918	0.05116666	0.05406633	0.056997117	0.060328031	0.063447837	0.065281727	0.064381044	0.057871567	0.027927957	0.034715049	0.040486309	0.04577627	0.05086118	0.05657149	0.063262109	0.070903973	0.07833568	0.082762147	0.078549872	0.028020962	0.034155625	0.040308393	0.047059895	0.055121393	0.065355497	0.07860527	0.094275915	0.109409128	0.027916137	0.034410897	0.041892934	0.051341382	0.064246962	0.082544876	0.109613318	0.027575845	0.034916893	0.044392027	0.057864038	0.078253445
(S32-S42)/(S32+S42)	0.836757759	0.742086169	0.627600005	0.500416866	0.368043975	0.869573149	0.788224624	0.681956081	0.555003493	0.415176565	0.27224083	0.134719026	0.869905308	0.805141093	0.71268725	0.594148376	0.454575416	0.303534827	0.152143022	0.010636197	-0.114367901	0.837702829	0.788823392	0.712930453	0.608357078	0.477219517	0.326403038	0.166646392	0.010472082	-0.131838145	-0.252606935	-0.349981586	0.743015049	0.682728089	0.594537618	0.477408275	0.334938156	0.175522965	0.010784414	-0.146056809	-0.284438352	-0.397861966	-0.484761225	0.62890172	0.555942924	0.455216026	0.326872454	0.175671028	0.010989175	-0.154397995	-0.30713179	-0.43761213	-0.54049428	-0.615598615	0.50170605	0.416295677	0.304503305	0.167542987	0.011147168	-0.154132055	-0.31556579	-0.460558513	-0.580193434	-0.670691527	-0.732860683	0.369086374	0.273319663	0.153103201	0.011271788	-0.145652999	-0.306958349	-0.460232654	-0.59448727	-0.701947866	-0.780383627	-0.8311206	0.135974658	0.011541522	-0.13064167	-0.28363651	-0.437233808	-0.579789566	-0.701978034	-0.797501673	-0.864637638	-0.113308311	-0.251770813	-0.397269071	-0.539730961	-0.670242036	-0.780159797	-0.864613462	-0.34905543	-0.484006588	-0.614587688	-0.732406522	-0.830624144
Net Ana Temperature[℃]	22.25835108	22.26593352	22.27595689	22.27866528	22.28866788	22.26393664	22.27467151	22.30384316	22.2984939	22.29502727	22.25863152	22.26219943	22.27406907	22.25106726	22.23943132	22.23725266	22.25088548	22.25323033	22.25075565	22.23250065	22.23689951	22.24421189	22.26520644	22.25242015	22.25216567	22.25191898	22.22836925	22.23561153	22.25870164	22.26265386	22.27425344	22.27991431	22.27315762	22.28441963	22.27735913	22.28256816	22.29665022	22.29645287	22.29482991	22.27728123	22.24069852	22.24079979	22.2713529	22.24709945	22.23667619	22.27102051	22.2934095	22.31487666	22.31566606	22.31034017	22.31727084	22.31506881	22.33775643	22.31866788	22.27012984	22.26476759	22.2914308	22.2964295	22.31296287	22.30546092	22.29467411	22.30237081	22.29938198	22.27518826	22.26686835	22.27535705	22.29646585	22.29095819	22.29918463	22.30943132	22.27413399	22.27638795	22.28748896	22.31673332	22.33430538	22.31837964	22.3505557	22.35327967	22.33689431	22.27803687	22.25690989	22.27064139	22.27849649	22.28469488	22.30822643	22.27839263	22.24117112	22.215718	22.23343028	22.26315243	22.2949234	22.29299662	22.31024929	22.32534147	22.35441963	22.35509218	22.3301558
BPM Temperature[℃]	20.45910153	20.43206959	20.40327188	20.376188	20.37120229	20.37273435	20.41191898	20.43978187	20.44089847	20.398416	20.40223319	20.40854324	20.37743443	20.37920021	20.3477798	20.32542197	20.33152428	20.33134251	20.3307972	20.36136069	20.36548948	20.33251104	20.32087769	20.31160737	20.33199169	20.33630226	20.31838484	20.31695663	20.36258115	20.36668398	20.36154246	20.38418593	20.40786809	20.38818489	20.34832511	20.36021813	20.36250325	20.3521423	20.36941054	20.34970138	20.32721371	20.32020254	20.33957414	20.31529473	20.33897689	20.34146975	20.34591015	20.35294729	20.36922877	20.39101532	20.3914308	20.38517268	20.37172163	20.37847312	20.35595949	20.3915087	20.42087769	20.39828616	20.38335497	20.39239159	20.42279927	20.42152688	20.41264607	20.38548429	20.40747858	20.42864191	20.39631265	20.40594651	20.40470008	20.40184368	20.40314204	20.42129317	20.45788107	20.45767333	20.4635679	20.4549208	20.40392106	20.39467671	20.40399896	20.38392625	20.3534926	20.34910413	20.3183329	20.31635939	20.35193456	20.41251623	20.39997403	20.37894053	20.36219164	20.36941054	20.37437029	20.37574656	20.3521423	20.36452869	20.41399636	20.41472345	20.42168268
