BPM Serial No.	16elec																																																																																																																																																																																																																																																																																																																																																																																				
BPM Size	110																																																																																																																																																																																																																																																																																																																																																																																				
"Experi,menter"	Tajima      Hanamura      Kawachi      																																																																																																																																																																																																																																																																																																																																																																																				
Meas. Start Time	2019/08/2615:30																																																																																																																																																																																																																																																																																																																																																																																				
Meas. Finish Time	2019/08/2619:02																																																																																																																																																																																																																																																																																																																																																																																				
Linear Scale Origin X(mm)	-99.673																																																																																																																																																																																																																																																																																																																																																																																				
Linear Scale Origin Y(mm)	88.51																																																																																																																																																																																																																																																																																																																																																																																				
note																																																																																																																																																																																																																																																																																																																																																																																					
																																																																																																																																																																																																																																																																																																																																																																																					
																																																																																																																																																																																																																																																																																																																																																																																					
Data Point Number	1	2	3	4	5	6	7	8	9	10	11	12	13	14	15	16	17	18	19	20	21	22	23	24	25	26	27	28	29	30	31	32	33	34	35	36	37	38	39	40	41	42	43	44	45	46	47	48	49	50	51	52	53	54	55	56	57	58	59	60	61	62	63	64	65	66	67	68	69	70	71	72	73	74	75	76	77	78	79	80	81	82	83	84	85	86	87	88	89	90	91	92	93	94	95	96	97	98	99	100	101	102	103	104	105	106	107	108	109	110	111	112	113	114	115	116	117	118	119	120	121	122	123	124	125	126	127	128	129	130	131	132	133	134	135	136	137	138	139	140	141	142	143	144	145	146	147	148	149	150	151	152	153	154	155	156	157	158	159	160	161	162	163	164	165	166	167	168	169	170	171	172	173	174	175	176	177	178	179	180	181	182	183	184	185	186	187	188	189	190	191	192	193	194	195	196	197	198	199	200	201	202	203	204	205	206	207	208	209	210	211	212	213	214	215	216	217	218	219	220	221	222	223	224	225	226	227	228	229	230	231	232	233	234	235	236	237	238	239	240	241	242	243	244	245	246	247	248	249	250	251	252	253	254	255	256	257	258	259	260	261	262	263	264	265	266	267	268	269	270	271	272	273	274	275	276	277	278	279	280	281	282	283	284	285	286	287	288	289	290	291	292	293	294	295	296	297	298	299	300	301	302	303	304	305	306	307	308	309	310	311	312	313	314	315	316	317	318	319	320	321	322	323	324	325	326	327	328	329	330	331	332	333	334	335	336	337	338	339	340	341	342	343	344	345	346	347	348	349	350	351	352	353	354	355	356	357	358	359	360	361	362	363	364	365	366	367	368	369	370	371	372	373
R(beam)[mm]	20.002	15.005	10.005	5.004	0.004	-4.997	-9.997	-14.997	-19.998	30.003	25.006	20.005	15.005	10.005	5.004	0.004	-4.997	-9.997	-14.998	-19.998	-24.999	-29.999	35.004	30.006	25.006	20.005	15.005	10.005	5.004	0.003	-4.997	-9.997	-14.998	-19.998	-24.999	-29.999	-35	40.005	35.007	30.006	25.005	20.005	15.005	10.005	5.004	0.003	-4.997	-9.997	-14.997	-19.998	-24.998	-29.999	-35	-40	45.005	40.007	35.007	30.006	25.005	20.005	15.005	10.005	5.004	0.003	-4.997	-9.997	-14.998	-19.998	-24.999	-29.999	-35	-40	-45.001	45.005	40.008	35.007	30.006	25.006	20.005	15.005	10.005	5.004	0.004	-4.997	-9.997	-14.998	-19.998	-24.999	-29.999	-35	-40	-45.001	50.005	45.008	40.007	35.007	30.006	25.006	20.005	15.005	10.005	5.004	0.004	-4.997	-9.997	-14.998	-19.998	-24.999	-29.999	-35	-40	-45.001	-50.002	50.005	45.008	40.007	35.007	30.006	25.005	20.005	15.005	10.005	5.004	0.003	-4.997	-9.997	-14.998	-19.998	-24.999	-29.999	-35	-40	-45.001	-50.002	50.005	45.008	40.007	35.007	30.006	25.006	20.005	15.005	10.005	5.004	0.004	-4.997	-9.997	-14.998	-19.998	-24.999	-29.999	-35	-40	-45.001	-50.002	50.005	45.008	40.007	35.007	30.006	25.006	20.005	15.005	10.005	5.004	0.004	-4.997	-9.997	-14.998	-19.998	-24.998	-29.999	-35	-40	-45.001	-50.002	50.005	45.008	40.007	35.007	30.006	25.005	20.005	15.005	10.005	5.004	0.004	-4.997	-9.997	-14.998	-19.998	-24.999	-29.999	-35	-40	-45.001	-50.002	50.005	45.008	40.007	35.007	30.006	25.005	20.005	15.005	10.005	5.004	0.004	-4.997	-9.997	-14.998	-19.998	-24.999	-29.999	-35	-40	-45.001	-50.001	50.005	45.008	40.007	35.007	30.006	25.005	20.005	15.005	10.005	5.004	0.003	-4.997	-9.997	-14.998	-19.998	-24.999	-29.999	-35	-40	-45.001	-50.002	50.005	45.008	40.007	35.007	30.006	25.006	20.005	15.005	10.005	5.004	0.004	-4.997	-9.997	-14.997	-19.998	-24.999	-29.999	-35	-40	-45.001	-50.001	50.005	45.008	40.007	35.007	30.006	25.006	20.005	15.005	10.005	5.004	0.004	-4.997	-9.997	-14.998	-19.998	-24.999	-29.999	-35	-40	-45.001	-50.002	45.005	40.007	35.007	30.006	25.006	20.005	15.005	10.005	5.004	0.004	-4.997	-9.997	-14.998	-19.998	-24.999	-29.999	-35	-40	-45.001	45.005	40.007	35.007	30.006	25.006	20.005	15.005	10.005	5.004	0.004	-4.997	-9.997	-14.997	-19.998	-24.999	-29.999	-35	-40	-45.001	40.005	35.007	30.006	25.006	20.005	15.005	10.005	5.004	0.004	-4.997	-9.997	-14.997	-19.998	-24.999	-29.999	-35	-40	35.004	30.006	25.006	20.005	15.005	10.005	5.004	0.003	-4.997	-9.997	-14.997	-19.998	-24.999	-29.999	-35	30.003	25.006	20.005	15.005	10.005	5.004	0.004	-4.997	-9.997	-14.997	-19.998	-24.999	-29.999	20.002	15.005	10.005	5.004	0.004	-4.997	-9.997	-14.997	-19.998
Y(beam)[mm]	-49.997	-49.997	-49.998	-49.998	-49.998	-49.998	-49.998	-49.998	-49.998	-45.001	-45	-45.001	-45.001	-45.001	-45.001	-45.001	-45.001	-45.001	-45.001	-45.001	-45.001	-45.001	-40.001	-40.001	-40.001	-40.001	-40.001	-40.001	-40.001	-40.001	-40.001	-40.001	-40.001	-40.001	-40.001	-40.001	-40.001	-35.001	-35.001	-35.001	-35.001	-35.001	-35.001	-35.001	-35.001	-35.001	-35.001	-35.001	-35.001	-35.001	-35.001	-35.001	-35.001	-35.001	-30.001	-30.001	-30.001	-30.001	-30.001	-30.001	-30.001	-30.001	-30.001	-30.001	-30.001	-30.001	-30.001	-30.001	-30.001	-30.001	-30.001	-30.001	-30.001	-25.002	-25.002	-25.002	-25.002	-25.002	-25.002	-25.002	-25.002	-25.002	-25.002	-25.002	-25.002	-25.002	-25.002	-25.002	-25.002	-25.002	-25.002	-25.002	-20.002	-20.002	-20.002	-20.002	-20.002	-20.002	-20.002	-20.002	-20.002	-20.002	-20.002	-20.002	-20.002	-20.002	-20.002	-20.002	-20.002	-20.002	-20.002	-20.002	-20.002	-15.003	-15.003	-15.003	-15.003	-15.003	-15.003	-15.003	-15.003	-15.003	-15.003	-15.003	-15.003	-15.003	-15.003	-15.003	-15.003	-15.003	-15.003	-15.003	-15.003	-15.003	-10.003	-10.003	-10.003	-10.003	-10.003	-10.003	-10.003	-10.003	-10.003	-10.003	-10.003	-10.003	-10.003	-10.003	-10.003	-10.003	-10.003	-10.003	-10.003	-10.003	-10.003	-5.003	-5.003	-5.003	-5.003	-5.003	-5.003	-5.003	-5.003	-5.003	-5.003	-5.003	-5.003	-5.003	-5.003	-5.003	-5.003	-5.003	-5.003	-5.003	-5.003	-5.003	-0.003	-0.003	-0.003	-0.003	-0.003	-0.003	-0.003	-0.003	-0.003	-0.003	-0.003	-0.003	-0.003	-0.003	-0.003	-0.003	-0.003	-0.003	-0.003	-0.003	-0.003	4.997	4.997	4.997	4.997	4.997	4.997	4.997	4.997	4.997	4.997	4.997	4.997	4.997	4.997	4.997	4.997	4.997	4.997	4.997	4.997	4.997	9.997	9.997	9.997	9.997	9.997	9.997	9.997	9.997	9.997	9.997	9.997	9.997	9.997	9.997	9.997	9.997	9.997	9.997	9.997	9.997	9.997	14.997	14.997	14.997	14.997	14.997	14.997	14.997	14.997	14.997	14.997	14.997	14.997	14.997	14.997	14.997	14.997	14.997	14.997	14.997	14.997	14.997	19.997	19.997	19.997	19.997	19.997	19.997	19.997	19.997	19.997	19.997	19.997	19.997	19.997	19.997	19.997	19.997	19.997	19.997	19.997	19.997	19.997	24.996	24.996	24.996	24.996	24.996	24.996	24.996	24.996	24.996	24.996	24.996	24.996	24.996	24.996	24.996	24.996	24.996	24.996	24.996	29.996	29.996	29.996	29.996	29.996	29.996	29.996	29.996	29.996	29.996	29.996	29.996	29.996	29.996	29.996	29.996	29.996	29.996	29.996	34.996	34.996	34.996	34.996	34.996	34.996	34.996	34.996	34.996	34.996	34.996	34.996	34.996	34.996	34.996	34.996	34.996	39.996	39.996	39.996	39.996	39.996	39.996	39.996	39.996	39.996	39.996	39.996	39.996	39.996	39.996	39.996	44.996	44.996	44.996	44.996	44.996	44.996	44.996	44.996	44.996	44.996	44.996	44.996	44.996	49.997	49.997	49.997	49.997	49.997	49.997	49.997	49.997	49.997
S32-5.1MHz(dB)	-47.20947343	-47.69280895	-48.27168077	-48.92648058	-49.63257949	-50.43283144	-51.30701308	-52.25227101	-53.2995668	-44.74647439	-45.14258173	-45.63886602	-46.26518585	-46.84981505	-47.57136364	-48.36391033	-49.18263847	-50.08788897	-51.04031103	-52.07632875	-53.17487118	-54.36536393	-42.73721785	-43.19617485	-43.6800412	-44.29846569	-44.990549	-45.65683209	-46.44695185	-47.26237789	-48.1194681	-49.01651054	-49.97517652	-51.02802453	-52.11692592	-53.30278378	-54.60984107	-40.73110666	-41.19667945	-41.74733619	-42.39012965	-43.09985039	-43.83094857	-44.62062395	-45.43947962	-46.33458251	-47.20808635	-48.17604716	-49.13371823	-50.17999325	-51.23175913	-52.39299252	-53.66155103	-55.06130333	-38.59045131	-39.1948795	-39.86418109	-40.52191216	-41.27583792	-42.03154245	-42.92436041	-43.74142667	-44.59646701	-45.47989696	-46.40067574	-47.36422286	-48.3552397	-49.4430836	-50.4892694	-51.64287276	-52.89521148	-54.23978951	-55.71467953	-37.07312293	-37.78109775	-38.63281034	-39.43522046	-40.33031045	-41.18747286	-42.05515456	-42.97216989	-43.92393843	-44.81086477	-45.80409676	-46.75483582	-47.75514971	-48.80361383	-49.90996719	-51.05324374	-52.28339577	-53.60515819	-55.04770434	-34.86328646	-35.702597	-36.5971129	-37.54815674	-38.50344507	-39.46472168	-40.42125581	-41.36887201	-42.32827757	-43.28467371	-44.24516677	-45.23403369	-46.24105464	-47.25054149	-48.30241569	-49.39605941	-50.55813129	-51.77972086	-53.10144108	-54.52632737	-56.06098868	-33.44091054	-34.54819862	-35.65425143	-36.73928865	-37.80376295	-38.87590808	-39.84903263	-40.93351845	-41.87951821	-42.84741396	-43.83155868	-44.85748042	-45.86869488	-46.89178833	-47.93927593	-49.06371477	-50.19191732	-51.41571333	-52.69431982	-54.09271103	-55.6435043	-32.43870115	-33.71519462	-34.97069225	-36.1428435	-37.27539146	-38.38981935	-39.43244324	-40.47652772	-41.51077101	-42.53272411	-43.51929643	-44.53631824	-45.56587486	-46.60910937	-47.67065878	-48.78133916	-49.93099888	-51.15277302	-52.44440305	-53.81857451	-55.31806865	-31.75006765	-33.1974033	-34.52081127	-35.7769637	-36.95612088	-38.08546063	-39.17624255	-40.24282986	-41.2930959	-42.31673625	-43.3452462	-44.36075017	-45.3984913	-46.45032853	-47.51778247	-48.62427989	-49.77818019	-50.98335846	-52.26826997	-53.65074142	-55.17771431	-31.52607054	-33.00792544	-34.37267474	-35.67860567	-36.84971304	-37.99532188	-39.12425328	-40.16378354	-41.21411794	-42.24947085	-43.27613245	-44.30482468	-45.33491403	-46.38800155	-47.46395031	-48.57817694	-49.72564285	-50.92728609	-52.20037379	-53.58851479	-55.09196774	-31.74233416	-33.19198111	-34.56767753	-35.79647244	-36.98415156	-38.07657757	-39.17942097	-40.27272415	-41.29309371	-42.30843983	-43.33119733	-44.354722	-45.39328104	-46.43658853	-47.51400069	-48.63032041	-49.77355655	-50.98320607	-52.27251604	-53.63553989	-55.16215914	-32.36036901	-33.69812545	-34.99192424	-36.12155319	-37.30565091	-38.36816172	-39.43254298	-40.46682806	-41.48542775	-42.52963741	-43.51944415	-44.52617984	-45.55953465	-46.59033463	-47.67322067	-48.77353649	-49.93006403	-51.1357678	-52.42465091	-53.82290632	-55.3374525	-33.39803725	-34.52031492	-35.63795297	-36.70780145	-37.76851175	-38.80656778	-39.82601451	-40.83302629	-41.83004633	-42.83725971	-43.86007576	-44.82133013	-45.83374845	-46.88410265	-47.92417216	-49.02871281	-50.18232593	-51.40081551	-52.69316247	-54.08984811	-55.63599646	-34.6947094	-35.60038276	-36.55043513	-37.51192594	-38.47706641	-39.43873735	-40.39360192	-41.35089267	-42.30372075	-43.26533524	-44.23929561	-45.21643164	-46.21496996	-47.24740353	-48.30182013	-49.39143226	-50.55769905	-51.77728882	-53.08105201	-54.48820289	-56.07774494	-36.94398646	-37.70380451	-38.5173271	-39.36631608	-40.23685001	-41.1138979	-42.02809114	-42.93039571	-43.84818195	-44.78645423	-45.73830047	-46.72733821	-47.73762505	-48.76843647	-49.87096177	-51.0307725	-52.24895053	-53.59291571	-55.0074089	-38.49934917	-39.06381063	-39.70859482	-40.42986066	-41.19311241	-41.9956471	-42.82124275	-43.67381399	-44.5582865	-45.46080081	-46.38109231	-47.33885129	-48.34491213	-49.37780216	-50.48220459	-51.6479617	-52.88775626	-54.25701332	-55.73181312	-40.6152388	-41.08229443	-41.66766319	-42.31154954	-43.02346842	-43.77448408	-44.5768403	-45.39494273	-46.2650285	-47.16630403	-48.10622602	-49.06571383	-50.11559841	-51.21369836	-52.3837048	-53.6481297	-55.02842551	-42.66004074	-43.075641	-43.60604608	-44.20664569	-44.88440123	-45.60601049	-46.38564667	-47.21349268	-48.07207423	-48.99186784	-49.96737125	-51.00019987	-52.0914031	-53.28655577	-54.58349381	-44.67529748	-45.07203995	-45.59339932	-46.16332676	-46.81207657	-47.53064892	-48.31314155	-49.1416277	-50.04508105	-50.99812327	-52.0447042	-53.1392943	-54.36485601	-47.1340957	-47.62826695	-48.20333103	-48.84851185	-49.58135634	-50.39829334	-51.27488877	-52.22323308	-53.25091079
S42-5.1MHz(dB)	-53.43877556	-52.38021685	-51.43895371	-50.57031365	-49.75792624	-49.02959544	-48.37808945	-47.80862295	-47.33724413	-54.51813518	-53.30040995	-52.18788175	-51.19060394	-50.19181496	-49.29917083	-48.48310395	-47.69979746	-46.98380275	-46.35253416	-45.76044035	-45.22959236	-44.82874399	-54.73843626	-53.47039139	-52.24692859	-51.17447369	-50.15334473	-49.15063793	-48.25252753	-47.38858683	-46.55155321	-45.76685713	-45.04786037	-44.40513569	-43.76573546	-43.22989976	-42.8511696	-55.20021006	-53.82239022	-52.55190485	-51.38865828	-50.29102938	-49.24120569	-48.27034197	-47.32241029	-46.4482073	-45.57307011	-44.7981408	-43.97749536	-43.24721633	-42.47847203	-41.82654365	-41.25444379	-40.77889314	-55.89933066	-54.39205602	-53.06666561	-51.82188303	-50.65936317	-49.53344527	-48.54467223	-47.52784663	-46.56462369	-45.62229272	-44.70443712	-43.84026416	-42.98246852	-42.20737882	-41.36515525	-40.59211015	-39.88921806	-39.26237196	-38.73300903	-55.21222171	-53.72869799	-52.44318699	-51.19584057	-50.06387699	-48.97497533	-47.88911225	-46.89665181	-45.94347962	-44.94023341	-44.04702398	-43.10411962	-42.17763837	-41.29180738	-40.41275819	-39.55437351	-38.70791031	-37.92333424	-37.17840397	-56.23369064	-54.65932324	-53.23118105	-51.9249609	-50.69918831	-49.5591524	-48.44452168	-47.38527757	-46.36990734	-45.36670882	-44.38174654	-43.42584915	-42.47650276	-41.50983078	-40.56127695	-39.59222729	-38.63261841	-37.69446509	-36.73987425	-35.83392962	-34.91198039	-55.81555549	-54.24141032	-52.8328178	-51.55716851	-50.33496812	-49.20859701	-48.09165175	-47.09500225	-46.02268401	-44.98452929	-43.97274207	-43.00805365	-42.02703195	-41.0040519	-39.99157059	-38.99055635	-37.92766417	-36.87245679	-35.78634782	-34.68171317	-33.581138	-55.4933143	-53.97599232	-52.57048637	-51.29018767	-50.07983389	-48.93698015	-47.82172681	-46.75756317	-45.7148592	-44.70215784	-43.6708114	-42.65259769	-41.63891649	-40.61437961	-39.57336822	-38.50668593	-37.41646975	-36.28713287	-35.11320509	-33.88448285	-32.53489134	-55.30642916	-53.78533875	-52.41024505	-51.14820841	-49.91926209	-48.7755896	-47.661088	-46.59174967	-45.5455762	-44.51998784	-43.47824904	-42.45364811	-41.43457513	-40.39617016	-39.32592789	-38.22791998	-37.10940267	-35.92338529	-34.67723638	-33.34576988	-31.90000266	-55.25275897	-53.74983331	-52.35386891	-51.09990926	-49.86937046	-48.72397874	-47.64540835	-46.53300995	-45.48493435	-44.45899072	-43.42291391	-42.39806473	-41.35611216	-40.309591	-39.23838407	-38.14938252	-37.00336117	-35.80040569	-34.53687484	-33.18358259	-31.71065457	-55.28974425	-53.80335675	-52.42012818	-51.15306187	-49.935178	-48.7724027	-47.67147656	-46.61941602	-45.55711386	-44.50783515	-43.48113956	-42.46516534	-41.43010752	-40.39145192	-39.32718033	-38.23458559	-37.10919576	-35.94642964	-34.68767172	-33.34863147	-31.92953755	-55.49941914	-53.98270181	-52.59068659	-51.28775126	-50.10279262	-48.93224141	-47.83044949	-46.75627768	-45.7000429	-44.7121996	-43.67736649	-42.65705144	-41.63892132	-40.61075863	-39.57615715	-38.50844487	-37.43323383	-36.29264749	-35.11781956	-33.86334055	-32.57526912	-55.79343812	-54.25101265	-52.84473981	-51.56576253	-50.33028269	-49.18394263	-48.08874642	-47.01747917	-45.97541083	-44.98801699	-44.00500003	-42.97926533	-41.99035059	-41.01457745	-39.98846092	-38.97024991	-37.94245852	-36.88647816	-35.8009995	-34.69262656	-33.56599908	-56.22008787	-54.64288717	-53.22470871	-51.91870869	-50.70415909	-49.54359187	-48.45420279	-47.3982252	-46.3744741	-45.36571166	-44.39264623	-43.42292306	-42.46327664	-41.51223239	-40.55656637	-39.60197005	-38.6695986	-37.68840563	-36.73585299	-35.81254336	-34.88866914	-55.17955808	-53.74685498	-52.42645371	-51.18214222	-50.04237368	-48.92241446	-47.89567918	-46.86513803	-45.89344146	-44.93138933	-43.99948354	-43.08798823	-42.18074429	-41.2770516	-40.39980486	-39.54010803	-38.68945738	-37.89173592	-37.13919948	-55.88330743	-54.3650301	-53.03459111	-51.77628747	-50.63143019	-49.53166636	-48.48111953	-47.49729674	-46.54714302	-45.60532316	-44.70590836	-43.83396368	-42.98470317	-42.15792468	-41.3649923	-40.60956641	-39.89982505	-39.27696001	-38.69379521	-55.19263061	-53.80936358	-52.54415129	-51.35774354	-50.26668417	-49.24373974	-48.24969321	-47.32047186	-46.41936047	-45.55842538	-44.73821726	-43.93365217	-43.19026878	-42.48154472	-41.83428143	-41.26258574	-40.78031377	-54.73133618	-53.44496758	-52.24287965	-51.14572015	-50.1095192	-49.13082149	-48.22568787	-47.36431228	-46.53781696	-45.76736388	-45.04337184	-44.3763597	-43.771664	-43.24065486	-42.81999021	-54.52580461	-53.28858045	-52.16456344	-51.14078764	-50.18928826	-49.2948309	-48.46712383	-47.68803544	-46.97209312	-46.32643733	-45.7374103	-45.23969479	-44.83374202	-53.43057373	-52.38077462	-51.41314633	-50.5490076	-49.74235616	-49.02067092	-48.37092142	-47.78142031	-47.28677213
S12-5.1MHz(dB)	-56.194578	-55.73911123	-55.43220943	-55.2650099	-55.1493018	-55.20331158	-55.42995774	-55.72110351	-56.18451048	-55.78427495	-55.13289667	-54.59891787	-54.21144897	-53.88374859	-53.69887431	-53.67502416	-53.72096332	-53.87430652	-54.21937667	-54.56492681	-55.07988058	-55.77233922	-55.15400512	-54.34384912	-53.66656513	-53.19716227	-52.83690104	-52.51803342	-52.36139308	-52.28556718	-52.31570464	-52.47682467	-52.7443373	-53.18060006	-53.64345926	-54.27574365	-55.11606543	-54.69281839	-53.7776059	-52.99820884	-52.37211465	-51.8737331	-51.48857817	-51.21205438	-51.06377931	-51.0191711	-51.04549532	-51.25812904	-51.49245864	-51.87757484	-52.32720034	-52.92354376	-53.68846815	-54.63251675	-54.46705174	-53.41621	-52.5440572	-51.75570232	-51.15185153	-50.61176695	-50.31708118	-50.02279565	-49.84677569	-49.78054498	-49.82813599	-49.97218275	-50.2330137	-50.67798551	-51.09099113	-51.70402853	-52.44861432	-53.38296631	-54.46632391	-53.27437302	-52.18475764	-51.33309169	-50.56650944	-49.9962727	-49.50726227	-49.09023013	-48.86561652	-48.73213091	-48.62874324	-48.72016602	-48.85332861	-49.08373409	-49.45782842	-49.94992863	-50.54889401	-51.26485812	-52.20053932	-53.22446258	-53.40096277	-52.12815041	-51.05899638	-50.18399978	-49.44732853	-48.83828183	-48.36310396	-47.97928893	-47.72914012	-47.56138396	-47.50245516	-47.57874759	-47.73190139	-47.97255861	-48.34899877	-48.81955693	-49.4307525	-50.17527979	-51.0424671	-52.12867407	-53.36124041	-52.31353788	-51.06747709	-50.02763928	-49.15282377	-48.41879555	-47.83974605	-47.30201797	-47.01776035	-46.69870585	-46.51393462	-46.45199516	-46.53483698	-46.69841277	-46.93962373	-47.3066055	-47.80606549	-48.39459093	-49.12192588	-50.01613199	-51.05155132	-52.30606203	-51.36319581	-50.11730776	-49.08663275	-48.1707322	-47.41381794	-46.80330748	-46.27484553	-45.89762413	-45.62752552	-45.46575502	-45.3953086	-45.44452391	-45.60849273	-45.87795069	-46.27028485	-46.77071783	-47.38966873	-48.14233477	-49.04288268	-50.10292477	-51.31298869	-50.46752307	-49.22054866	-48.14752701	-47.23712476	-46.44520155	-45.8064023	-45.2806461	-44.87788685	-44.59338576	-44.41489567	-44.35006	-44.40212491	-44.58127685	-44.86470309	-45.26428658	-45.78811157	-46.43360907	-47.21119702	-48.12068708	-49.18241217	-50.44168154	-49.67706981	-48.39105547	-47.28386908	-46.37283465	-45.52874076	-44.86117922	-44.3343586	-43.87052775	-43.56555846	-43.38711838	-43.31531086	-43.38632276	-43.55111998	-43.86951508	-44.27785413	-44.83465495	-45.50331694	-46.30986226	-47.24669274	-48.36818739	-49.63882907	-48.94165814	-47.61331362	-46.52719694	-45.50576314	-44.66705812	-43.91373107	-43.34160419	-42.92500503	-42.5733821	-42.36073122	-42.29814964	-42.36458504	-42.5488974	-42.87042818	-43.3212932	-43.89009551	-44.60116175	-45.45533171	-46.4407393	-47.56744787	-48.91443083	-48.29043717	-46.92070749	-45.74229235	-44.65562476	-43.7973431	-43.01103407	-42.3874439	-41.89069507	-41.55035911	-41.373484	-41.26514201	-41.32262101	-41.53555348	-41.86799513	-42.35799887	-42.96124929	-43.73724227	-44.61388169	-45.66923661	-46.8549817	-48.264267	-47.73476664	-46.26081673	-44.97675057	-43.85966991	-42.89395711	-42.08913565	-41.42223686	-40.89477359	-40.51513757	-40.29863637	-40.2610284	-40.28491809	-40.5041846	-40.90703296	-41.40135573	-42.05134259	-42.8783047	-43.82928464	-44.92993446	-46.19697426	-47.67442588	-47.22798944	-45.66328738	-44.29699196	-43.10159082	-42.07369659	-41.18709403	-40.45517517	-39.89561134	-39.47486076	-39.22266035	-39.13827619	-39.21771853	-39.46498511	-39.87037132	-40.44112586	-41.16238947	-42.0573005	-43.06568507	-44.26340952	-45.63344463	-47.17656668	-45.15190366	-43.68549381	-42.39571751	-41.27480986	-40.31305059	-39.50876772	-38.88829729	-38.4189026	-38.13392793	-38.0326991	-38.12713695	-38.40840865	-38.86438905	-39.47870568	-40.28218201	-41.24386458	-42.35920165	-43.64913054	-45.12385256	-44.75809191	-43.16585751	-41.74835111	-40.5122175	-39.44385957	-38.55083283	-37.83823562	-37.317254	-37.00624373	-36.89421297	-36.99286719	-37.30144973	-37.81769803	-38.5258297	-39.41144296	-40.48629789	-41.72578021	-43.15164086	-44.70435054	-42.74556587	-41.17157337	-39.80015743	-38.60265358	-37.58783239	-36.77959561	-36.18286308	-35.81608902	-35.69328542	-35.81174586	-36.17669937	-36.75713589	-37.56455934	-38.56210157	-39.75214502	-41.12253596	-42.67647184	-40.71876451	-39.15420738	-37.79394672	-36.63758222	-35.69877366	-34.99678275	-34.56734643	-34.41996098	-34.5598874	-34.97839671	-35.66786834	-36.60042006	-37.75138393	-39.10629017	-40.65634869	-38.60621642	-37.04463799	-35.71752166	-34.59133244	-33.75712931	-33.23883598	-33.05635925	-33.23794055	-33.73176205	-34.56181473	-35.6563525	-36.99991587	-38.55518308	-34.79046291	-33.45792505	-32.44080256	-31.79797032	-31.57066073	-31.78450823	-32.40911994	-33.43396284	-34.74224973
S52-5.1MHz(dB)	-34.90074957	-33.5678326	-32.55728939	-31.94153141	-31.68423893	-31.90121924	-32.55626617	-33.57782005	-34.93473942	-38.69038479	-37.13947771	-35.78522553	-34.75049922	-33.83787068	-33.31967749	-33.1719814	-33.34099865	-33.85897982	-34.71632073	-35.80711219	-37.11488094	-38.66909824	-40.81045191	-39.30099022	-37.89393956	-36.75314987	-35.85694206	-35.09065881	-34.69925503	-34.54007123	-34.67508445	-35.07727959	-35.77879764	-36.75971421	-37.86531471	-39.21896137	-40.82514527	-42.87102851	-41.30526894	-39.90767359	-38.70286306	-37.70914259	-36.87226315	-36.28960007	-35.91612979	-35.83926754	-35.93023768	-36.35854869	-36.90730557	-37.74933612	-38.68171751	-39.872158	-41.25537741	-42.81387297	-44.84370972	-43.31252329	-41.93242213	-40.6331745	-39.56690996	-38.62935418	-37.99624817	-37.4392008	-37.11107467	-36.98453743	-37.08068461	-37.39716507	-37.91456115	-38.69633121	-39.5268288	-40.58514701	-41.83813364	-43.27279634	-44.89122748	-45.29143702	-43.77791923	-42.54699485	-41.37867964	-40.45746975	-39.62919183	-38.96872449	-38.53032309	-38.28990918	-38.13015853	-38.27527678	-38.52944663	-38.96155164	-39.60106563	-40.40736808	-41.37399872	-42.49274677	-43.81219715	-45.29159414	-47.38604675	-45.76709258	-44.36219009	-43.17208898	-42.13644361	-41.26450774	-40.53801303	-39.96730738	-39.55821029	-39.3093685	-39.22100275	-39.31822687	-39.57205035	-39.97316615	-40.54605918	-41.26242613	-42.13730854	-43.19871294	-44.38399236	-45.78960036	-47.32369406	-47.79131474	-46.30577249	-45.03213386	-43.93308389	-42.98539343	-42.21148474	-41.49839102	-41.07278926	-40.6471804	-40.38874945	-40.30268156	-40.41938778	-40.64761237	-40.99894435	-41.50156386	-42.18397355	-42.96752477	-43.93160987	-45.03584516	-46.32108861	-47.81893414	-48.39496477	-46.96420791	-45.77565959	-44.71816827	-43.82621057	-43.09539735	-42.452033	-41.9757959	-41.63811662	-41.44299571	-41.34479452	-41.41863772	-41.62857	-41.97091768	-42.44992142	-43.06781232	-43.8214441	-44.72568788	-45.77812137	-46.99274368	-48.35881156	-49.01379868	-47.68857475	-46.52758317	-45.55412386	-44.69984045	-43.98926254	-43.40796199	-42.96029615	-42.64663048	-42.4519873	-42.37791288	-42.44490657	-42.64287409	-42.96753768	-43.40667338	-43.99440227	-44.70830531	-45.55003274	-46.53429501	-47.68109914	-49.00826657	-49.73634014	-48.46180622	-47.35134518	-46.43823166	-45.60316238	-44.93875898	-44.40504676	-43.95336712	-43.64870208	-43.46876727	-43.40792951	-43.47051671	-43.64700026	-43.95112282	-44.37277186	-44.93291145	-45.59983118	-46.40435625	-47.35900627	-48.46988652	-49.75825801	-50.55120593	-49.30372496	-48.27150879	-47.34048484	-46.5593445	-45.87923839	-45.36571448	-44.99573056	-44.68188341	-44.49639126	-44.4369893	-44.49835469	-44.66361179	-44.95593251	-45.35727881	-45.87969958	-46.53638559	-47.32222236	-48.22717089	-49.28559265	-50.56028126	-51.42155771	-50.19699653	-49.18525768	-48.24967214	-47.53613028	-46.87920905	-46.36947461	-45.9771882	-45.70203944	-45.56492876	-45.47929449	-45.52923547	-45.68977868	-45.96434177	-46.35609791	-46.86228555	-47.50367	-48.24186729	-49.14861829	-50.19126972	-51.43684379	-52.39017647	-51.16081801	-50.10356235	-49.22787991	-48.47986229	-47.87721185	-47.37567874	-47.0039046	-46.73057864	-46.59298518	-46.56718851	-46.58093933	-46.74544851	-47.02427833	-47.37820377	-47.8762487	-48.48712247	-49.22688862	-50.09424573	-51.12549868	-52.3663699	-53.4122037	-52.18516357	-51.12094461	-50.26076964	-49.53015038	-48.92424399	-48.43549853	-48.06744411	-47.80362737	-47.64433072	-47.59129726	-47.64772348	-47.79756439	-48.06721933	-48.44202793	-48.92571308	-49.54961118	-50.25855483	-51.13083471	-52.17998308	-53.41190176	-53.29182998	-52.2416604	-51.36027501	-50.61784171	-50.02123065	-49.53515783	-49.17172748	-48.91405832	-48.75295382	-48.69794138	-48.75315632	-48.92797654	-49.17464395	-49.52796176	-50.02058591	-50.62073909	-51.34121421	-52.23607992	-53.27266736	-54.49723296	-53.4381074	-52.52411187	-51.77874333	-51.16999558	-50.68851576	-50.32269561	-50.05631198	-49.90840574	-49.87154558	-49.89578217	-50.06330807	-50.31764776	-50.69475344	-51.1741566	-51.7835932	-52.54363723	-53.46007123	-54.50567332	-54.73018062	-53.77200702	-53.02801992	-52.39513409	-51.91320068	-51.52543239	-51.263442	-51.11987011	-51.05953825	-51.1203162	-51.2778386	-51.54389023	-51.91092623	-52.39468534	-53.02507486	-53.78652104	-54.70836606	-55.18666824	-54.36814109	-53.73352525	-53.22253872	-52.83745512	-52.53695557	-52.39965351	-52.3387234	-52.39794155	-52.55626703	-52.84094464	-53.23730421	-53.74246749	-54.37134506	-55.19222608	-55.8481793	-55.17818647	-54.65247234	-54.23961911	-53.93470879	-53.78428205	-53.723054	-53.79329942	-53.94844081	-54.23810548	-54.6296778	-55.18250116	-55.86432832	-56.21559542	-55.76585053	-55.47047571	-55.29296261	-55.2230507	-55.30462263	-55.46392264	-55.77509187	-56.19052845
S22-5.1MHz(dB)	-36.60851467	-36.61805744	-36.63005571	-36.63537674	-36.62018181	-36.62389444	-36.62013692	-36.64594951	-36.63801346	-36.60775235	-36.63060042	-36.63623656	-36.66122907	-36.68818527	-36.6656267	-36.66747679	-36.69572648	-36.66355196	-36.65549291	-36.64313485	-36.62315619	-36.60916026	-36.62622983	-36.65296357	-36.6893326	-36.68074609	-36.72668357	-36.69540672	-36.69904182	-36.70350466	-36.69794763	-36.69025396	-36.68599468	-36.67882724	-36.68803684	-36.63590515	-36.62468914	-36.63712382	-36.66392442	-36.67979025	-36.69030968	-36.70404071	-36.7049551	-36.74850853	-36.72216335	-36.7544932	-36.71361721	-36.72544133	-36.71092894	-36.7065385	-36.71477863	-36.66863426	-36.64720259	-36.62287915	-36.63602502	-36.66799156	-36.69773755	-36.71294535	-36.72406109	-36.73326805	-36.74264752	-36.74468592	-36.74309167	-36.7393494	-36.76935721	-36.72978031	-36.7263124	-36.72983645	-36.70941287	-36.69728052	-36.66819921	-36.64849717	-36.62537557	-36.68980932	-36.67453998	-36.7283562	-36.71260859	-36.75916846	-36.73860637	-36.73814957	-36.74514943	-36.75761256	-36.74014716	-36.78254392	-36.74152134	-36.72929517	-36.72337429	-36.71111721	-36.69710306	-36.70743958	-36.65852278	-36.63347092	-36.66862992	-36.65693435	-36.67951188	-36.69805979	-36.71648317	-36.72776852	-36.73867956	-36.78068566	-36.74883703	-36.75135341	-36.78680288	-36.75471031	-36.75400659	-36.78097117	-36.77147335	-36.75998383	-36.71933433	-36.69844342	-36.68228747	-36.65872418	-36.63242639	-36.65148089	-36.68077975	-36.70392423	-36.72018513	-36.77083696	-36.79258965	-36.76255401	-36.77813301	-36.78239291	-36.81137155	-36.7804693	-36.81812994	-36.78622639	-36.76759018	-36.76699949	-36.75886152	-36.76412589	-36.71714045	-36.69666528	-36.67646723	-36.64969383	-36.69725307	-36.69123906	-36.71336187	-36.73582304	-36.75100889	-36.77167042	-36.76872119	-36.77728225	-36.79009927	-36.79323905	-36.7812187	-36.78441257	-36.7867492	-36.7744068	-36.7720164	-36.7573108	-36.74182546	-36.72066894	-36.70805954	-36.68535229	-36.65520817	-36.65493421	-36.69073455	-36.74554254	-36.73722899	-36.74835798	-36.75739864	-36.76633487	-36.77669436	-36.7802007	-36.78675536	-36.78426393	-36.78322541	-36.77545406	-36.77200199	-36.76139486	-36.75189774	-36.73492461	-36.72150824	-36.70329616	-36.67843531	-36.64408325	-36.65752148	-36.68581458	-36.70811504	-36.73057459	-36.74049891	-36.78181931	-36.76655572	-36.7640565	-36.77019961	-36.77184978	-36.77243724	-36.77570424	-36.80461551	-36.76570165	-36.76256058	-36.75919504	-36.72881346	-36.70890506	-36.72299673	-36.67191451	-36.67301157	-36.67481547	-36.68077483	-36.704545	-36.72032163	-36.73430868	-36.74556379	-36.75208565	-36.75982425	-36.76007433	-36.7622488	-36.76592278	-36.77011994	-36.76435588	-36.75983691	-36.75245296	-36.73752061	-36.72773804	-36.7138162	-36.6932957	-36.66778647	-36.63731894	-36.64418163	-36.67872757	-36.73648909	-36.71288794	-36.73931537	-36.74150941	-36.74850572	-36.75824874	-36.76347557	-36.7644103	-36.7903302	-36.79685212	-36.75503985	-36.78547416	-36.74777403	-36.74126608	-36.72555447	-36.73786427	-36.6795628	-36.65542253	-36.62557201	-36.62844287	-36.65634417	-36.67384959	-36.69097672	-36.70609614	-36.71895366	-36.72783442	-36.73191214	-36.73505111	-36.74208547	-36.74603567	-36.73899112	-36.77081041	-36.76878405	-36.75047994	-36.74766378	-36.70246363	-36.6819518	-36.65698192	-36.64298618	-36.60892345	-36.6115274	-36.63570199	-36.69376447	-36.68645819	-36.69918137	-36.71553771	-36.74959385	-36.7313912	-36.73863459	-36.74089238	-36.742289	-36.73713818	-36.738902	-36.73476077	-36.72849987	-36.74581979	-36.70730827	-36.68858901	-36.67287415	-36.65012708	-36.64148024	-36.64044255	-36.65949484	-36.68026611	-36.70017567	-36.74523973	-36.75117522	-36.73376179	-36.7432498	-36.74467479	-36.74458121	-36.73585204	-36.72788193	-36.72596707	-36.71285921	-36.70735228	-36.68860849	-36.70459048	-36.65229523	-36.62348879	-36.60522149	-36.62947684	-36.65190672	-36.67065693	-36.68770375	-36.72670158	-36.70453607	-36.71258572	-36.70989382	-36.7070946	-36.70838007	-36.7062826	-36.69633671	-36.69396945	-36.67790099	-36.6680387	-36.64146687	-36.61471374	-36.6001622	-36.64021351	-36.63284216	-36.65757756	-36.669424	-36.68024048	-36.68998994	-36.70071723	-36.70674913	-36.69555041	-36.7261299	-36.69989009	-36.69393335	-36.68590105	-36.67191752	-36.65298206	-36.63454667	-36.6401287	-36.65508917	-36.64331809	-36.65887862	-36.67739837	-36.68885627	-36.7172925	-36.69548479	-36.69586453	-36.69670434	-36.69675655	-36.68603865	-36.6733269	-36.66097471	-36.67583521	-36.62064239	-36.62656614	-36.64665066	-36.66749384	-36.67164925	-36.68171991	-36.69042421	-36.68675338	-36.6873631	-36.70918901	-36.67584148	-36.66999047	-36.65016129	-36.63131024	-36.64465613	-36.65532382	-36.66355887	-36.67051248	-36.66780108	-36.66692083	-36.6646856	-36.65147093	-36.64236977
S12-S52	-0.016437373	-0.019337261	-0.021865886	-0.023563678	-0.024300846	-0.023669022	-0.021868222	-0.019309772	-0.016365325	-0.010002601	-0.012149084	-0.014383392	-0.016353733	-0.018306407	-0.019512597	-0.019876975	-0.019464941	-0.018254863	-0.016427665	-0.014335205	-0.012177781	-0.010028897	-0.007362113	-0.008920215	-0.010670574	-0.012344096	-0.013830972	-0.015231696	-0.01599978	-0.016319146	-0.016038372	-0.01524757	-0.013952142	-0.012328941	-0.010707119	-0.009007957	-0.007339069	-0.005343066	-0.006557707	-0.007867679	-0.009204112	-0.01046929	-0.011670416	-0.012578809	-0.013204945	-0.013332778	-0.013173079	-0.012472158	-0.01161389	-0.010410316	-0.009219936	-0.007889758	-0.00658616	-0.005377669	-0.003834707	-0.004695287	-0.005645948	-0.006713429	-0.007741715	-0.008762123	-0.009545774	-0.010274896	-0.010727334	-0.010907351	-0.010769299	-0.010321611	-0.009635128	-0.008694562	-0.007770857	-0.006749562	-0.005707253	-0.004718411	-0.003803311	-0.003268753	-0.004013956	-0.004746131	-0.005569688	-0.006323313	-0.007089297	-0.007749192	-0.008240148	-0.008516736	-0.008698932	-0.008532221	-0.008236241	-0.007755868	-0.007104044	-0.006361268	-0.005568273	-0.004771467	-0.003992926	-0.003256154	-0.002134928	-0.002672983	-0.003252578	-0.003844583	-0.004449451	-0.005030378	-0.005581305	-0.006047134	-0.006414614	-0.006640316	-0.006722528	-0.006637641	-0.006399167	-0.006037272	-0.005566397	-0.005024649	-0.004442234	-0.003820232	-0.003232074	-0.002659809	-0.002155912	-0.001655047	-0.002041934	-0.002450417	-0.002872118	-0.003297697	-0.00369701	-0.004101322	-0.004380421	-0.004657488	-0.004838376	-0.004899792	-0.00481606	-0.004656871	-0.004415599	-0.004100526	-0.003705848	-0.003301714	-0.002860773	-0.002443844	-0.002028277	-0.001640015	-0.001101135	-0.001365424	-0.001630085	-0.001905286	-0.002178074	-0.002432988	-0.002684703	-0.002894154	-0.003049747	-0.003139536	-0.00319243	-0.003150277	-0.003047378	-0.002887129	-0.002683986	-0.002438085	-0.00216975	-0.001887476	-0.001610889	-0.001345542	-0.001101332	-0.000545936	-0.000667224	-0.000802485	-0.000929326	-0.001059681	-0.001192543	-0.001310014	-0.001408863	-0.001480489	-0.001525237	-0.00154475	-0.001522536	-0.001475458	-0.001394273	-0.001300751	-0.001178003	-0.001047652	-0.000918817	-0.000786729	-0.000655556	-0.000539264	2.23197E-05	3.08742E-05	3.34546E-05	3.60137E-05	4.51428E-05	5.08086E-05	4.92094E-05	6.07892E-05	6.31917E-05	6.33491E-05	7.24111E-05	6.53202E-05	7.29397E-05	5.98967E-05	6.64155E-05	6.44704E-05	5.86409E-05	5.23283E-05	5.578E-05	4.44174E-05	4.50165E-05	0.000604212	0.000736101	0.000858167	0.001010199	0.001143855	0.001290513	0.001414878	0.001514669	0.001602669	0.001661052	0.00167526	0.001659018	0.001611376	0.001533841	0.001425574	0.001308147	0.001175915	0.001032051	0.000885604	0.000750978	0.000618526	0.001165291	0.001416436	0.001689542	0.001982581	0.002259057	0.002541082	0.002793598	0.003018821	0.003178528	0.003268096	0.003323045	0.003296538	0.003185472	0.003032433	0.002811992	0.00257289	0.002288178	0.002007289	0.001718467	0.001448637	0.00118163	0.001702966	0.002096934	0.002513688	0.002956083	0.00339932	0.003824434	0.004211862	0.004556309	0.004816609	0.004980895	0.005008897	0.004989671	0.004836382	0.004554046	0.004233539	0.00385827	0.003415394	0.002978159	0.002540807	0.002121541	0.001724988	0.002216154	0.002751069	0.003318069	0.003928388	0.004538124	0.005143372	0.005703067	0.006170628	0.006551137	0.006788742	0.006870105	0.006796585	0.006560379	0.006199978	0.005721273	0.005168821	0.004560477	0.00395659	0.003344853	0.002767534	0.002241916	0.003361169	0.004099259	0.004885644	0.00568979	0.006491447	0.007245727	0.007886738	0.008413094	0.008746129	0.008868256	0.00875591	0.008433334	0.007919232	0.007279649	0.006525555	0.005721591	0.004911678	0.004125135	0.003374263	0.003897981	0.004816955	0.005811983	0.006850645	0.007897464	0.008894383	0.009778962	0.010476909	0.010919424	0.011089071	0.010936531	0.010504241	0.009807553	0.008930542	0.00793865	0.006880258	0.005838568	0.004833708	0.003935698	0.005455515	0.006689858	0.008001234	0.00934521	0.010663933	0.011835447	0.012784569	0.013408333	0.013619455	0.013416572	0.012800113	0.011878591	0.010698687	0.00940005	0.008057196	0.00674275	0.005509123	0.007465335	0.009110279	0.010834053	0.012545132	0.014127204	0.015428076	0.016292077	0.016595052	0.016307662	0.015471016	0.014186606	0.012611983	0.010899496	0.009171961	0.007532838	0.010127731	0.012310799	0.014521964	0.016698491	0.018508085	0.01973458	0.020182515	0.019738948	0.018571273	0.016761604	0.014632811	0.012384207	0.010199911	0.016670962	0.019609318	0.022191386	0.023990664	0.02465848	0.024032849	0.022277364	0.01966972	0.016767893
S12+S52	0.019536941	0.022603699	0.025249801	0.027013364	0.027796794	0.027143299	0.025253015	0.02258299	0.019468488	0.013252099	0.01565164	0.01810803	0.020248285	0.022350699	0.023643893	0.02401963	0.023585744	0.022303555	0.020318664	0.018074448	0.015701781	0.013282864	0.010856168	0.012755852	0.014817265	0.016721049	0.018393284	0.019964607	0.020818818	0.021180437	0.020882825	0.020002989	0.018563334	0.016714247	0.014864856	0.012873787	0.010848419	0.009027655	0.010651725	0.012346044	0.014017205	0.015566627	0.016998868	0.018079627	0.018800473	0.018957116	0.018780397	0.017943874	0.016939963	0.015505399	0.014057982	0.012406786	0.010722408	0.009087927	0.007616322	0.008963239	0.0103647	0.011880505	0.013280792	0.01465655	0.015643613	0.016582874	0.017164448	0.017393736	0.017220242	0.016666454	0.015792272	0.014544224	0.013348882	0.011947469	0.010478142	0.009002729	0.007585244	0.00760697	0.008931997	0.010170827	0.011494908	0.012650583	0.013783007	0.014772124	0.015447059	0.015835259	0.016105088	0.015860832	0.015453355	0.014784054	0.013835958	0.012722388	0.011505522	0.010238946	0.008902039	0.007619372	0.006410379	0.007623179	0.008851187	0.01003657	0.011189508	0.012260005	0.013217461	0.014028285	0.014628959	0.015014853	0.015154074	0.014995454	0.014610902	0.01402461	0.013214963	0.012269878	0.011195166	0.010018438	0.008841348	0.007609707	0.006450959	0.006500709	0.00763508	0.008754879	0.009844622	0.010885049	0.011807418	0.012729699	0.013295845	0.013906487	0.014286232	0.014415262	0.014241207	0.013906181	0.013411586	0.012724347	0.011847766	0.010910239	0.009858125	0.008756664	0.007631688	0.006489849	0.006507062	0.007605137	0.008655927	0.009712452	0.010696103	0.011571271	0.012396235	0.013036742	0.013512687	0.013799169	0.013938868	0.013835997	0.01353327	0.013052716	0.012400618	0.01161072	0.010711494	0.009720208	0.008672208	0.007595596	0.006538598	0.006539068	0.007585575	0.008630536	0.009622407	0.010582597	0.011442213	0.012199257	0.012814923	0.013266334	0.01355578	0.01366543	0.01357078	0.013277744	0.012817659	0.012210523	0.011449279	0.010583286	0.009637887	0.008639006	0.007604349	0.006550253	0.0065418	0.007580748	0.00861297	0.009566574	0.010537471	0.011377213	0.012093401	0.012747868	0.013203177	0.013478379	0.013581732	0.013477648	0.0132155	0.012750254	0.012155444	0.011398502	0.010554994	0.00962013	0.008627731	0.007587271	0.006548067	0.006539881	0.007588517	0.008575274	0.009600448	0.010542447	0.011454593	0.012197994	0.012767025	0.013269041	0.013579245	0.01367524	0.013574518	0.013302315	0.012837873	0.012219168	0.011471687	0.010599383	0.009640381	0.008642205	0.007617714	0.006547997	0.006535017	0.007599164	0.00863606	0.009719114	0.010657978	0.011599858	0.012399901	0.013068926	0.013552092	0.013806711	0.013966075	0.013878549	0.013573691	0.013097413	0.0124331	0.011649334	0.010718545	0.009750777	0.008694348	0.007635443	0.006541914	0.006506061	0.007630296	0.008763283	0.009868596	0.010933516	0.011899934	0.012767375	0.013485966	0.014031731	0.014343156	0.014399004	0.014364924	0.014035741	0.013462782	0.012786565	0.011934665	0.010943294	0.009891462	0.00879711	0.007677449	0.006541265	0.006486075	0.00766888	0.008876891	0.010065888	0.011214219	0.012301802	0.013275842	0.014071186	0.014695341	0.015083686	0.01521585	0.01508829	0.01471027	0.014100741	0.013288358	0.012326041	0.01122163	0.010095656	0.008897349	0.007688278	0.006511985	0.007690677	0.008985186	0.01029339	0.011580097	0.012800562	0.013917974	0.014844084	0.015579923	0.016047129	0.016215643	0.016056739	0.015588688	0.014874243	0.013957426	0.012835138	0.011609933	0.010331303	0.009014202	0.007713333	0.00766648	0.009074161	0.010541582	0.012004033	0.013424982	0.014736957	0.01587286	0.016760594	0.017311026	0.017507855	0.017337429	0.016782867	0.015904994	0.014768921	0.013463522	0.012030769	0.010557548	0.009080162	0.007700536	0.009124289	0.010786516	0.012464255	0.014145564	0.015738161	0.017141339	0.018252939	0.018967843	0.019217715	0.018975796	0.018259427	0.017173219	0.015774244	0.014200652	0.012521732	0.010832568	0.009187123	0.010946275	0.012935204	0.0149489	0.016909316	0.018689224	0.020150688	0.021089935	0.021426684	0.021106465	0.02018314	0.018746794	0.016968754	0.015010109	0.012995476	0.011011552	0.013353409	0.01579514	0.018223708	0.020580433	0.022528719	0.023825452	0.024302326	0.023825575	0.022585555	0.020644223	0.018344282	0.015866818	0.013419597	0.019763038	0.022865716	0.025560427	0.027429266	0.028124871	0.027466838	0.025648947	0.022922655	0.019868905
(S12-S52)/(S12+S52)	-0.841348369	-0.855490992	-0.865982485	-0.872297078	-0.874231986	-0.872002412	-0.8659648	-0.855058288	-0.840605895	-0.754793733	-0.776217923	-0.794310135	-0.807660141	-0.819052973	-0.825270074	-0.827530431	-0.825284171	-0.818473269	-0.808501221	-0.79311995	-0.775566831	-0.755025251	-0.678150247	-0.699303715	-0.720144607	-0.738236942	-0.751957741	-0.762934938	-0.768524902	-0.770482015	-0.768017346	-0.762264596	-0.751596813	-0.73763061	-0.72029751	-0.699713029	-0.676510449	-0.591855351	-0.615647461	-0.637263118	-0.656629611	-0.672547106	-0.686540751	-0.695744937	-0.702373047	-0.703312554	-0.701427055	-0.695064962	-0.685591256	-0.671399429	-0.655850606	-0.635922776	-0.614242599	-0.591737673	-0.503485322	-0.523838225	-0.544728547	-0.565079396	-0.582925683	-0.597829807	-0.610202647	-0.619608854	-0.624974009	-0.627084992	-0.625386041	-0.619304574	-0.610116632	-0.597801749	-0.582135438	-0.564936504	-0.544681812	-0.524108969	-0.501409208	-0.429704932	-0.449390693	-0.466641584	-0.484535203	-0.499843603	-0.514350553	-0.524582096	-0.533444436	-0.53783369	-0.540135654	-0.537942817	-0.532974304	-0.524610334	-0.513447913	-0.500005848	-0.483965234	-0.466011585	-0.448540582	-0.427352078	-0.333042465	-0.350638805	-0.36747362	-0.383057493	-0.397644894	-0.410307972	-0.422267556	-0.431067221	-0.43848734	-0.442249819	-0.4436119	-0.442643577	-0.43797207	-0.430477011	-0.421219228	-0.409510887	-0.396799325	-0.381320117	-0.365563498	-0.349528397	-0.334200176	-0.254594899	-0.267441092	-0.279891557	-0.291744846	-0.302956574	-0.313109118	-0.322185307	-0.329457916	-0.334914808	-0.338674028	-0.339903081	-0.33817777	-0.334877752	-0.329237663	-0.322258287	-0.312788762	-0.302625286	-0.290194473	-0.279083936	-0.265770495	-0.252704634	-0.169221509	-0.179539702	-0.188320107	-0.196169448	-0.20363249	-0.210261059	-0.216574084	-0.221999784	-0.225695103	-0.227516324	-0.229030763	-0.227686997	-0.225176787	-0.221189924	-0.216439711	-0.209985689	-0.202562753	-0.194180657	-0.185753001	-0.177147682	-0.16843556	-0.083488308	-0.087959604	-0.092982101	-0.096579344	-0.100134355	-0.104223121	-0.107384715	-0.109939222	-0.111597471	-0.112515642	-0.113040703	-0.112192232	-0.111122624	-0.10877751	-0.106527088	-0.10288882	-0.098991207	-0.095333902	-0.091067062	-0.086208007	-0.08232724	0.003411861	0.004072718	0.003884217	0.003764537	0.004284027	0.00446582	0.004069115	0.004768581	0.004786095	0.004700053	0.005331508	0.004846555	0.005519257	0.004697685	0.005463849	0.005656038	0.005555749	0.005439458	0.006465196	0.005854206	0.006874774	0.092388797	0.097001927	0.10007456	0.105224119	0.108499965	0.112663353	0.115992714	0.118639169	0.120782554	0.122322837	0.122503128	0.122215644	0.121134975	0.119477846	0.116667061	0.114032652	0.110941887	0.107055051	0.102474298	0.098583124	0.094460304	0.178314977	0.186393614	0.195638113	0.203987807	0.211959269	0.219061464	0.225291976	0.230992309	0.23454147	0.236703412	0.237936953	0.237527553	0.234679902	0.231529187	0.226169812	0.220861587	0.213478389	0.205859407	0.197653343	0.189725281	0.180624525	0.26175068	0.274816822	0.286843184	0.299544389	0.310908263	0.321382824	0.329892537	0.33785562	0.343265525	0.34726633	0.347864108	0.34735099	0.344576183	0.338269337	0.331092737	0.323282648	0.312099234	0.301083838	0.288822988	0.276334054	0.263708587	0.341678796	0.358731573	0.373787306	0.390267417	0.404675921	0.418099048	0.429582299	0.438529323	0.445796893	0.450071802	0.451509757	0.450454311	0.445972733	0.439691659	0.430547805	0.419341564	0.406400546	0.39191019	0.375938132	0.359967921	0.344275379	0.437044654	0.456224165	0.474638991	0.491342195	0.507122023	0.520602139	0.531305107	0.539995838	0.545027684	0.546895107	0.545310612	0.540990587	0.53241246	0.521561008	0.508413271	0.492818605	0.475417051	0.457626205	0.437458492	0.508444736	0.530843035	0.551338717	0.570695293	0.588266221	0.603542727	0.616080629	0.625091758	0.630778573	0.633376932	0.630804671	0.625890752	0.616633552	0.604684772	0.589641443	0.57188844	0.553023112	0.532337199	0.511094021	0.597911254	0.620205678	0.641934347	0.660645957	0.677584451	0.69046224	0.70041153	0.706898154	0.708692726	0.707036054	0.701013957	0.69169273	0.678237718	0.661944939	0.643457041	0.622451697	0.599657059	0.681997731	0.704301141	0.724739124	0.741906527	0.755901023	0.765635222	0.77250488	0.774503991	0.772638247	0.766531701	0.756748377	0.743247416	0.726143682	0.705781108	0.684085067	0.758437853	0.779404224	0.796872078	0.811377052	0.821532945	0.828298243	0.830476675	0.828477291	0.822263271	0.811927115	0.797676941	0.780509814	0.760075774	0.843542453	0.857586009	0.868193111	0.874637489	0.876750001	0.874976917	0.868548869	0.858090821	0.843926334
S32-S42	0.002231961	0.001720086	0.001178986	0.000616981	4.7265E-05	-0.000527507	-0.001090993	-0.001629779	-0.002133901	0.003910249	0.00336924	0.002766508	0.002103959	0.001451533	0.000754455	5.20315E-05	-0.000646765	-0.001344732	-0.002007195	-0.002662116	-0.003282618	-0.003822314	0.005464268	0.004800651	0.004104848	0.003334111	0.002522596	0.001726719	0.000893503	6.25181E-05	-0.000776823	-0.001606825	-0.002421185	-0.00321273	-0.004003764	-0.00473251	-0.005341829	0.007454975	0.006676485	0.005820493	0.004899349	0.003940463	0.00298262	0.002015399	0.001041892	6.26747E-05	-0.000903275	-0.001854436	-0.002832013	-0.003783382	-0.004773375	-0.005702734	-0.006580671	-0.007376525	0.01015853	0.009064044	0.007935992	0.006852895	0.005702814	0.004577708	0.003402283	0.002296762	0.001194392	8.65233E-05	-0.001032131	-0.00214328	-0.003272225	-0.004384204	-0.005556521	-0.006723707	-0.007862466	-0.008945395	-0.009932612	0.012271602	0.010851994	0.009317743	0.007916284	0.006487749	0.005163835	0.003860782	0.002581876	0.001320477	8.49652E-05	-0.001149311	-0.00240039	-0.003687589	-0.004988792	-0.006340682	-0.007725276	-0.00917266	-0.010612809	-0.012069667	0.016522084	0.014551581	0.012616079	0.010727804	0.00896261	0.007308727	0.005744128	0.004268906	0.002845761	0.001460254	9.56982E-05	-0.001266821	-0.002644563	-0.004064602	-0.005529393	-0.007090681	-0.008739468	-0.010463571	-0.012342074	-0.014276924	-0.016390111	0.019660251	0.016791685	0.014210307	0.011912513	0.009834269	0.007917695	0.006236042	0.004562741	0.003055431	0.001571484	0.000103721	-0.001356452	-0.002830387	-0.004385519	-0.006000708	-0.007710188	-0.009601362	-0.011647652	-0.013924701	-0.016472437	-0.019287086	0.022201587	0.018616918	0.01549069	0.012864642	0.010551201	0.008462773	0.006611619	0.004872886	0.003224391	0.001651157	0.000115317	-0.001436581	-0.003011721	-0.004644657	-0.006368521	-0.008237288	-0.010276576	-0.012564328	-0.01516593	-0.018182377	-0.021904331	0.02413551	0.01983897	0.016395408	0.01349047	0.011005105	0.008824997	0.006855335	0.005042507	0.003335723	0.001715913	0.000103386	-0.001486181	-0.003106316	-0.00479549	-0.006598621	-0.008558224	-0.0107045	-0.013165559	-0.016020535	-0.019436395	-0.023667454	0.024800232	0.020313229	0.016703039	0.013660207	0.01116171	0.008933339	0.006913863	0.005099639	0.00337743	0.001733574	0.000114917	-0.001495482	-0.003143785	-0.00485693	-0.006681931	-0.008649893	-0.010856153	-0.013375267	-0.016302089	-0.019826946	-0.02421017	0.024155237	0.019856874	0.016297013	0.013455536	0.010965207	0.008836416	0.006856261	0.005023985	0.003342735	0.001714912	0.000116629	-0.001471989	-0.003107455	-0.004793147	-0.00659523	-0.008551393	-0.010703105	-0.013123145	-0.015999565	-0.01942567	-0.023578076	0.022419114	0.01865902	0.015452592	0.012902138	0.010511882	0.008490873	0.006615576	0.004882784	0.003240105	0.001660536	0.000120148	-0.001425876	-0.003007869	-0.004638431	-0.006366369	-0.008231613	-0.010250272	-0.012549169	-0.015151174	-0.01823267	-0.021798612	0.019761417	0.01685406	0.014244414	0.011967988	0.009884993	0.007999073	0.006261725	0.004627641	0.003074155	0.001582174	0.000106097	-0.001356092	-0.002843386	-0.004370727	-0.005997315	-0.007722257	-0.009576341	-0.011619919	-0.013897015	-0.016448624	-0.019322184	0.016873697	0.014742222	0.012694182	0.010781412	0.009000414	0.007334626	0.00577872	0.00429297	0.002869941	0.001474906	0.000107418	-0.001257988	-0.00264136	-0.00406071	-0.005534215	-0.007077125	-0.008689592	-0.010471949	-0.012343614	-0.014308488	-0.01644142	0.012474866	0.010971692	0.009469799	0.00799693	0.006584112	0.005216434	0.00388846	0.002599685	0.001347089	9.53714E-05	-0.001144774	-0.002398825	-0.003676536	-0.004988717	-0.006340533	-0.007735322	-0.009187678	-0.010656152	-0.012124044	0.010279583	0.00922491	0.008111361	0.006939729	0.005775996	0.004609799	0.003460112	0.002332748	0.001210882	8.7998E-05	-0.001020343	-0.002135413	-0.003265853	-0.004403052	-0.005554249	-0.006706486	-0.007848159	-0.008930971	-0.009988194	0.007576908	0.006788929	0.005893745	0.004958757	0.003993695	0.003025585	0.002035901	0.001068413	8.56126E-05	-0.000891129	-0.001862796	-0.002836563	-0.003805594	-0.004765004	-0.00569295	-0.006569354	-0.007368333	0.005527893	0.004891152	0.004159717	0.00338974	0.002576099	0.00174935	0.000915254	7.50246E-05	-0.000762783	-0.001596463	-0.002421224	-0.0032237	-0.003992048	-0.004719935	-0.005362077	0.003959549	0.003411402	0.00278732	0.002145443	0.001470422	0.000772393	6.7477E-05	-0.000635907	-0.001335303	-0.002008017	-0.002666712	-0.003267246	-0.003818903	0.002267955	0.001751001	0.001201496	0.000641973	6.09431E-05	-0.000519155	-0.001084059	-0.001634374	-0.002146791
S32+S42	0.006488839	0.006528691	0.006537968	0.006539607	0.006550563	0.006544623	0.006532	0.006509742	0.006459554	0.00766969	0.007694473	0.00768278	0.007618379	0.007637951	0.007610465	0.007583416	0.007595377	0.007605615	0.007617861	0.007641935	0.007670818	0.007648462	0.009129556	0.009042063	0.008987813	0.008858781	0.008736475	0.008700978	0.008627493	0.008605326	0.008630203	0.008689616	0.008763841	0.008831338	0.008960362	0.009056561	0.009061786	0.010930492	0.010749448	0.010534983	0.010289452	0.010056618	0.009884536	0.009733544	0.009650035	0.009582295	0.009625467	0.009656826	0.009819871	0.009978226	0.010261728	0.010504272	0.010729757	0.01090807	0.013365268	0.012878452	0.012379201	0.011980751	0.01156503	0.01125127	0.010880471	0.010703696	0.010587273	0.010555768	0.010603988	0.010710084	0.010915298	0.011127555	0.011534667	0.011958341	0.012394252	0.012827261	0.013208251	0.015742316	0.014969128	0.014091614	0.01342738	0.012765963	0.012280577	0.011925225	0.011622479	0.01140966	0.011409447	0.011401702	0.011589813	0.011877374	0.012247333	0.012731135	0.013327595	0.014035167	0.01478892	0.015606746	0.019607726	0.018250406	0.016975923	0.015795166	0.014798009	0.013962567	0.01330904	0.012814969	0.012451586	0.012242136	0.012172242	0.012214658	0.012393949	0.012744266	0.01321909	0.013870639	0.014670406	0.015616379	0.016767529	0.01803282	0.019537718	0.022898068	0.020672826	0.018774764	0.017199053	0.015919563	0.014845572	0.014114612	0.013399233	0.013053032	0.012838361	0.012762531	0.012789341	0.013006813	0.013431186	0.014018711	0.014754592	0.015787707	0.017020992	0.018562523	0.020420594	0.022589677	0.02556178	0.022618487	0.020195106	0.018316199	0.016817893	0.015610715	0.01473887	0.014059424	0.013582657	0.013290329	0.013221898	0.013300115	0.013549188	0.013989554	0.01463836	0.015514467	0.016651574	0.018102817	0.019939132	0.02225713	0.025333008	0.027568784	0.023929345	0.021187418	0.019031871	0.017388723	0.016106994	0.015134292	0.0144061	0.013897845	0.013601773	0.01350378	0.013591953	0.013848818	0.014312786	0.015015302	0.015968187	0.017192652	0.018813135	0.020891516	0.023590648	0.027151985	0.028254786	0.024420358	0.021526253	0.019232507	0.017582101	0.016258734	0.015207778	0.014526769	0.014013551	0.013703197	0.013600953	0.01367945	0.013965206	0.014442765	0.015150937	0.01609929	0.017383668	0.01905942	0.021211296	0.024011067	0.02772927	0.027595113	0.023938772	0.021083574	0.018993842	0.017337138	0.016121086	0.015125321	0.0143578	0.013890837	0.013617413	0.013512564	0.013586165	0.013856403	0.01432551	0.015015577	0.015956204	0.017194711	0.01877082	0.020868166	0.0235872	0.027068853	0.025776947	0.022657499	0.020146079	0.018355225	0.016762031	0.015642716	0.014734669	0.01407068	0.013616054	0.01328626	0.013216841	0.013303265	0.013553031	0.01400355	0.014633769	0.015515332	0.016625956	0.018098512	0.019935243	0.022305391	0.025219646	0.023007488	0.020730913	0.01880261	0.017249301	0.015973571	0.014946642	0.014142931	0.013543353	0.013126317	0.012844527	0.012717982	0.012836663	0.013060837	0.013424401	0.014029272	0.014795105	0.015769521	0.017002483	0.018535454	0.020398082	0.022627631	0.019964174	0.018448053	0.017057275	0.015852423	0.014832474	0.014000397	0.013335206	0.012826304	0.012470716	0.012258025	0.012168817	0.012228033	0.012420068	0.012743511	0.013224439	0.013860696	0.014620826	0.0156262	0.016779469	0.018080906	0.019582962	0.015958657	0.01508023	0.014252875	0.013516724	0.012877889	0.012376372	0.011946809	0.011673149	0.011494563	0.011431389	0.011475123	0.011617385	0.011882862	0.012276714	0.012759748	0.013352153	0.014069506	0.014838154	0.015677571	0.013492242	0.013051206	0.012571007	0.012094574	0.011657095	0.011284729	0.010993216	0.010769303	0.010622685	0.010577717	0.010613805	0.010727277	0.01091802	0.011197277	0.011537259	0.011938054	0.012383837	0.012805147	0.013257378	0.01105546	0.010868005	0.010612445	0.010368079	0.010127017	0.009925489	0.009772415	0.009678478	0.009636901	0.00965538	0.009728157	0.009879346	0.010046535	0.010264781	0.010499625	0.010724856	0.010913272	0.009196179	0.009144996	0.009044958	0.008932728	0.00882141	0.008739539	0.008673179	0.008641741	0.008659131	0.008699378	0.008769583	0.008860336	0.008963232	0.009052072	0.009093335	0.007715672	0.00774253	0.007716808	0.00769158	0.00765864	0.00763183	0.00761273	0.007617405	0.007627118	0.007646001	0.007664695	0.007673457	0.007645275	0.006528855	0.006559298	0.006576424	0.006579145	0.00657591	0.006560245	0.006545227	0.006530678	0.006496743
(S32-S42)/(S32+S42)	0.34396922	0.263465609	0.180329155	0.094345211	0.007215414	-0.080601528	-0.167022749	-0.25036009	-0.330348044	0.509831463	0.437877958	0.36009204	0.276168886	0.190042228	0.099133901	0.006861229	-0.085152478	-0.176807822	-0.263485374	-0.348356252	-0.427935828	-0.499749329	0.598524996	0.530924338	0.456712715	0.376362293	0.288743022	0.198451096	0.103564625	0.007265043	-0.090012149	-0.184913192	-0.276269811	-0.363787434	-0.446830587	-0.522550448	-0.589489635	0.682034667	0.621100239	0.552491892	0.476152572	0.391827807	0.301746038	0.207057101	0.107967716	0.006540675	-0.093842167	-0.192033735	-0.288396165	-0.379163828	-0.46516287	-0.542896659	-0.613310343	-0.676244687	0.76006931	0.70381468	0.641074665	0.571992076	0.493108416	0.406861414	0.312696312	0.214576517	0.112813924	0.008196775	-0.097334205	-0.2001179	-0.299783374	-0.393995224	-0.481723549	-0.562260827	-0.634363885	-0.697373745	-0.752000552	0.779529606	0.724958275	0.66122612	0.589562823	0.508206759	0.420487988	0.323749165	0.222145009	0.115733226	0.00744692	-0.100801728	-0.207112097	-0.310471716	-0.407337031	-0.498045325	-0.579645177	-0.653548356	-0.717618907	-0.773362162	0.842631341	0.797329143	0.743174853	0.679182722	0.605663212	0.523451508	0.431595946	0.333118697	0.228546111	0.119280988	0.007862002	-0.10371319	-0.213375325	-0.318935729	-0.418288505	-0.51120073	-0.595720901	-0.67003823	-0.73606993	-0.791718846	-0.838895853	0.858598706	0.812258783	0.756883396	0.692626068	0.617747397	0.533337164	0.441814609	0.340522566	0.234078244	0.122405356	0.00812699	-0.106061164	-0.21760806	-0.326517657	-0.428049923	-0.52256193	-0.608154319	-0.684310995	-0.75015135	-0.806658061	-0.853800877	0.868546189	0.823084118	0.767051698	0.702364141	0.627379517	0.542113126	0.448583869	0.346592192	0.23739033	0.124237459	0.008721682	-0.108012655	-0.222280526	-0.332008938	-0.435057008	-0.53094239	-0.617153423	-0.694053724	-0.760611329	-0.816923708	-0.864655753	0.875465144	0.829064507	0.773827548	0.70883573	0.632887478	0.547898433	0.452967044	0.350025841	0.240017275	0.126153658	0.007656109	-0.109342706	-0.224301914	-0.335049364	-0.439459756	-0.535954673	-0.622620657	-0.699806769	-0.766844033	-0.823902555	-0.871665713	0.877735601	0.83181537	0.775938053	0.710266559	0.634833687	0.54944861	0.454626765	0.351051146	0.241011728	0.126508731	0.008449219	-0.109323248	-0.225115536	-0.336288132	-0.441024241	-0.537284107	-0.624503027	-0.701766778	-0.76855697	-0.825741974	-0.873090782	0.87534474	0.829485904	0.772972037	0.708415731	0.632469245	0.548127857	0.453296871	0.349913298	0.240643194	0.1259352	0.008631154	-0.108344677	-0.224261314	-0.334588249	-0.439225899	-0.535929025	-0.622464945	-0.699124762	-0.766697222	-0.823568302	-0.871040842	0.869735054	0.823525106	0.767027248	0.702913635	0.627124605	0.542800468	0.448980273	0.347018295	0.237962078	0.124981459	0.00909049	-0.107182388	-0.221933294	-0.331232549	-0.435046412	-0.530547024	-0.616522246	-0.693381237	-0.76001952	-0.817410903	-0.864350443	0.858912389	0.812991682	0.757576413	0.693824547	0.618834273	0.535175272	0.442745918	0.341690929	0.234197873	0.123178809	0.008342318	-0.105642123	-0.217703199	-0.32558078	-0.427485826	-0.521946719	-0.607268989	-0.683424822	-0.749753142	-0.806380877	-0.853919888	0.845198827	0.799120744	0.744209214	0.68011129	0.606804597	0.523887001	0.433343161	0.3347005	0.23013442	0.120321645	0.008827342	-0.102877388	-0.212668716	-0.318649253	-0.418483919	-0.510589442	-0.594329774	-0.670153279	-0.73563791	-0.791359001	-0.839577833	0.781698987	0.72755472	0.664413232	0.59163226	0.511272654	0.421483268	0.325481085	0.222706425	0.117193611	0.008342941	-0.099761405	-0.206485786	-0.309398205	-0.406356054	-0.496916798	-0.579331438	-0.653020655	-0.718158894	-0.77333692	0.761888434	0.706824373	0.645243495	0.573788606	0.495491872	0.408498907	0.314749693	0.216610855	0.113990179	0.008319183	-0.096133542	-0.199063813	-0.299125081	-0.393225286	-0.481418385	-0.561773777	-0.633742142	-0.697451675	-0.753406454	0.685354409	0.624671106	0.555361599	0.478271551	0.394360411	0.304829866	0.208331404	0.110390649	0.008883829	-0.092293533	-0.191484934	-0.287120502	-0.3787967	-0.464209022	-0.542205087	-0.612535379	-0.675171774	0.601107611	0.534844588	0.459893416	0.379474184	0.292028058	0.200164997	0.105526934	0.008681656	-0.088090026	-0.183514602	-0.276093447	-0.363834949	-0.445380407	-0.521420394	-0.589671105	0.513182694	0.440605638	0.361201174	0.278933925	0.191995221	0.101206791	0.0088637	-0.083480755	-0.175073075	-0.262623201	-0.347921475	-0.42578544	-0.499511501	0.347374112	0.266949472	0.182697404	0.097576938	0.009267629	-0.079136498	-0.165625892	-0.250261061	-0.330441169
Net Ana Temperature[]	21.96082316	21.9649182	21.98744482	21.99356011	21.96983641	21.96954817	21.956349	21.97972215	21.97455466	22.04509738	22.0380161	22.0434147	22.03390029	22.04533628	22.0769021	22.09223578	22.09876655	22.13684498	22.16511296	22.15808361	22.14392885	22.11141262	22.08189561	22.09911452	22.10850428	22.09561153	22.04459361	22.05634121	22.05762919	22.06931706	22.09971696	22.10781875	22.09343547	22.10446118	22.09900805	22.07872501	22.05465334	22.09787328	22.08576993	22.08043365	22.06949104	22.08743703	22.07742145	22.07208258	22.09323293	22.09768372	22.07550247	22.0718229	22.08018956	22.08978187	22.07928071	22.07812776	22.09275253	22.07466372	22.08760582	22.07963386	22.07059725	22.07328746	22.05755129	22.0586523	22.08545313	22.0768242	22.06317061	22.06382498	22.05893274	22.07368735	22.09893534	22.08296287	22.04827837	22.03997144	22.05119709	22.09073487	22.10066736	22.12522721	22.10059465	22.08177097	22.05480654	22.02434952	22.03447157	22.05115295	22.07132173	22.06282524	22.05707349	22.05324331	22.04636198	22.03426123	22.04078941	22.03954038	22.02096858	22.054282	22.0983329	22.1107972	22.1239704	22.12499351	22.1131758	22.12275773	22.10275513	22.10557258	22.11527395	22.14042846	22.11983121	22.11024409	22.13287717	22.1570657	22.17870164	22.1488081	22.1318281	22.1360296	22.16333939	22.22266944	22.20846793	22.20635939	22.17049857	22.09258115	22.08643469	22.1065048	22.1060348	22.12262529	22.14210854	22.13402233	22.1405583	22.17266684	22.19673591	22.18893534	22.18178655	22.15947027	22.13489483	22.14141522	22.11827837	22.12962867	22.12141522	22.12677227	22.13628149	22.13511815	22.09638795	22.0815866	22.07972475	22.08612828	22.0925422	22.09419891	22.09072708	22.11438068	22.12546092	22.12351597	22.14403532	22.12068294	22.12473903	22.14273176	22.15561153	22.13327707	22.09977408	22.1223007	22.12118411	22.10509997	22.09406907	22.09753051	22.12900286	22.09937159	22.09046481	22.05875357	22.02094781	22.07393145	22.13664503	22.16858219	22.13401454	22.11401974	22.08407946	22.07359907	22.07553363	22.07187484	22.04858478	22.08527655	22.13529473	22.15124124	22.17292392	22.16077642	22.10065957	22.06834588	22.03248767	22.03455726	22.07147234	22.08502986	22.09222799	22.08592314	22.10111919	22.11454947	22.10967541	22.08156583	22.06075305	22.02883926	22.03422747	22.07426902	22.05263308	22.0334095	22.05216307	22.06584004	22.08700857	22.14640093	22.17203843	22.18157362	22.18872501	22.16786809	22.12822124	22.07908855	22.0430953	22.07199429	22.08838743	22.08887562	22.07958193	22.08498312	22.08869385	22.10900026	22.10984679	22.06316022	22.08453389	22.06701376	22.07861594	22.05334718	21.98716957	21.97807323	21.98601922	22.00304596	21.99556479	22.00863672	22.01408465	22.01124643	22.06826539	22.05856661	22.06467151	22.08746559	22.05462997	22.03669177	22.00101532	21.97874059	21.9900831	21.99308491	22.01027785	22.01590756	21.99442482	21.98316801	22.02016359	22.04345884	22.03704752	22.01641911	22.01104129	22.01264087	22.03994287	22.06570501	22.05850169	22.06826279	22.07394962	22.08239938	22.07146975	22.0839652	22.11121787	22.09612568	22.06119709	22.04006232	22.03510517	22.03526876	22.01118411	22.02446897	22.05344845	22.05264087	22.0468216	22.06339392	22.03432096	21.99756946	22.02024929	22.06415476	22.05895092	22.05000779	22.05915087	22.05175019	22.04310309	22.04613088	22.04669696	22.04942093	22.09022332	22.12404311	22.10303558	22.0779382	22.06276032	22.09445079	22.11516749	22.10350558	22.07089327	22.06451571	22.03916385	22.02310569	22.02139444	22.02173202	22.01702934	22.02274474	22.03418333	22.02663724	21.9994469	22.02799792	22.03731758	22.04577512	22.03481693	22.06795378	22.06742405	22.07466632	22.07124643	22.07034536	22.06195793	22.0511114	22.04725526	22.02030122	22.02620618	22.06132952	22.04170086	22.03045443	22.05386912	22.0683329	22.09387692	22.09309011	22.04837964	22.04559855	22.0551597	22.04669696	22.03786289	22.05069073	22.06440145	22.05823682	22.06978447	22.0620644	22.0731784	22.08889379	22.06870943	22.07392366	22.06710465	22.06271618	22.06634381	22.10419112	22.05717476	22.03455466	22.04062581	22.04917164	22.02853545	22.01056609	22.02313165	22.03482991	22.05005972	22.07034536	22.05321735	22.05410802	22.05304077	22.06379122	22.06313425	22.08188263	22.09934043	22.08834588	22.0573799	22.03006492	22.03372111	22.09518826	22.14734874	22.16925734	22.18491301	22.16427681	22.12924435	22.09881849	22.08227214	22.08829135	22.08300441	22.09765256	22.15527915	22.18401974	22.18388211	22.14089068	22.14473643
BPM Temperature[]	20.22196832	20.23155025	20.22653856	20.23209556	20.20906258	20.20919242	20.21036095	20.20792002	20.26169826	20.33004414	20.34279408	20.31867048	20.28748377	20.2296027	20.21017917	20.17018956	20.14744222	20.1421449	20.14796157	20.12713581	20.14580628	20.14302778	20.17135809	20.18374448	20.17104648	20.16686575	20.19317061	20.20919242	20.21145157	20.21225656	20.15302519	20.08979486	20.10942612	20.16037393	20.18483511	20.21259413	20.26367177	20.30290834	20.29026227	20.22015061	20.18221241	20.16613867	20.15398598	20.15022072	20.1155544	20.12955077	20.14744222	20.16543755	20.16870943	20.18675669	20.18636718	20.18286159	20.18893794	20.17997923	20.16502207	20.16250325	20.13861335	20.15660867	20.15294729	20.14739029	20.1535705	20.18644508	20.20703713	20.19524799	20.18226435	20.17878473	20.13393924	20.15035056	20.17792781	20.21552843	20.20607634	20.17805765	20.19072968	20.21513892	20.21300961	20.19524799	20.19792262	20.26076344	20.23482212	20.19696183	20.19768891	20.19529992	20.17964165	20.1859517	20.16538561	20.13830174	20.12931706	20.17239678	20.21672293	20.22552584	20.2069852	20.21646326	20.19106726	20.18841859	20.19987016	20.20246689	20.20472605	20.22046222	20.2000779	20.18379642	20.19283303	20.16413918	20.15938717	20.18249805	20.1945209	20.19833809	20.18725006	20.19909115	20.17094261	20.1649182	20.17213711	20.18647105	20.1885744	20.23814594	20.22521423	20.24728642	20.23749675	20.21030901	20.22220203	20.23404311	20.23256297	20.20789405	20.19797455	20.20693326	20.20958193	20.2283303	20.23954817	20.24720852	20.23889899	20.21098416	20.20768632	20.22695404	20.26310049	20.28195274	20.24601402	20.26948844	20.27470787	20.28106985	20.28273176	20.23819787	20.2098416	20.22046222	20.2252402	20.23614646	20.20631005	20.1744482	20.14757206	20.14853285	20.15907556	20.18236822	20.16639834	20.13902882	20.14419631	20.12879771	20.15601143	20.18802908	20.21225656	20.21571021	20.20345365	20.18044664	20.16670995	20.16346404	20.17725266	20.17465593	20.13547131	20.12217606	20.10207738	20.08675669	20.08164113	20.06800831	20.04411841	20.03178395	20.0520644	20.07242275	20.06320436	20.07289016	20.10197351	20.07130615	20.07522721	20.06821605	20.07899247	20.0776162	20.08148533	20.07408465	20.0519086	20.08535445	20.05325889	20.05154505	20.08408206	20.07172163	20.07598026	20.11880031	20.13926253	20.13401714	20.15655674	20.14645547	20.12757725	20.12352636	20.10049338	20.09423526	20.10103869	20.09379382	20.11604778	20.09296287	20.06821605	20.06154246	20.05445339	20.05673851	20.05938717	20.06577512	20.06554142	20.06535965	20.06154246	20.0450013	20.03586082	20.03679564	20.06008829	20.0758764	20.06258115	20.16424305	20.18883407	20.21303558	20.19742924	20.19929888	20.17577253	20.18104388	20.18278369	20.16185406	20.15694625	20.12183848	20.07883667	20.06574916	20.0649961	20.11378863	20.13139444	20.12194235	20.08288756	20.0592054	20.11015321	20.11719034	20.13528954	20.11043885	20.12996624	20.14879252	20.14159958	20.13775643	20.10376526	20.08462737	20.10218125	20.11700857	20.13277071	20.1351597	20.15598546	20.1537263	20.13783433	20.13136848	20.12934303	20.13972994	20.15429759	20.16673591	20.15876396	20.16014022	20.15585562	20.16421709	20.1508699	20.12890158	20.11443781	20.09613088	20.09080758	20.08953519	20.14772786	20.17133212	20.19096339	20.19574137	20.19491041	20.16330823	20.18441963	20.17878473	20.19356011	20.25419372	20.25899766	20.2434952	20.21464555	20.18348481	20.19631265	20.21628149	20.1787328	20.16964425	20.15980265	20.16707349	20.15502467	20.13656193	20.1423007	20.15442742	20.16291872	20.1536484	20.16967022	20.19057388	20.18057647	20.15749156	20.13204363	20.14240457	20.12778499	20.11552843	20.1392885	20.1703973	20.15419372	20.15954298	20.19506622	20.1830953	20.1592833	20.15715399	20.16011426	20.15250584	20.16774864	20.16509997	20.15660867	20.14248247	20.13287458	20.11339912	20.13934043	20.1593612	20.17408465	20.18306933	20.1789665	20.18886004	20.22240976	20.20843937	20.19976629	20.2380161	20.25655674	20.23972994	20.20843937	20.20511555	20.20919242	20.21794339	20.24668917	20.29498831	20.26767073	20.23796417	20.21101013	20.21163334	20.22562971	20.22708387	20.22347442	20.19122306	20.20020774	20.22513633	20.19701376	20.20701117	20.24422228	20.19942872	20.18989873	20.19724747	20.18551026	20.16473643	20.22222799	20.23604259	20.23040769	20.22191639	20.23383537	20.24655934	20.23861335	20.24783173	20.25035056	20.21272397	20.20908855	20.16699559	20.18262789	20.16793041	20.17218904	20.14333939	20.12708387
