BPM Serial No.	16elec																																																																																																	
BPM Size	110																																																																																																	
"Experi,menter"	Nakanishi      Uno      Toyanma      Hanamura      Kawachi      																																																																																																	
Meas. Start Time	2016/10/1418:06																																																																																																	
Meas. Finish Time	2016/10/1418:53																																																																																																	
Linear Scale Origin X(mm)	-102.6																																																																																																	
Linear Scale Origin Y(mm)	110.258																																																																																																	
note																																																																																																		
																																																																																																		
																																																																																																		
Data Point Number		1	2	3	4	5	6	7	8	9	10	11	12	13	14	15	16	17	18	19	20	21	22	23	24	25	26	27	28	29	30	31	32	33	34	35	36	37	38	39	40	41	42	43	44	45	46	47	48	49	50	51	52	53	54	55	56	57	58	59	60	61	62	63	64	65	66	67	68	69	70	71	72	73	74	75	76	77	78	79	80	81	82	83	84	85	86	87	88	89	90	91	92	93	94	95	96	97
Linear Scale X (mm)		-122.601	-112.603	-102.602	-92.601	-82.601	-132.602	-122.604	-112.604	-102.602	-92.601	-82.601	-72.6	-142.604	-132.605	-122.604	-112.604	-102.602	-92.601	-82.601	-72.6	-62.6	-152.604	-142.607	-132.605	-122.604	-112.604	-102.602	-92.601	-82.601	-72.6	-62.6	-52.598	-152.604	-142.607	-132.605	-122.604	-112.604	-102.602	-92.601	-82.601	-72.6	-62.599	-52.598	-152.604	-142.607	-132.605	-122.604	-112.604	-102.602	-92.601	-82.601	-72.6	-62.6	-52.598	-152.604	-142.607	-132.605	-122.604	-112.604	-102.602	-92.601	-82.601	-72.6	-62.6	-52.598	-152.604	-142.607	-132.605	-122.604	-112.604	-102.602	-92.601	-82.602	-72.601	-62.6	-52.598	-142.604	-132.605	-122.604	-112.604	-102.602	-92.601	-82.601	-72.601	-62.6	-132.602	-122.604	-112.604	-102.602	-92.601	-82.601	-72.6	-122.601	-112.603	-102.602	-92.601	-82.601
Linear Scale Y (mm)		60.259	60.259	60.259	60.259	60.259	70.256	70.256	70.256	70.256	70.256	70.256	70.256	80.255	80.255	80.255	80.255	80.255	80.255	80.255	80.255	80.255	90.254	90.254	90.254	90.254	90.254	90.254	90.254	90.254	90.254	90.254	90.254	100.255	100.255	100.255	100.255	100.255	100.255	100.255	100.255	100.255	100.255	100.255	110.255	110.255	110.255	110.255	110.255	110.255	110.255	110.255	110.255	110.255	110.255	120.254	120.254	120.254	120.254	120.254	120.254	120.254	120.254	120.254	120.254	120.254	130.254	130.254	130.254	130.254	130.254	130.254	130.254	130.254	130.254	130.254	130.254	140.254	140.255	140.255	140.255	140.255	140.255	140.255	140.255	140.255	150.254	150.254	150.255	150.255	150.255	150.255	150.255	160.254	160.255	160.255	160.255	160.255
R(beam)[mm]		20.001	10.003	0.002	-9.999	-19.999	30.002	20.004	10.004	0.002	-9.999	-19.999	-30	40.004	30.005	20.004	10.004	0.002	-9.999	-19.999	-30	-40	50.004	40.007	30.005	20.004	10.004	0.002	-9.999	-19.999	-30	-40	-50.002	50.004	40.007	30.005	20.004	10.004	0.002	-9.999	-19.999	-30	-40.001	-50.002	50.004	40.007	30.005	20.004	10.004	0.002	-9.999	-19.999	-30	-40	-50.002	50.004	40.007	30.005	20.004	10.004	0.002	-9.999	-19.999	-30	-40	-50.002	50.004	40.007	30.005	20.004	10.004	0.002	-9.999	-19.998	-29.999	-40	-50.002	40.004	30.005	20.004	10.004	0.002	-9.999	-19.999	-29.999	-40	30.002	20.004	10.004	0.002	-9.999	-19.999	-30	20.001	10.003	0.002	-9.999	-19.999
Y(beam)[mm]		-49.999	-49.999	-49.999	-49.999	-49.999	-40.002	-40.002	-40.002	-40.002	-40.002	-40.002	-40.002	-30.003	-30.003	-30.003	-30.003	-30.003	-30.003	-30.003	-30.003	-30.003	-20.004	-20.004	-20.004	-20.004	-20.004	-20.004	-20.004	-20.004	-20.004	-20.004	-20.004	-10.003	-10.003	-10.003	-10.003	-10.003	-10.003	-10.003	-10.003	-10.003	-10.003	-10.003	-0.003	-0.003	-0.003	-0.003	-0.003	-0.003	-0.003	-0.003	-0.003	-0.003	-0.003	9.996	9.996	9.996	9.996	9.996	9.996	9.996	9.996	9.996	9.996	9.996	19.996	19.996	19.996	19.996	19.996	19.996	19.996	19.996	19.996	19.996	19.996	29.996	29.997	29.997	29.997	29.997	29.997	29.997	29.997	29.997	39.996	39.996	39.997	39.997	39.997	39.997	39.997	49.996	49.997	49.997	49.997	49.997
Net Ana Temperature[℃]		23.28217086	23.30835108	23.31725526	23.34720073	23.34869644	23.40622695	23.45069592	23.49094002	23.50307972	23.52619579	23.56463516	23.5707167	23.70334459	23.69493119	23.72931446	23.75199688	23.7830979	23.81830434	23.83915606	23.86829135	23.89096339	23.97618541	23.9448429	23.93537263	23.90615165	23.85570241	23.82569982	23.78520384	23.76367697	23.70808881	23.67913269	23.63959751	23.52062581	23.47663204	23.4444482	23.42237081	23.35957933	23.39343287	23.3034952	23.28144378	23.2587328	23.25472864	23.2284134	23.22641392	23.2435679	23.23313944	23.22439366	23.24442223	23.25811218	23.27951441	23.29474942	23.31985458	23.33369774	23.36508439	23.44019216	23.46421449	23.47104908	23.48718255	23.50991431	23.54346923	23.59209556	23.64609192	23.65648403	23.68353674	23.73919501	23.91898208	23.90596209	23.8961932	23.92410283	23.95384056	23.96080758	23.96387172	23.95383796	23.93205142	23.88511036	23.87259413	23.74276292	23.69162296	23.6664321	23.62437029	23.58762659	23.56049857	23.51589717	23.49862114	23.46471566	23.37483511	23.33669437	23.29659829	23.2720644	23.24353934	23.22186185	23.17118411	23.20830693	23.21138406	23.22512334	23.23270579	23.23367437
BPM Temperature[℃]		21.20820566	21.28821085	21.27424046	21.30347962	21.32877175	21.35019475	21.356349	21.36665801	21.38688652	21.39275513	21.40181771	21.42295508	21.47138406	21.5069852	21.52178655	21.53726305	21.5663464	21.58917164	21.61877434	21.63570501	21.65624513	21.63341989	21.6028564	21.55907556	21.5353155	21.46974812	21.42884965	21.38018696	21.33882109	21.29672812	21.26115295	21.22858998	21.13830174	21.11152947	21.06733316	21.02529213	20.99893534	20.97969359	20.97912231	20.9575435	20.92752532	20.90794599	20.92633082	20.92482472	20.93609452	20.95816671	20.98101792	21.01924176	21.03567904	21.06273695	21.10381719	21.12529213	21.16188003	21.17899247	21.26255518	21.28647105	21.30916645	21.33243313	21.35824461	21.38878213	21.41599585	21.44700078	21.47579849	21.50628408	21.54240457	21.62194235	21.64463776	21.66915087	21.67800571	21.68000519	21.65907556	21.62487666	21.57408465	21.52350039	21.46522981	21.41399636	21.26535965	21.20750454	21.16850169	21.13835367	21.08948325	21.04731239	20.98486108	20.93697741	20.90101272	20.84297585	20.81116593	20.79093742	20.76076344	20.75790704	20.75603739	20.7576214	20.83206959	20.86548948	20.90202545	20.93134251	20.97195534
Frequency (Hz) / Data (dB)	850000	-40.9950836	-42.99839067	-45.09085456	-47.28932081	-49.69590587	-36.40934865	-38.74256839	-40.97751196	-43.21937651	-45.43916403	-47.8408631	-50.41219914	-32.23414575	-35.04048999	-37.53523249	-39.85898159	-42.09978494	-44.27784978	-46.58762658	-49.15525294	-52.01216332	-29.30056054	-32.21536587	-34.82934111	-37.17721605	-39.4654859	-41.64491941	-43.82657873	-46.08250776	-48.4115395	-51.20428935	-54.27043232	-31.37852512	-33.40254476	-35.53521976	-37.61365562	-39.69335311	-41.745942	-43.78683696	-45.95962965	-48.29929973	-50.86665692	-53.84868427	-34.21598158	-35.37577381	-36.9122926	-38.61982553	-40.4226232	-42.32064913	-44.25198496	-46.317027	-48.58641941	-51.03934166	-53.94362104	-37.33168077	-37.77481924	-38.81289477	-40.06316908	-41.61919736	-43.31194203	-45.0944343	-47.04762292	-49.20652159	-51.62648633	-54.53106214	-40.57327062	-40.4942513	-41.0346357	-41.97902892	-43.23099198	-44.67444969	-46.332538	-48.1834703	-50.23575886	-52.67303286	-55.60888763	-43.40345751	-43.59300978	-44.19047785	-45.17232352	-46.3502883	-47.93254903	-49.65610744	-51.68795363	-54.16125561	-46.53153344	-46.78767211	-47.45149531	-48.56874423	-49.88634999	-51.59962301	-53.71626157	-49.91028228	-50.38522133	-51.25976412	-52.51557852	-54.18202713
	1700000	-35.18366072	-37.17307752	-39.24259211	-41.44193405	-43.82291096	-30.60861275	-32.93195719	-35.15755978	-37.36967766	-39.59987451	-41.95350237	-44.50786223	-26.43318185	-29.23285027	-31.72069398	-34.04193153	-36.27398254	-38.45623427	-40.7594946	-43.25553115	-46.03078769	-23.49245498	-26.40605356	-29.01510156	-31.37286719	-33.64524067	-35.81666502	-37.98907002	-40.22158764	-42.57045856	-45.222275	-48.30300701	-25.57063092	-27.59627325	-29.71748464	-31.81174302	-33.86856447	-35.90496584	-37.95629586	-40.11174199	-42.41309334	-44.93601612	-47.85827379	-28.40285363	-29.56228465	-31.10204489	-32.80968219	-34.60877299	-36.47577518	-38.41011722	-40.44628696	-42.65439965	-45.10231844	-47.9673701	-31.53040191	-31.96664142	-32.98454438	-34.25941162	-35.797497	-37.45752812	-39.25141359	-41.16994068	-43.29859371	-45.70252488	-48.53340996	-34.79315652	-34.68279289	-35.2058156	-36.15746604	-37.39824036	-38.83316801	-40.45836338	-42.28020394	-44.3450061	-46.7084499	-49.57173769	-37.61716375	-37.74921273	-38.35940569	-39.31560073	-40.52365557	-42.04967228	-43.76850499	-45.76434897	-48.16663337	-40.67495839	-40.94512269	-41.61460046	-42.68387888	-44.00644624	-45.70026011	-47.71261443	-44.04237035	-44.47421569	-45.32958864	-46.5745048	-48.1956608
	2550000	-31.82374089	-33.80357528	-35.87685777	-38.07190161	-40.45854598	-27.24382714	-29.56520836	-31.78964431	-34.0007081	-36.22859023	-38.57889396	-41.12768175	-23.06418853	-25.86556121	-28.35004863	-30.67228068	-32.90545366	-35.09625439	-37.39159016	-39.88565483	-42.63664871	-20.11907092	-23.03422106	-25.64226073	-28.00669732	-30.27318732	-32.44895834	-34.61579101	-36.8502974	-39.19098305	-41.85602163	-44.90951569	-22.19718762	-24.2222803	-26.34332925	-28.43648826	-30.49499567	-32.53463092	-34.58911677	-36.74505189	-39.02972432	-41.56087924	-44.49138996	-25.03719613	-26.18961553	-27.73118835	-29.44103403	-31.23674081	-33.10984834	-35.04051504	-37.07668553	-39.29106853	-41.72162095	-44.58463222	-28.16639082	-28.5992934	-29.60933181	-30.89974158	-32.42604005	-34.09082292	-35.87723964	-37.7834729	-39.91395519	-42.31849005	-45.13330551	-31.44038977	-31.31798888	-31.84333504	-32.78962541	-34.02301909	-35.45785071	-37.08441237	-38.89585617	-40.9584721	-43.31900385	-46.16769224	-34.26217354	-34.37998297	-34.99372974	-35.94210348	-37.15356112	-38.65736672	-40.37643701	-42.38962894	-44.78664455	-37.31357993	-37.57346352	-38.2394502	-39.30243922	-40.64127713	-42.2999281	-44.33336066	-40.67255634	-41.09386765	-41.96464715	-43.20778523	-44.82583189
	3400000	-29.44633839	-31.42172007	-33.49084417	-35.68215457	-38.07608964	-24.86009684	-27.18232876	-29.40772755	-31.61263635	-33.84222614	-36.19119767	-38.75113795	-20.6762617	-23.47870304	-25.96576292	-28.28206881	-30.51662355	-32.71214758	-35.01200222	-37.49374228	-40.25221646	-17.73193903	-20.64420571	-23.25438692	-25.62241329	-27.88355955	-30.05910853	-32.23263764	-34.46643859	-36.81053035	-39.4565577	-42.52043582	-19.81113617	-21.83425386	-23.95331368	-26.04566637	-28.1054605	-30.14975861	-32.2031567	-34.34936902	-36.64545499	-39.16754723	-42.09039917	-22.64960321	-23.79986346	-25.34115993	-27.05039605	-28.84872141	-30.71513932	-32.64727489	-34.6886917	-36.89348362	-39.32685511	-42.19626735	-25.78506318	-26.21662502	-27.22168011	-28.51107914	-30.03880149	-31.69889571	-33.48552262	-35.40697564	-37.53202789	-39.92442484	-42.76463255	-29.07041135	-28.93573783	-29.45619877	-30.40336705	-31.63672404	-33.07041081	-34.69299017	-36.51471099	-38.56731643	-40.92666855	-43.78432852	-31.88720707	-31.99925178	-32.60314066	-33.56004814	-34.77713947	-36.27183868	-37.98936484	-40.01006181	-42.39069884	-34.92545869	-35.18622405	-35.86439618	-36.9211352	-38.25404539	-39.9104158	-41.93785389	-38.29447993	-38.71859739	-39.56836374	-40.81585178	-42.44465168
	4250000	-27.59836186	-29.5713462	-31.63872092	-33.83367749	-36.2250368	-23.00796023	-25.32934192	-27.55210659	-29.75755539	-31.9884305	-34.33991883	-36.89744362	-18.82077619	-21.62272771	-24.10894255	-26.42589358	-28.66063653	-30.8578658	-33.15833713	-35.64006524	-38.40315596	-15.87569032	-18.78905537	-21.39690923	-23.76679147	-26.02529149	-28.20215173	-30.3754514	-32.60915872	-34.95986812	-37.60075325	-40.65573072	-17.95583465	-19.97747568	-22.09492841	-24.18681684	-26.24605854	-28.28759063	-30.34573571	-32.49725952	-34.78890842	-37.31407106	-40.23977524	-20.79483934	-21.94400088	-23.48271715	-25.19201592	-26.98707231	-28.85420561	-30.78746329	-32.82811251	-35.03236471	-37.48067387	-40.32318147	-23.93271461	-24.36175681	-25.36593529	-26.65732279	-28.18021489	-29.84019071	-31.62919452	-33.54575524	-35.67148752	-38.07007756	-40.90174652	-27.22093895	-27.08103916	-27.60145559	-28.54857225	-29.77781646	-31.21268946	-32.8389993	-34.65725045	-36.70212923	-39.07403067	-41.93210453	-30.04269867	-30.14539952	-30.74922334	-31.70223326	-32.91901405	-34.41198767	-36.13277535	-38.14908668	-40.53925612	-33.07575375	-33.32898313	-34.01102944	-35.06396897	-36.39521954	-38.06144941	-40.07566351	-36.43937517	-36.86176851	-37.72083537	-38.95703851	-40.5939861
	5100000	-26.08781948	-28.05926088	-30.12803586	-32.32312557	-34.71699405	-21.49412168	-23.81538472	-26.03831528	-28.24286299	-30.47772223	-32.82492905	-35.39088807	-17.30464818	-20.10442913	-22.59159709	-24.90893907	-27.1443081	-29.3472036	-31.65015738	-34.12821349	-36.89910976	-14.35914983	-17.26971418	-19.87809047	-22.24935536	-24.5089005	-26.68507873	-28.8605118	-31.09034316	-33.45003586	-36.09714468	-39.1663054	-16.43854298	-18.45812403	-20.5752136	-22.66625923	-24.72541505	-26.77030421	-28.82918584	-30.98135464	-33.27619568	-35.80263466	-38.73625457	-19.27941082	-20.42495683	-21.96371038	-23.67300113	-25.46738645	-27.3379925	-29.26993882	-31.31211197	-33.51855836	-35.96666455	-38.8293164	-22.4188374	-22.84570939	-23.84880482	-25.14363379	-26.6629928	-28.3228029	-30.1093016	-32.03436152	-34.16056306	-36.56374145	-39.39652522	-25.71625555	-25.56902176	-26.08517146	-27.0295981	-28.26245632	-29.70022264	-31.32371466	-33.148378	-35.20007985	-37.57044375	-40.43110792	-28.53362834	-28.63442438	-29.23372407	-30.18922338	-31.40860819	-32.89646374	-34.62223245	-36.64365407	-39.0358808	-31.56612785	-31.81908796	-32.50490619	-33.55681443	-34.88768879	-36.55626878	-38.57374913	-34.93291383	-35.35586485	-36.21477456	-37.45496682	-39.08092457
	5950000	-24.80587991	-26.7751583	-28.84421536	-31.03976511	-33.43816624	-20.20701307	-22.52682956	-24.74996261	-26.95320264	-29.18928577	-31.54148781	-34.1075007	-16.01548724	-18.81467831	-21.29995071	-23.61861894	-25.85481049	-28.06051904	-30.36413605	-32.84787723	-35.61275564	-13.07121485	-15.97939328	-18.58634744	-20.95813779	-23.21548552	-25.39361084	-27.56752538	-29.80441316	-32.16315819	-34.80786692	-37.88149838	-15.14871292	-17.16688227	-19.28207569	-21.37328685	-23.43190972	-25.47654561	-27.53849157	-29.68882492	-31.98347094	-34.51576404	-37.45647459	-17.99019602	-19.13366776	-20.66998415	-22.38036029	-24.17603931	-26.04483357	-27.97857409	-30.01974669	-32.23078877	-34.68385758	-37.5471831	-21.13293667	-21.55581971	-22.5553901	-23.85173129	-25.37057059	-27.03207764	-28.82013882	-30.74313528	-32.87295368	-35.27842474	-38.11982378	-24.43379459	-24.28051022	-24.79736502	-25.74052237	-26.97089161	-28.40765593	-30.03360443	-31.85464162	-33.91097407	-36.28537809	-39.15818014	-27.25059341	-27.34829124	-27.94622482	-28.90151771	-30.11913431	-31.61160695	-33.33365184	-35.35265235	-37.75440876	-30.28292628	-30.53383033	-31.21663221	-32.26755248	-33.60383933	-35.26869383	-37.29060136	-33.65128257	-34.07185119	-34.9354977	-36.17252289	-37.80297855
	6800000	-23.6923308	-25.66196154	-27.73068562	-29.928584	-32.32305515	-19.09170811	-21.41074454	-23.63101531	-25.83880811	-28.06107109	-30.41110561	-32.99430348	-14.89815629	-17.6969554	-20.18309596	-22.50112793	-24.7374253	-26.94700328	-29.24925688	-31.73370334	-34.50466032	-11.95509382	-14.8619645	-17.46738172	-19.84115007	-22.09650427	-24.27544175	-26.45187501	-28.68319514	-31.04902791	-33.69362612	-36.77020335	-14.03234436	-16.04819178	-18.16382303	-20.25391638	-22.31233172	-24.35967363	-26.41235391	-28.57085454	-30.86656345	-33.4008287	-36.34064614	-16.87302403	-18.0155037	-19.55176247	-21.26023255	-23.05657783	-24.92362895	-26.85517271	-28.90332323	-31.117828	-33.55721257	-36.43133535	-20.01905312	-20.43910634	-21.43704295	-22.73157645	-24.25266581	-25.91398303	-27.7023719	-29.62712286	-31.75873408	-34.16722201	-37.00992346	-23.32330313	-23.15088681	-23.67544599	-24.62367458	-25.85373791	-27.29136242	-28.917012	-30.73653827	-32.79371248	-35.17457889	-38.05355094	-26.13969495	-26.23290877	-26.82860371	-27.7836621	-29.00344252	-30.49860768	-32.22278299	-34.23785429	-36.63926072	-29.17292905	-29.41919034	-30.08653975	-31.15139451	-32.48119953	-34.15272521	-36.18904842	-32.5400547	-32.96012479	-33.81928739	-35.05899267	-36.69354993
	7650000	-22.70751936	-24.6723331	-26.73210477	-28.92712088	-31.32793858	-18.09974066	-20.40739749	-22.64496091	-24.84797396	-27.0809259	-29.43678874	-31.99013096	-13.90429381	-16.70874354	-19.19482543	-21.50864828	-23.74702051	-25.9407452	-28.25949116	-30.74722447	-33.50232035	-10.95103734	-13.86758172	-16.46799205	-18.83358004	-21.1049499	-23.28078663	-25.4533085	-27.69481125	-30.05364998	-32.68968103	-35.77545666	-13.03802223	-15.05654106	-17.16030592	-19.2546716	-21.32081627	-23.34861455	-25.43356307	-27.58164067	-29.87583959	-32.40918798	-35.35418805	-15.870375	-17.0136737	-18.54081179	-20.27445673	-22.05353363	-23.92651944	-25.86883166	-27.90603473	-30.12277653	-32.58283949	-35.4305491	-19.03179642	-19.44151385	-20.44820698	-21.74593859	-23.25560762	-24.91874174	-26.71203575	-28.6345631	-30.76074509	-33.16546867	-36.0129347	-22.33195365	-22.17177339	-22.68910322	-23.61624979	-24.85164901	-26.29764839	-27.92536751	-29.74731251	-31.80310118	-34.17955403	-37.04857481	-25.14761712	-25.22552463	-25.8308541	-26.78167457	-28.00898742	-29.48067122	-31.23438214	-33.2405529	-35.64105697	-28.17899787	-28.42689151	-29.09285838	-30.163864	-31.50275675	-33.16795797	-35.18389359	-31.55177763	-31.97229902	-32.82084861	-34.06238235	-35.6968975
	8500000	-21.78426525	-23.75318856	-25.81674324	-28.01306344	-30.42343483	-17.1820487	-19.49774912	-21.73238318	-23.93466244	-26.16638272	-28.52129904	-31.08831728	-12.99088149	-15.78777977	-18.27860386	-20.59771222	-22.83710669	-25.04402402	-27.34831979	-29.82748956	-32.57747986	-10.03956759	-12.95270651	-15.556291	-17.94198113	-20.1868004	-22.37136825	-24.54963989	-26.78369195	-29.14952007	-31.78877321	-34.86331826	-12.11855855	-14.14104647	-16.25289503	-18.34173105	-20.40826116	-22.45253785	-24.51938762	-26.66606673	-28.94960341	-31.48998765	-34.43984275	-14.95768848	-16.09988193	-17.64270443	-19.35739843	-21.15018863	-23.01712358	-24.95941246	-26.99954623	-29.21040438	-31.66450119	-34.52722791	-18.11373029	-18.53350697	-19.53595186	-20.83763744	-22.35010289	-24.01520454	-25.80307356	-27.72737906	-29.85541193	-32.25271596	-35.10297889	-21.41896074	-21.26102763	-21.77357201	-22.7202973	-23.94875496	-25.38987751	-27.01599502	-28.84076697	-30.89541703	-33.26664328	-36.13812157	-24.23401424	-24.32556479	-24.90201138	-25.87841466	-27.10305127	-28.58826993	-30.31863787	-32.33473711	-34.73131015	-27.2695573	-27.5096163	-28.1914319	-29.24886803	-30.58898079	-32.25172377	-34.27050649	-30.63193108	-31.05099	-31.91020463	-33.15909477	-34.79058044
	9350000	-20.92505906	-22.88354407	-24.9598155	-27.15827298	-29.55937986	-16.32547945	-18.64293557	-20.87630367	-23.06821193	-25.31348312	-27.66849329	-30.23123269	-12.12852501	-14.93240507	-17.42395979	-19.74419901	-21.98344248	-24.19523021	-26.4862288	-28.97521978	-31.73270675	-9.177925383	-12.09433577	-14.70239017	-17.08862402	-19.33990025	-21.52183558	-23.69835033	-25.93375843	-28.29995329	-30.93499465	-34.00659747	-11.25882821	-13.28321545	-15.40034501	-17.49196167	-19.55716636	-21.60361766	-23.67081431	-25.82063663	-28.10834268	-30.64105597	-33.58229476	-14.10172437	-15.24612231	-16.79077781	-18.50534518	-20.30392673	-22.16998067	-24.10951855	-26.15259329	-28.35836487	-30.81173656	-33.6693292	-17.25301637	-17.6779295	-18.67996724	-19.98563673	-21.50078263	-23.1643069	-24.95322958	-26.87610142	-29.00014983	-31.40157065	-34.23975098	-20.55928121	-20.40380513	-20.9199537	-21.86847519	-23.09821549	-24.53796654	-26.16580591	-27.9862014	-30.04158048	-32.40880873	-35.27927825	-23.37924709	-23.46957517	-24.06293459	-25.02698835	-26.2513723	-27.73519762	-29.46711864	-31.47655441	-33.8759173	-26.40758918	-26.6546304	-27.33892427	-28.38089213	-29.73364691	-31.39425366	-33.41249114	-29.77289731	-30.19831783	-31.05350305	-32.29604469	-33.9310431
	10200000	-20.11146425	-22.08231698	-24.15113569	-26.34739758	-28.74509426	-15.51299152	-17.83662235	-20.06960768	-22.27145095	-24.50860001	-26.86033702	-29.42257261	-11.31511992	-14.12462514	-16.6192668	-18.94160149	-21.18054106	-23.3946903	-25.69232351	-28.16855996	-30.92534695	-8.362505035	-11.28464031	-13.89765567	-16.28623916	-18.54010099	-20.72146214	-22.8982642	-25.13173805	-27.49547832	-30.12747733	-33.19148942	-10.44505115	-12.47558377	-14.5963173	-16.69349948	-18.75843749	-20.80531476	-22.87148529	-25.01946022	-27.30758091	-29.83525981	-32.76905215	-13.28902336	-14.43990616	-15.9884775	-17.70544313	-19.50474207	-21.37091623	-23.31088507	-25.35131455	-27.55588262	-30.00813624	-32.86227445	-16.43913919	-16.87019569	-17.87606736	-19.18511508	-20.70221229	-22.36519143	-24.15287606	-26.0751599	-28.19929243	-30.59713208	-33.43263774	-19.74609017	-19.59539171	-20.11630019	-21.06604518	-22.29684463	-23.73761439	-25.36439579	-27.18389371	-29.23254006	-31.605015	-34.46570112	-22.56831589	-22.66464283	-23.26181452	-24.22576766	-25.45117582	-26.93562917	-28.66165109	-30.67082233	-33.06812981	-25.59463447	-25.85106676	-26.53527593	-27.58595682	-28.92891177	-30.58685109	-32.60247275	-28.95884342	-29.3848942	-30.24291245	-31.48354712	-33.11814405
	11050000	-19.34115248	-21.31540057	-23.38500929	-25.57897897	-27.97605698	-14.74423589	-17.07262627	-19.30750344	-21.50991494	-23.74430704	-26.09427035	-28.65185446	-10.54516534	-13.36109829	-15.85804847	-18.1821288	-20.42072018	-22.63765881	-24.93591851	-27.40717818	-30.15818214	-7.589159689	-10.51875117	-13.13658803	-15.52748187	-17.78330565	-19.96661531	-22.14271663	-24.37546825	-26.73708328	-29.36611342	-32.41934376	-9.674604764	-11.71148348	-13.83694205	-15.93713501	-18.00341242	-20.05024302	-22.11831867	-24.26344603	-26.54860889	-29.071633	-32.00362861	-12.52063482	-13.67773962	-15.22909162	-16.95037756	-18.75029931	-20.61796363	-22.55811779	-24.59771547	-26.79735629	-29.24504478	-32.0947524	-15.66958562	-16.10745001	-17.11682918	-18.42956764	-19.94852668	-21.61164984	-23.39801924	-25.31940752	-27.44229321	-29.83506908	-32.66558652	-18.97555658	-18.82935673	-19.35579917	-20.30914501	-21.54042216	-22.98106419	-24.60849615	-26.42765241	-28.47399261	-30.84085716	-33.69786831	-21.80143464	-21.90298097	-22.50222431	-23.46713335	-24.69371324	-26.17478895	-27.90157642	-29.91058527	-32.30140753	-24.82729773	-25.08597833	-25.7752498	-26.82424149	-28.16707679	-29.82219926	-31.83868522	-28.18821357	-28.61987273	-29.47525858	-30.71792708	-32.34635112
	11900000	-18.61350908	-20.59010177	-22.66108591	-24.85491761	-27.24747345	-14.01806006	-16.35070605	-18.58734022	-20.79192278	-23.02558653	-25.37471457	-27.92970404	-9.818068899	-12.63890285	-15.14072608	-17.46697264	-19.70665905	-21.92347948	-24.22173514	-26.68779899	-29.43732433	-6.858000227	-9.795552116	-12.41852701	-14.81348804	-17.07107014	-19.25501723	-21.42937864	-23.66057876	-26.02077253	-28.64358246	-31.69705439	-8.946711227	-10.99014111	-13.12031863	-15.223981	-17.29176883	-19.33989803	-21.40772557	-23.55188402	-25.8356459	-28.35615181	-31.2787111	-11.79364003	-12.95749346	-14.5140771	-16.23742917	-18.04039807	-19.90701619	-21.8465737	-23.88642285	-26.08561579	-28.52840617	-31.37255476	-14.94255718	-15.38650502	-16.40007355	-17.71647996	-19.23748081	-20.90066776	-22.687366	-24.60825246	-26.72740546	-29.11856396	-31.93751671	-18.24768577	-18.10816587	-18.6394614	-19.59513409	-20.8304988	-22.26998952	-23.8974547	-25.71205042	-27.7573105	-30.12053227	-32.97325027	-21.07808287	-21.18228463	-21.78690337	-22.75263556	-23.98133057	-25.46431466	-27.18580055	-29.19093868	-31.57576274	-24.1023178	-24.36604261	-25.05700205	-26.10607261	-27.44959155	-29.10290176	-31.11655872	-27.46053219	-27.89061008	-28.75315802	-29.99358957	-31.62346301
	12750000	-17.92404212	-19.90684012	-21.97764679	-24.17150398	-26.56090627	-13.33264237	-15.66967129	-17.90810751	-20.11527917	-22.34934133	-24.69708738	-27.24922931	-9.131762464	-11.95840073	-14.46393797	-16.79185442	-19.03291553	-21.24926691	-23.54672274	-26.00945028	-28.75439018	-6.16731767	-9.112100037	-11.74074407	-14.13946635	-16.39872186	-18.58302673	-20.75802536	-22.98851438	-25.34449095	-27.9653622	-31.00946061	-8.259387696	-10.30958783	-12.4450456	-14.55238146	-16.621498	-18.67078085	-20.7378244	-22.88077418	-25.16473326	-27.67992602	-30.59432266	-11.10882082	-12.27807985	-13.83865684	-15.56468051	-17.37042446	-19.2383309	-21.17764981	-23.21540887	-25.41113056	-27.85288495	-30.68935162	-14.25719039	-14.7074434	-15.72399979	-17.04442086	-18.56673888	-20.22993825	-22.0173367	-23.93707892	-26.0542542	-28.44052236	-31.25470671	-17.56142683	-17.42742627	-17.96211969	-18.92200517	-20.15837584	-21.60071019	-23.22666447	-25.04063305	-27.08436704	-29.44121416	-32.28942495	-20.3946921	-20.50502406	-21.11217771	-22.08020992	-23.30834913	-24.79043568	-26.51010235	-28.51139277	-30.89201075	-23.41829544	-23.6858959	-24.37987633	-25.43115259	-26.77200527	-28.42610869	-30.43456327	-26.77462208	-27.20712231	-28.06874159	-29.31002612	-30.93756801
	13600000	-17.27856594	-19.26136188	-21.33415842	-23.52612632	-25.91506186	-12.68798887	-15.02855058	-17.24881425	-19.47656352	-21.70881746	-24.05320382	-26.60456262	-8.486511837	-11.32188931	-13.82605525	-16.1567551	-18.40108132	-20.61635965	-22.91030149	-25.37126799	-28.10892738	-5.51849879	-8.470404106	-11.10339877	-13.50454101	-15.76495255	-17.95062998	-20.12573637	-22.3533463	-24.70897625	-27.32372403	-30.36367214	-7.612894615	-9.674069813	-11.80866198	-13.91852055	-15.98879652	-18.03917542	-20.10691454	-22.24920502	-24.52708958	-27.04230061	-29.95010725	-10.46347158	-11.63974101	-13.20432087	-14.93243085	-16.73935193	-18.60735451	-20.54523175	-22.58235742	-24.77665654	-27.21268317	-30.0471345	-13.61108844	-14.06769467	-15.08816215	-16.41210994	-17.93559885	-19.59972239	-21.38469343	-23.30355529	-25.41930381	-27.80191418	-30.6109784	-16.91379202	-16.78523884	-17.32510399	-18.28606486	-19.52421331	-20.96698959	-22.59250617	-24.4051506	-26.44882095	-28.8004438	-31.64068323	-19.750364	-19.86453836	-20.47438949	-21.44330543	-22.67356943	-24.15540534	-25.873041	-27.87214321	-30.25035087	-22.77429873	-23.04502078	-23.74128347	-24.78962426	-26.1321772	-27.78724951	-29.78844255	-26.12696949	-26.56329057	-27.42438365	-28.66287697	-30.29138591
	14450000	-16.67492006	-18.66268572	-20.73702935	-22.93288911	-25.31297286	-12.08664134	-14.4143777	-16.6714854	-18.88378877	-21.09479172	-23.44045408	-26.01095381	-7.88472296	-10.71864917	-13.23997432	-15.5626392	-17.78714076	-20.02695859	-22.32251191	-24.77414663	-27.51558232	-4.91966331	-7.877076284	-10.51131523	-12.9153942	-15.15303132	-17.3415821	-19.53570763	-21.76890653	-24.11874199	-26.73179962	-29.76635462	-7.016121175	-9.056738525	-11.19565399	-13.32670494	-15.40225487	-17.42905644	-19.51083204	-21.6634943	-23.94109401	-26.4251693	-29.32789799	-9.865116893	-11.05031098	-12.6119037	-14.34115292	-16.1540205	-18.02082983	-19.94087735	-21.99389467	-24.18836614	-26.62305365	-29.45343259	-13.01600402	-13.47109713	-14.49781822	-15.82643594	-17.3478292	-19.01111821	-20.79985777	-22.71475614	-24.78191056	-27.20623463	-29.98896829	-16.30685037	-16.18573157	-16.73584099	-17.69513427	-18.93653502	-20.3787399	-22.00678897	-23.81793247	-25.8580506	-28.18264001	-31.01947102	-19.12803106	-19.24730011	-19.8857172	-20.85517941	-22.05952529	-23.56641159	-25.28810626	-27.28049223	-29.65434851	-22.17384356	-22.44923557	-23.1524051	-24.19747906	-25.5410613	-27.18941662	-29.1938189	-25.52876108	-25.95898331	-26.80511314	-28.06360831	-29.69303245
	15300000	-16.13660577	-18.12168188	-20.19328248	-22.38777393	-24.76937667	-11.54242079	-13.88691508	-16.1311527	-18.34525496	-20.57010206	-22.91263226	-25.46392163	-7.322910534	-10.1824029	-12.69572002	-15.02377842	-17.2664216	-19.45670923	-21.78091644	-24.23864744	-26.94808936	-4.369013452	-7.30719317	-9.961833324	-12.37722218	-14.60431383	-16.8208439	-19.00275723	-21.22740239	-23.57709727	-26.15930842	-29.22597066	-6.469861714	-8.530464851	-10.66696034	-12.79307591	-14.86541801	-16.91227844	-18.98373422	-21.12658995	-23.38117145	-25.90556085	-28.80810223	-9.315929349	-10.50616229	-12.08095125	-13.80923738	-15.61896201	-17.47792473	-19.41937206	-21.45699682	-23.65202427	-26.08149752	-28.9108381	-12.47229899	-12.92440131	-13.95806692	-15.28677826	-16.80696771	-18.47235987	-20.26169853	-22.16206951	-24.27840421	-26.6715275	-29.46324369	-15.76630765	-15.6468373	-16.19405244	-17.15782047	-18.40339045	-19.84246923	-21.47449341	-23.28105977	-25.32002284	-27.66483289	-30.49521692	-18.60562243	-18.72794327	-19.32334649	-20.31681414	-21.53786648	-23.02902156	-24.74869646	-26.7427009	-29.10236263	-21.63765533	-21.91333142	-22.61105503	-23.65887449	-24.99929862	-26.65355199	-28.64710876	-24.98396159	-25.41982168	-26.27388944	-27.51592466	-29.1499453
	16150000	-15.62733829	-17.61251002	-19.69112295	-21.87837497	-24.26227801	-11.01015194	-13.37900409	-15.62505957	-17.83593849	-20.06389065	-22.40753799	-24.95813445	-6.826192816	-9.670475966	-12.1843605	-14.51531359	-16.75756478	-18.97298276	-21.27312896	-23.72884319	-26.45712027	-3.856591589	-6.813012349	-9.458952724	-11.8667358	-14.12235106	-16.31366093	-18.49232049	-20.71740911	-23.04858751	-25.67677422	-28.71593397	-5.957341394	-8.020910869	-10.16425101	-12.2832807	-14.35397955	-16.40381643	-18.47563796	-20.62072222	-22.88921285	-25.39453065	-28.28217428	-8.784651954	-9.995238305	-11.56816649	-13.29901376	-15.10941897	-16.97699542	-18.91259148	-20.9268354	-23.14538306	-25.57365823	-28.4013374	-11.96042407	-12.42056433	-13.44937972	-14.77962884	-16.29617513	-17.96520717	-19.75179114	-21.66880852	-23.77483516	-26.16272548	-28.95955349	-15.26154189	-15.13565136	-15.68762696	-16.65214537	-17.89208492	-19.33652635	-20.96203461	-22.77317872	-24.81174231	-27.15558738	-29.98751465	-18.07677122	-18.21961572	-18.83197534	-19.80744639	-21.03656438	-22.52137375	-24.23768893	-26.23306088	-28.60250218	-21.12636409	-21.40263044	-22.1009897	-23.14995367	-24.49211914	-26.14172364	-28.14398781	-24.47603338	-24.91496597	-25.77416619	-27.01615602	-28.64059415
	17000000	-15.14547312	-17.13327137	-19.20677052	-21.39668353	-23.78147122	-10.54711444	-12.8989732	-15.14298025	-17.35490053	-19.58326268	-21.92550673	-24.4765769	-6.345517049	-9.188872821	-11.70214394	-14.03368979	-16.2752373	-18.49211757	-20.79411822	-23.24700671	-25.97685054	-3.374532647	-6.333661763	-8.976449535	-11.3854219	-13.64238134	-15.83154877	-18.00854075	-20.23452519	-22.58422221	-25.19619471	-28.23293057	-5.474723472	-7.538929212	-9.68267213	-11.800677	-13.87254204	-15.92193716	-17.99284037	-20.13565164	-22.40844437	-24.91709609	-27.81738834	-8.322208765	-9.51320625	-11.08474367	-12.81622951	-14.62524773	-16.49294807	-18.43002635	-20.46204326	-22.66045373	-25.09003756	-27.91963682	-11.47901557	-11.93910999	-12.96567753	-14.29598343	-15.81875123	-17.48269982	-19.26886523	-21.18604661	-23.29334755	-25.68052273	-28.47624864	-14.78083484	-14.65502884	-15.20387118	-16.16782286	-17.40823488	-18.85284228	-20.47825488	-22.28874859	-24.32697766	-26.67426076	-29.50629434	-17.61390599	-17.73809542	-18.35095268	-19.32424146	-20.55520309	-22.03726808	-23.75431376	-25.7494429	-28.11924896	-20.64407924	-20.91640368	-21.61907116	-22.66925502	-24.00961015	-25.65924676	-27.66097615	-23.99386522	-24.43147597	-25.2920577	-26.53303466	-28.15969165
	17850000	-14.69462197	-16.68070122	-18.75327711	-20.94520182	-23.33059632	-10.0980409	-12.44775402	-14.6921723	-16.90264567	-19.1327622	-21.4733748	-24.02343342	-5.894329753	-8.736691777	-11.25094353	-13.58285017	-15.82443981	-18.04314171	-20.34109019	-22.7950125	-25.52404522	-2.922167869	-5.882319272	-8.525708842	-10.93350693	-13.19261835	-15.38084824	-17.55712357	-19.78345347	-22.13570755	-24.74496409	-27.77996003	-5.022781622	-7.087829471	-9.231972244	-11.3493941	-13.42154548	-15.47189665	-17.54199188	-19.6838781	-21.9582893	-24.46686394	-27.3660803	-7.873735746	-9.061880459	-10.63366297	-12.36482662	-14.17532477	-16.0425886	-17.97930918	-20.01254657	-22.20933102	-24.63918073	-27.4665341	-11.02693359	-11.4881706	-12.51530699	-13.84531373	-15.36852775	-17.03220558	-18.81691398	-20.73497528	-22.8431569	-25.22695406	-28.02460349	-14.32988487	-14.20356968	-14.75199385	-15.71648605	-16.95629277	-18.40088338	-20.02577364	-21.83636076	-23.87461814	-26.22191802	-29.05341188	-17.16502686	-17.28723854	-17.90035012	-18.87276974	-20.10441144	-21.58586759	-23.30301138	-25.29805995	-27.66769218	-20.1911509	-20.46631773	-21.16748828	-22.21611184	-23.55913498	-25.20647796	-27.20839157	-23.5417461	-23.97895918	-24.84053996	-26.08112523	-27.70593831
	18700000	-14.26793752	-16.25384626	-18.32696347	-20.51901807	-22.90242006	-9.672920518	-12.02282747	-14.26815348	-16.47790454	-18.70854869	-21.04903439	-23.59727518	-5.467528873	-8.311847709	-10.82642921	-13.15996312	-15.40063304	-17.62036687	-19.91741254	-22.36922996	-25.0995349	-2.493692685	-5.45696143	-8.100264029	-10.5095092	-12.77103346	-14.95938462	-17.13471617	-19.3608157	-21.71249651	-24.31940272	-27.35301252	-4.594992604	-6.662677096	-8.808471062	-10.92706031	-13.00033697	-15.05077679	-17.12060078	-19.26218959	-21.5352621	-24.04201988	-26.94254981	-7.447834197	-8.636960266	-10.21025191	-11.94280718	-13.75352913	-15.62063733	-17.5591312	-19.5922379	-21.787665	-24.21421264	-27.04155429	-10.60067777	-11.06376166	-12.0908171	-13.42332773	-14.94723302	-16.61162801	-18.39615241	-20.31248274	-22.4200679	-24.80277608	-27.59915243	-13.90186788	-13.77927327	-14.32799965	-15.29363244	-16.53362394	-17.97809354	-19.60355752	-21.41415441	-23.45168679	-25.79832376	-28.62733889	-16.74032652	-16.86219581	-17.47696947	-18.44892104	-19.68248317	-21.16308365	-22.87759209	-24.87169762	-27.24321875	-19.76479437	-20.04265849	-20.74281532	-21.79140117	-23.13503006	-24.78088501	-26.78068335	-23.11479818	-23.55217055	-24.41567104	-25.65448218	-27.28098718
	19550000	-13.86490713	-15.8528653	-17.9274413	-20.1189983	-22.50184177	-9.271180564	-11.62237369	-13.86925266	-16.07999711	-18.31093205	-20.6519626	-23.19800026	-5.065447281	-7.910677729	-10.42754118	-12.76194135	-15.00418651	-17.22474072	-19.52015603	-21.97267699	-24.70112498	-2.091404299	-5.055760649	-7.700049732	-10.11098293	-12.3742247	-14.56445979	-16.73999592	-18.96597136	-21.31849044	-23.92277642	-26.95327548	-4.192809427	-6.262929308	-8.41040964	-10.53063909	-12.60540855	-14.65718116	-16.72726466	-18.8680017	-21.14153251	-23.64674748	-26.54398151	-7.047207239	-8.236845432	-9.812627055	-11.54631285	-13.35856856	-15.22682787	-17.16533521	-19.19982386	-21.3919047	-23.82069202	-26.64306492	-10.19882052	-10.66404092	-11.69360541	-13.02665511	-14.55345307	-16.21743964	-18.00258819	-19.91847878	-22.02588745	-24.4079191	-27.20103938	-13.50084554	-13.37998228	-13.93061685	-14.89789655	-16.13866349	-17.58454557	-19.20971555	-21.01914282	-23.05633302	-25.40223579	-28.2294981	-16.34168015	-16.46579068	-17.08182425	-18.05434802	-19.28950878	-20.76931543	-22.4846525	-24.47722073	-26.84713258	-19.36625809	-19.64663501	-20.34778576	-21.3949105	-22.73919026	-24.38511612	-26.38647174	-22.71753356	-23.15524036	-24.01838116	-25.2578059	-26.88173701
	20400000	-13.48922343	-15.47714261	-17.5513004	-19.7436965	-22.12675167	-8.896094573	-11.24682262	-13.49482467	-15.70534811	-17.93740931	-20.27792742	-22.82358208	-4.690783637	-7.538580651	-10.05351397	-12.38859128	-14.62495567	-16.851392	-19.14623963	-21.59718496	-24.32709405	-1.716659903	-4.682128515	-7.325740614	-9.736874416	-12.00215191	-14.19125631	-16.36678456	-18.5928586	-20.94466514	-23.55043409	-26.57912662	-3.818735191	-5.893441992	-8.037242657	-10.15766206	-12.23345778	-14.28533371	-16.35529553	-18.49592828	-20.76958226	-23.27457932	-26.17165984	-6.673326266	-7.863186441	-9.440019465	-11.17365467	-12.98683147	-14.85367309	-16.7938861	-18.82772762	-21.01926897	-23.44817561	-26.27051153	-9.825402159	-10.2905566	-11.31991834	-12.65416752	-14.18131028	-15.84541669	-17.63106273	-19.54600259	-21.6547727	-24.03515754	-26.83096722	-13.12740781	-13.00783507	-13.55779891	-14.52446012	-15.76591347	-17.21324147	-18.837519	-20.64744575	-22.68389057	-25.03078657	-27.85707043	-15.96902851	-16.09280585	-16.70851904	-17.68217165	-18.91777385	-20.39830874	-22.11364739	-24.10619964	-26.47551391	-18.99281778	-19.27489656	-19.97388906	-21.02189591	-22.36899585	-23.99314808	-26.01442787	-22.34353577	-22.78285328	-23.64593714	-24.88542038	-26.51020359
	21250000	-13.13788925	-15.12644091	-17.20220579	-19.37092166	-21.7750313	-8.541821555	-10.87217712	-13.14487971	-15.35163654	-17.58751326	-19.92879108	-22.47098237	-4.335882673	-7.181950711	-9.702867537	-12.02304679	-14.27430798	-16.49990394	-18.79051428	-21.22206547	-23.97048456	-1.34220723	-4.324255897	-6.972762305	-9.382600924	-11.65089423	-13.83831036	-16.01120502	-18.2412751	-20.56552738	-23.19913594	-26.23071131	-3.466791056	-5.534610455	-7.683212729	-9.802478845	-11.88173676	-13.92806793	-16.00494808	-18.13825919	-20.40719341	-22.91837697	-25.81995641	-6.319857225	-7.502970916	-9.081712289	-10.79294961	-12.60817347	-14.50168065	-16.4411459	-18.46973656	-20.66832844	-23.0735551	-25.89693577	-9.470094992	-9.931603659	-10.96544099	-12.29789545	-13.79351429	-15.48631999	-17.27881055	-19.18745442	-21.29598224	-23.68085658	-26.4769855	-12.77132421	-12.65649258	-13.20490044	-14.16576861	-15.41021295	-16.85484368	-18.47421051	-20.29095305	-22.32975168	-24.67464738	-27.50737636	-15.61125705	-15.73389295	-16.34526052	-17.30231996	-18.55876906	-20.04182189	-21.75762989	-23.75103878	-26.12194602	-18.60687013	-18.91459198	-19.61624582	-20.66505684	-22.01682832	-23.65146063	-25.66065002	-21.989732	-22.42647077	-23.29065579	-24.5032071	-26.16023923
