BPM Serial No.	16elec																																																																																																	
BPM Size	110																																																																																																	
"Experi,menter"	Nakanishi      Uno      Toyanma      Hanamura      Kawachi      																																																																																																	
Meas. Start Time	2016/10/1418:06																																																																																																	
Meas. Finish Time	2016/10/1418:53																																																																																																	
Linear Scale Origin X(mm)	-102.6																																																																																																	
Linear Scale Origin Y(mm)	110.258																																																																																																	
note																																																																																																		
																																																																																																		
																																																																																																		
Data Point Number		1	2	3	4	5	6	7	8	9	10	11	12	13	14	15	16	17	18	19	20	21	22	23	24	25	26	27	28	29	30	31	32	33	34	35	36	37	38	39	40	41	42	43	44	45	46	47	48	49	50	51	52	53	54	55	56	57	58	59	60	61	62	63	64	65	66	67	68	69	70	71	72	73	74	75	76	77	78	79	80	81	82	83	84	85	86	87	88	89	90	91	92	93	94	95	96	97
Linear Scale X (mm)		-122.601	-112.603	-102.602	-92.601	-82.601	-132.602	-122.604	-112.604	-102.602	-92.601	-82.601	-72.6	-142.604	-132.605	-122.604	-112.604	-102.602	-92.601	-82.601	-72.6	-62.6	-152.604	-142.607	-132.605	-122.604	-112.604	-102.602	-92.601	-82.601	-72.6	-62.6	-52.598	-152.604	-142.607	-132.605	-122.604	-112.604	-102.602	-92.601	-82.601	-72.6	-62.599	-52.598	-152.604	-142.607	-132.605	-122.604	-112.604	-102.602	-92.601	-82.601	-72.6	-62.6	-52.598	-152.604	-142.607	-132.605	-122.604	-112.604	-102.602	-92.601	-82.601	-72.6	-62.6	-52.598	-152.604	-142.607	-132.605	-122.604	-112.604	-102.602	-92.601	-82.602	-72.601	-62.6	-52.598	-142.604	-132.605	-122.604	-112.604	-102.602	-92.601	-82.601	-72.601	-62.6	-132.602	-122.604	-112.604	-102.602	-92.601	-82.601	-72.6	-122.601	-112.603	-102.602	-92.601	-82.601
Linear Scale Y (mm)		60.259	60.259	60.259	60.259	60.259	70.256	70.256	70.256	70.256	70.256	70.256	70.256	80.255	80.255	80.255	80.255	80.255	80.255	80.255	80.255	80.255	90.254	90.254	90.254	90.254	90.254	90.254	90.254	90.254	90.254	90.254	90.254	100.255	100.255	100.255	100.255	100.255	100.255	100.255	100.255	100.255	100.255	100.255	110.255	110.255	110.255	110.255	110.255	110.255	110.255	110.255	110.255	110.255	110.255	120.254	120.254	120.254	120.254	120.254	120.254	120.254	120.254	120.254	120.254	120.254	130.254	130.254	130.254	130.254	130.254	130.254	130.254	130.254	130.254	130.254	130.254	140.254	140.255	140.255	140.255	140.255	140.255	140.255	140.255	140.255	150.254	150.254	150.255	150.255	150.255	150.255	150.255	160.254	160.255	160.255	160.255	160.255
R(beam)[mm]		20.001	10.003	0.002	-9.999	-19.999	30.002	20.004	10.004	0.002	-9.999	-19.999	-30	40.004	30.005	20.004	10.004	0.002	-9.999	-19.999	-30	-40	50.004	40.007	30.005	20.004	10.004	0.002	-9.999	-19.999	-30	-40	-50.002	50.004	40.007	30.005	20.004	10.004	0.002	-9.999	-19.999	-30	-40.001	-50.002	50.004	40.007	30.005	20.004	10.004	0.002	-9.999	-19.999	-30	-40	-50.002	50.004	40.007	30.005	20.004	10.004	0.002	-9.999	-19.999	-30	-40	-50.002	50.004	40.007	30.005	20.004	10.004	0.002	-9.999	-19.998	-29.999	-40	-50.002	40.004	30.005	20.004	10.004	0.002	-9.999	-19.999	-29.999	-40	30.002	20.004	10.004	0.002	-9.999	-19.999	-30	20.001	10.003	0.002	-9.999	-19.999
Y(beam)[mm]		-49.999	-49.999	-49.999	-49.999	-49.999	-40.002	-40.002	-40.002	-40.002	-40.002	-40.002	-40.002	-30.003	-30.003	-30.003	-30.003	-30.003	-30.003	-30.003	-30.003	-30.003	-20.004	-20.004	-20.004	-20.004	-20.004	-20.004	-20.004	-20.004	-20.004	-20.004	-20.004	-10.003	-10.003	-10.003	-10.003	-10.003	-10.003	-10.003	-10.003	-10.003	-10.003	-10.003	-0.003	-0.003	-0.003	-0.003	-0.003	-0.003	-0.003	-0.003	-0.003	-0.003	-0.003	9.996	9.996	9.996	9.996	9.996	9.996	9.996	9.996	9.996	9.996	9.996	19.996	19.996	19.996	19.996	19.996	19.996	19.996	19.996	19.996	19.996	19.996	29.996	29.997	29.997	29.997	29.997	29.997	29.997	29.997	29.997	39.996	39.996	39.997	39.997	39.997	39.997	39.997	49.996	49.997	49.997	49.997	49.997
Net Ana Temperature[℃]		23.28038691	23.29894313	23.32700078	23.34297066	23.3699974	23.39838743	23.43997663	23.4713503	23.49855103	23.51956894	23.54437549	23.58530771	23.64964165	23.68216048	23.7100026	23.74724747	23.78308491	23.80813555	23.8375435	23.86191898	23.889839	23.9549182	23.96554661	23.92874578	23.90275253	23.8839704	23.84209556	23.8057933	23.77652817	23.73114256	23.68827318	23.65324591	23.52946767	23.48820566	23.44710724	23.41433394	23.38083355	23.3554791	23.31180732	23.29791223	23.26895092	23.24175539	23.23339392	23.22413659	23.23279148	23.23559595	23.24010647	23.24277071	23.25434433	23.2630148	23.28194235	23.3089691	23.32616463	23.3485718	23.41860036	23.47695404	23.45910413	23.46382238	23.50969099	23.54489483	23.58551285	23.63033757	23.64207219	23.68939237	23.72493378	23.89041288	23.86374708	23.88827837	23.91228252	23.94468969	23.97341989	23.96561932	23.97689172	23.93807063	23.90703713	23.86591275	23.7503168	23.71451052	23.67923656	23.63719034	23.60250584	23.64131654	23.53777201	23.49417554	23.47627629	23.38867567	23.35029603	23.3081771	23.34179953	23.24826019	23.22140483	23.20636458	23.21522202	23.22346404	23.22480914	23.24149312	23.23554921
BPM Temperature[℃]		21.20781615	21.2269021	21.26398338	21.29735134	21.32635679	21.34954557	21.36351597	21.36717736	21.37089068	21.39280706	21.40664762	21.41545053	21.47353934	21.49690989	21.511114	21.53609452	21.55580369	21.60719294	21.60438847	21.63939237	21.65193456	21.64468969	21.61311348	21.57351337	21.52440924	21.49249546	21.44224877	21.40088289	21.35286938	21.30836146	21.28343287	21.2337315	21.15863412	21.11464555	21.07598026	21.04118411	21.01469748	20.98390029	20.97057907	20.96304856	20.93767853	20.91230849	20.91274994	20.92292911	20.93199169	20.95144118	20.98096598	21.00345365	21.03697741	21.05154505	21.08384835	21.11646326	21.14123604	21.17164373	21.25868606	21.28200467	21.32311088	21.32794079	21.34988315	21.3830174	21.41890418	21.43419891	21.46377564	21.49343028	21.53173202	21.6183329	21.65157102	21.6618281	21.67660348	21.71023111	21.67042327	21.63889899	21.59182031	21.53404311	21.48247209	21.44011945	21.27540898	21.23165412	21.18403012	21.14614386	21.11394443	21.06081537	21.00633602	20.95045443	20.90908855	20.83926253	20.81830693	20.80360945	20.76554142	20.74676707	20.74616983	20.75512854	20.8239678	20.85310309	20.88719813	20.92028045	20.96006232
Frequency (Hz) / Data (dB)	850000	-40.94937525	-42.91856528	-45.07329284	-47.28968312	-49.72139583	-36.41160958	-38.69529615	-40.93141487	-43.18243078	-45.43253746	-47.81767728	-50.39581877	-32.24303901	-35.03751614	-37.49410626	-39.84800006	-42.11027616	-44.29222224	-46.62319754	-49.14254675	-51.92998536	-29.31481708	-32.2088485	-34.81107554	-37.17653548	-39.46742197	-41.64913528	-43.81973064	-46.04446278	-48.49725526	-51.13349509	-54.23437215	-31.38882239	-33.39677017	-35.51992986	-37.61479199	-39.68088078	-41.74781009	-43.821135	-45.94575981	-48.27178199	-50.85921051	-53.83514146	-34.1952941	-35.37381483	-36.91702297	-38.63867782	-40.4268937	-42.32231253	-44.25077223	-46.32631016	-48.55061715	-51.01512619	-53.91800544	-37.32901908	-37.77489555	-38.78063876	-40.12344862	-41.56562855	-43.30207892	-45.10177817	-46.98869418	-49.17556547	-51.61795182	-54.4836231	-40.64896538	-40.50751511	-40.97860814	-42.01018231	-43.23684601	-44.67229033	-46.33668588	-48.1600051	-50.23911251	-52.6303078	-55.55307103	-43.46624931	-43.58780047	-44.20944345	-45.15695489	-46.41876775	-47.89131113	-49.68522107	-51.711257	-54.14107462	-46.52140547	-46.79875938	-47.50277479	-48.54747004	-49.91476698	-51.61555486	-53.69805216	-49.92596451	-50.3643662	-51.2601166	-52.52203455	-54.23378387
	1700000	-35.15914229	-37.1256079	-39.23879928	-41.42897777	-43.84017748	-30.6105963	-32.90589144	-35.12952014	-37.35756288	-39.59110625	-41.94617301	-44.50886123	-26.4386992	-29.2346184	-31.70032138	-34.03408204	-36.27446954	-38.46087274	-40.77729442	-43.2464164	-46.02509817	-23.50191991	-26.40469623	-29.00764676	-31.37622811	-33.64228963	-35.81661781	-37.99691916	-40.19898863	-42.60201163	-45.21310096	-48.28391402	-25.57461135	-27.59065722	-29.70861645	-31.79821282	-33.85988739	-35.90835332	-37.97412758	-40.09500127	-42.40172161	-44.93886011	-47.87036485	-28.39602764	-29.55884425	-31.10207984	-32.81791564	-34.61079751	-36.47698307	-38.41412313	-40.44911271	-42.64799161	-45.11139419	-47.97353599	-31.52677346	-31.9698139	-32.97567174	-34.29919283	-35.75792979	-37.45494952	-39.2497593	-41.13916389	-43.29213165	-45.6892116	-48.5266314	-34.83855596	-34.68337308	-35.17769923	-36.16443586	-37.39976996	-38.83931475	-40.46279236	-42.269712	-44.32336176	-46.72025753	-49.58639907	-37.65673239	-37.74382722	-38.35307253	-39.31732246	-40.57056505	-42.02878688	-43.77021151	-45.7656224	-48.18275739	-40.6709279	-40.92869628	-41.63671167	-42.6787449	-44.0162916	-45.69006736	-47.69795624	-44.05322039	-44.46881553	-45.32866978	-46.5871073	-48.23546062
	2550000	-31.80789363	-33.77160869	-35.86982048	-38.06727573	-40.45385778	-27.24515035	-29.54410234	-31.77018484	-33.99053766	-36.22681658	-38.56998322	-41.13966196	-23.06520751	-25.86404984	-28.33598466	-30.66505853	-32.90261968	-35.10091598	-37.407829	-39.87922487	-42.63671369	-20.12414443	-23.03163572	-25.63616759	-28.00934217	-30.26948951	-32.4491415	-34.62220588	-36.83567776	-39.21616359	-41.84537171	-44.8965932	-22.20112829	-24.22024287	-26.33637502	-28.42820589	-30.49009522	-32.53795052	-34.60079235	-36.72872651	-39.02381536	-41.56286155	-44.48113921	-25.03092393	-26.18896711	-27.7292657	-29.44490335	-31.23535373	-33.10469893	-35.04119283	-37.07376628	-39.27619801	-41.73377639	-44.57312465	-28.16304423	-28.60161847	-29.60676937	-30.93065976	-32.39948509	-34.08515197	-35.88014029	-37.76566262	-39.90818166	-42.32465738	-45.15016364	-31.47912444	-31.3196276	-31.81694885	-32.79281925	-34.02395365	-35.4610395	-37.0837832	-38.8911937	-40.94757851	-43.33133372	-46.17547061	-34.29202154	-34.38419488	-34.98543841	-35.94857994	-37.17954654	-38.6569632	-40.37966143	-42.39363671	-44.78633672	-37.30838438	-37.57043702	-38.26331443	-39.29627626	-40.64780054	-42.30309961	-44.33279004	-40.66892915	-41.10351898	-41.96196178	-43.20237939	-44.85046935
	3400000	-29.4314067	-31.3961548	-33.48793927	-35.68386716	-38.08155689	-24.86337146	-27.16468883	-29.38843088	-31.60616225	-33.84018938	-36.19264996	-38.75109075	-20.67852459	-23.47830662	-25.95257943	-28.27990599	-30.51809399	-32.71754512	-35.0182873	-37.49671024	-40.25429534	-17.7354772	-20.64345023	-23.24832973	-25.62478248	-27.87961551	-30.06060884	-32.23095765	-34.45054282	-36.83715123	-39.45839455	-42.51491285	-19.81296456	-21.83254592	-23.94885502	-26.04260268	-28.10150089	-30.1470229	-32.21340247	-34.34286181	-36.64125075	-39.16170305	-42.09963629	-22.64463289	-23.80100557	-25.34081168	-27.05464705	-28.84740557	-30.7116278	-32.65171165	-34.68669307	-36.88656521	-39.33639125	-42.18189104	-25.78231373	-26.21456985	-27.21803443	-28.54192221	-30.01543388	-31.69541055	-33.48325745	-35.37973392	-37.52700644	-39.93163682	-42.75550971	-29.09825974	-28.93225327	-29.43518819	-30.40688582	-31.6356358	-33.07056389	-34.69340535	-36.51286326	-38.55832228	-40.93995695	-43.78912262	-31.91522413	-31.9971708	-32.60161181	-33.56025878	-34.79724939	-36.26380136	-37.99768455	-39.99783324	-42.39423304	-34.92544268	-35.18305866	-35.87819075	-36.91241278	-38.2646913	-39.91457802	-41.93727423	-38.2876319	-38.70978065	-39.57710785	-40.81689183	-42.45285727
	4250000	-27.5835987	-29.54793426	-31.63669946	-33.83095336	-36.22151221	-23.00919484	-25.31487508	-27.53644461	-29.75269066	-31.98739073	-34.3357906	-36.89969992	-18.8229234	-21.62212425	-24.09803364	-26.42520296	-28.6598095	-30.86333793	-33.16926316	-35.63915363	-38.40057218	-15.87892892	-18.78763347	-21.39218929	-23.76906228	-26.02232769	-28.20244335	-30.37447608	-32.59591885	-34.97974072	-37.5980572	-40.65683892	-17.95647899	-19.97483897	-22.09109455	-24.18478204	-26.24307971	-28.28713246	-30.35512647	-32.48471666	-34.78025722	-37.31190505	-40.23997666	-20.79070152	-21.94325313	-23.48255968	-25.19671356	-26.98996711	-28.85560246	-30.79320921	-32.82877301	-35.026085	-37.47631889	-40.33321931	-23.93006866	-24.3608532	-25.36237724	-26.68353734	-28.16079903	-29.83734123	-31.62825163	-33.52744903	-35.67107226	-38.07193755	-40.88708452	-27.24749352	-27.08232664	-27.58198842	-28.5488132	-29.77620081	-31.21352843	-32.83530622	-34.65442133	-36.70749029	-39.07344413	-41.93259267	-30.0669622	-30.14644972	-30.74314332	-31.70530832	-32.94065798	-34.41089483	-36.13194169	-38.14330896	-40.53202993	-33.07306696	-33.33003158	-34.02441494	-35.0593482	-36.40689598	-38.05411762	-40.07683085	-36.43436779	-36.86022429	-37.71653684	-38.96024004	-40.59593431
	5100000	-26.07531485	-28.04128352	-30.12736599	-32.32232535	-34.71618695	-21.49521365	-23.80204922	-26.02399584	-28.23664129	-30.47564071	-32.82763519	-35.38993536	-17.30575907	-20.10454606	-22.58251682	-24.90763174	-27.14458091	-29.35088031	-31.65883692	-34.12908506	-36.88640754	-14.36185659	-17.26967324	-19.87439591	-22.25062203	-24.5039367	-26.68539012	-28.86168026	-31.07708	-33.46678754	-36.08376582	-39.16199317	-16.43972517	-18.45640126	-20.57207806	-22.6638534	-24.72362769	-26.76975822	-28.8370076	-30.97186739	-33.26911036	-35.80426857	-38.73911833	-19.27580374	-20.42430281	-21.96419816	-23.67624012	-25.46869686	-27.33589202	-29.27229311	-31.30984209	-33.51582284	-35.96799947	-38.83018565	-22.41790669	-22.84481727	-23.84521857	-25.16412619	-26.64431594	-28.3202231	-30.11073074	-32.01327193	-34.16199527	-36.55371668	-39.3947039	-25.7380166	-25.56572432	-26.06907569	-27.03266099	-28.25964692	-29.69817908	-31.32457495	-33.13793382	-35.19324396	-37.56909911	-40.43502303	-28.55540038	-28.63574795	-29.23179015	-30.19088593	-31.42551239	-32.89636796	-34.62350003	-36.63191993	-39.03254908	-31.56769681	-31.82105965	-32.51325672	-33.55194478	-34.89752538	-36.55028417	-38.57668485	-34.93158608	-35.3513834	-36.21527796	-37.45757385	-39.09722738
	5950000	-24.79349947	-26.75705828	-28.84250491	-31.03880183	-33.4368274	-20.20781303	-22.51547997	-24.73694875	-26.95027585	-29.18728707	-31.54146023	-34.10841996	-16.0163786	-18.81424816	-21.29257691	-23.61677177	-25.85364741	-28.06582669	-30.37193877	-32.84643941	-35.60797051	-13.07358831	-15.97891508	-18.58336061	-20.960731	-23.21240711	-25.39359251	-27.56872428	-29.79158056	-32.17999936	-34.80650934	-37.88072083	-15.15056257	-17.16470367	-19.2790331	-21.37173989	-23.43002444	-25.47758061	-27.5461717	-29.68047964	-31.9796977	-34.51476178	-37.45734417	-17.98677556	-19.13314191	-20.67086305	-22.38236414	-24.17575696	-26.04109178	-27.98026779	-30.02066423	-32.22830336	-34.68411671	-37.54930848	-21.13172185	-21.55443185	-22.55213389	-23.8724509	-25.35592089	-27.02873154	-28.82021301	-30.72556872	-32.86983912	-35.2755873	-38.11303264	-24.45334342	-24.28107629	-24.78123905	-25.74263293	-26.96857973	-28.40800132	-30.03378954	-31.85153111	-33.91128594	-36.28733961	-39.15463986	-27.2712527	-27.34713247	-27.94241466	-28.90185666	-30.13731865	-31.61045434	-33.33690173	-35.34941537	-37.75083394	-30.28243423	-30.5345424	-31.22566995	-32.26348591	-33.612263	-35.26805018	-37.29452697	-33.65097895	-34.07316232	-34.93373588	-36.17541248	-37.81360231
	6800000	-23.68207546	-25.6466469	-27.72943093	-29.92382707	-32.32393792	-19.09206354	-21.40013888	-23.62342848	-25.83442701	-28.07134085	-30.42420138	-32.99312565	-14.89964902	-17.69681171	-20.16066758	-22.50008791	-24.72175027	-26.95005093	-29.25587468	-31.7329797	-34.50037812	-11.95734399	-14.86185663	-17.46703897	-19.84296575	-22.09398263	-24.2740815	-26.45122908	-28.67951493	-31.06560212	-33.69181261	-36.77064938	-14.03339688	-16.04691991	-18.16061416	-20.24918965	-22.31147758	-24.35846439	-26.42753176	-28.56604949	-30.86457894	-33.39959288	-36.34055902	-16.87094143	-18.01465274	-19.55089709	-21.26405455	-23.05757833	-24.9221275	-26.86083716	-28.90336163	-31.11202243	-33.5665728	-36.4347654	-20.01751824	-20.43861069	-21.435474	-22.75358805	-24.22280421	-25.90942736	-27.70156942	-29.61168399	-31.75730723	-34.16263547	-37.00348562	-23.34237697	-23.16435113	-23.66739982	-24.6253261	-25.85307651	-27.29045306	-28.91707515	-30.73675766	-32.79509879	-35.17570874	-38.04239265	-26.15763089	-26.23321737	-26.82673489	-27.78393844	-29.02123591	-30.49239808	-32.22130988	-34.23665615	-36.63960395	-29.16938557	-29.41786925	-30.09837634	-31.14356842	-32.49926795	-34.15400983	-36.17968576	-32.53846467	-32.95959787	-33.81847429	-35.06308938	-36.7019333
	7650000	-22.67767408	-24.65326197	-26.73117689	-28.93352775	-31.32100454	-18.098804	-20.39547415	-22.61771159	-24.84658754	-27.08646848	-29.43320926	-32.00785851	-13.90624557	-16.70629594	-19.16565095	-21.50771573	-23.73158284	-25.94437466	-28.27099471	-30.72048766	-33.51239892	-10.95269008	-13.8721947	-16.45835616	-18.85681622	-21.10196838	-23.28647713	-25.45420164	-27.68616444	-30.07377957	-32.69994625	-35.78178408	-13.03972824	-15.05191651	-17.16443735	-19.26108649	-21.31857598	-23.36649609	-25.42403713	-27.56192892	-29.87204235	-32.41016474	-35.35973353	-15.87815896	-17.02186697	-18.55746667	-20.24385947	-22.07279564	-23.93021883	-25.86851897	-27.90448327	-30.11951482	-32.58120924	-35.44431233	-19.01985805	-19.44583694	-20.4370262	-21.76877595	-23.24573106	-24.90511966	-26.709354	-28.62225107	-30.76568571	-33.15602958	-36.0118572	-22.33514507	-22.16641209	-22.6768165	-23.62371876	-24.85937667	-26.2827407	-27.92450928	-29.74564359	-31.80141335	-34.18638372	-37.05778637	-25.17262584	-25.22462589	-25.83575055	-26.7992569	-28.02716313	-29.50302151	-31.23385671	-33.24007476	-35.64497172	-28.1678244	-28.42695938	-29.11891532	-30.16059756	-31.49518118	-33.15238938	-35.18640419	-31.55549524	-31.9671269	-32.82033222	-34.06794031	-35.69527661
	8500000	-21.77820466	-23.73784593	-25.82153101	-28.01651815	-30.41547897	-17.18312063	-19.49626981	-21.72055306	-23.92899578	-26.1671119	-28.51673053	-31.08806845	-12.98492177	-15.78647709	-18.26370659	-20.59785303	-22.82733161	-25.05117408	-27.35709944	-29.8239173	-32.59180672	-10.04204479	-12.9549399	-15.55425529	-17.94327001	-20.19433294	-22.37558211	-24.5500423	-26.77929639	-29.1626772	-31.78598502	-34.86752482	-12.12148628	-14.13725805	-16.25099028	-18.35083404	-20.40570456	-22.43573764	-24.52122559	-26.66179584	-28.96396127	-31.50018491	-34.44251777	-14.96451954	-16.10945086	-17.64528811	-19.35080916	-21.15355172	-23.02566759	-24.9572235	-26.99957554	-29.21124485	-31.66713639	-34.52576128	-18.10781745	-18.53360707	-19.53274349	-20.85107404	-22.33612377	-24.00538393	-25.79545552	-27.71776877	-29.85472425	-32.25383148	-35.10157419	-21.43174052	-21.25850868	-21.76664978	-22.72141966	-23.94634376	-25.38461414	-27.01738446	-28.83593948	-30.88849953	-33.26481269	-36.14461186	-24.25225331	-24.32475236	-24.92329113	-25.88004338	-27.11261554	-28.59234896	-30.32063682	-32.33134324	-34.73859525	-27.26230486	-27.51639787	-28.20188626	-29.2443239	-30.59312207	-32.24890647	-34.27152763	-30.63677337	-31.05144069	-31.91314964	-33.15512701	-34.79659264
	9350000	-20.91735349	-22.88344792	-24.96439115	-27.16044843	-29.55467796	-16.32498713	-18.63964084	-20.86639235	-23.07517056	-25.31356143	-27.66538928	-30.23142565	-12.12465106	-14.93097785	-17.41369806	-19.74321108	-21.97682043	-24.19713235	-26.50540124	-28.96833574	-31.7361424	-9.178383637	-12.09611695	-14.70359783	-17.09041077	-19.34112122	-21.52391951	-23.69729157	-25.92771706	-28.31121156	-30.93244133	-34.00518354	-11.26006615	-13.28170241	-15.39980751	-17.49833129	-19.55624761	-21.5998806	-23.67528939	-25.81177439	-28.11194758	-30.64237068	-33.57942627	-14.10329383	-15.25204772	-16.79184733	-18.49937034	-20.30415159	-22.17345753	-24.1109876	-26.1494217	-28.35749375	-30.81676786	-33.66668514	-17.24879178	-17.67751917	-18.67718966	-20.00012047	-21.48603252	-23.15928201	-24.9492897	-26.86474615	-29.00181714	-31.40277122	-34.2351608	-20.5704074	-20.40208468	-20.91169297	-21.86925156	-23.09797281	-24.53792182	-26.16439014	-27.98262937	-30.03680367	-32.41218133	-35.28143145	-23.39282065	-23.47211323	-24.07076139	-25.02964567	-26.26499533	-27.74094089	-29.45526244	-31.47535871	-33.87689342	-26.40370091	-26.65815395	-27.35059973	-28.39158043	-29.73692572	-31.39187915	-33.41652329	-29.77251996	-30.19533592	-31.05556997	-32.29729924	-33.93751355
	10200000	-20.10537037	-22.07306131	-24.15285074	-26.34865855	-28.74117365	-15.51266313	-17.83209543	-20.06062489	-22.27128342	-24.50842194	-26.85842492	-29.42381686	-11.3127991	-14.12324098	-16.610399	-18.9400532	-21.17604127	-23.39761936	-25.70193221	-28.16610789	-30.92434542	-8.36215453	-11.28575113	-13.89816813	-16.28736326	-18.53948344	-20.72369146	-22.89795044	-25.12841696	-27.50558958	-30.12549812	-33.19160907	-10.4463011	-12.47387323	-14.59527485	-16.69569556	-18.75618341	-20.80294057	-22.87620346	-25.01458721	-27.3102165	-29.83905421	-32.77120414	-13.28997739	-14.44358899	-15.98885631	-17.70299266	-19.50553856	-21.37407807	-23.31095741	-25.35273739	-27.55537265	-30.00845486	-32.8603	-16.43701529	-16.87018629	-17.87384011	-19.19845702	-20.6895023	-22.36083624	-24.149651	-26.06542038	-28.19809667	-30.59813667	-33.43114366	-19.7571027	-19.59333338	-20.10888362	-21.06677531	-22.29661365	-23.73789722	-25.36457987	-27.18168357	-29.23300169	-31.60572305	-34.46903509	-22.5816316	-22.66451518	-23.26642257	-24.22688671	-25.46175377	-26.93697531	-28.66010117	-30.67133557	-33.06495833	-25.59305309	-25.84969015	-26.54379648	-27.58456901	-28.93169696	-30.58663235	-32.60253525	-28.95826444	-29.38274663	-30.24506304	-31.48547592	-33.12540433
	11050000	-19.33407619	-21.3053789	-23.38504842	-25.58027483	-27.97159249	-14.74350698	-17.06792814	-19.29906127	-21.50870102	-23.74685198	-26.09553468	-28.65539446	-10.54395172	-13.35967514	-15.85068484	-18.18132859	-20.41762355	-22.6416485	-24.9430671	-27.40509245	-30.15849388	-7.58930694	-10.51982478	-13.1368757	-15.53048956	-17.78347395	-19.96766961	-22.14315646	-24.37010072	-26.7459355	-29.36718722	-32.42240365	-9.675717085	-11.71076763	-13.83572076	-15.93922261	-18.00215595	-20.0487176	-22.12226593	-24.25821535	-26.54979123	-29.07812338	-32.00308365	-12.52083844	-13.68046923	-15.23021255	-16.94910746	-18.75163532	-20.61949519	-22.55614321	-24.5966554	-26.79699674	-29.24663395	-32.09575132	-15.66773208	-16.10642315	-17.11497386	-18.44132109	-19.93775237	-21.60785326	-23.39612483	-25.30948798	-27.44003321	-29.83589906	-32.66426503	-18.98582691	-18.82938116	-19.34896389	-20.30967937	-21.54072539	-22.98213291	-24.60852662	-26.42414099	-28.47037577	-30.84119769	-33.6989516	-21.81410173	-21.90216736	-22.5057542	-23.46814853	-24.70368423	-26.18111317	-27.90045433	-29.90584036	-32.29773969	-24.82585223	-25.08618567	-25.78123923	-26.82189475	-28.16842184	-29.82153465	-31.83243844	-28.18976786	-28.61709925	-29.47664537	-30.71913949	-32.35730077
	11900000	-18.60822292	-20.58238754	-22.66134189	-24.85585528	-27.24562111	-14.01744045	-16.34710237	-18.58134764	-20.79031831	-23.02759285	-25.37374279	-27.93106616	-9.816957532	-12.63869808	-15.13444636	-17.46611305	-19.70452612	-21.92607568	-24.22736266	-26.68584523	-29.4365531	-6.8578983	-9.79607085	-12.41787323	-14.81516264	-17.07011506	-19.25616529	-21.42959529	-23.6580383	-26.03036652	-28.64256984	-31.69512937	-8.947679511	-10.98907189	-13.12008621	-15.22590656	-17.29031643	-19.33944446	-21.41199069	-23.54805377	-25.83623615	-28.35760829	-31.28220006	-11.79391352	-12.95962523	-14.51445326	-16.23625865	-18.04078957	-19.90945298	-21.84658808	-23.88441431	-26.08486436	-28.52790895	-31.37028095	-14.94127315	-15.38614162	-16.39885228	-17.727901	-19.22771145	-20.89752433	-22.68484871	-24.59984205	-26.72654309	-29.11606156	-31.9394675	-18.2580382	-18.10729596	-18.63156786	-19.59523735	-20.82951008	-22.27045998	-23.89828824	-25.71165677	-27.75673162	-30.11959471	-32.9724556	-21.08870353	-21.18318882	-21.78928533	-22.75286872	-23.98985771	-25.46405283	-27.18558724	-29.19044764	-31.5746154	-24.10075389	-24.36703001	-25.06310178	-26.10420242	-27.45285332	-29.1026057	-31.11297796	-27.46056438	-27.89167133	-28.75113475	-29.99356562	-31.63016881
	12750000	-17.91865368	-19.897925	-21.977672	-24.17180632	-26.56017744	-13.33248171	-15.66609541	-17.90328742	-20.11281436	-22.34980822	-24.69471893	-27.24705159	-9.130769723	-11.95787948	-14.45744811	-16.79113145	-19.02975923	-21.25452779	-23.55106304	-26.00857946	-28.75129682	-6.167457688	-9.11331474	-11.74059681	-14.14035991	-16.39744084	-18.58452096	-20.75760572	-22.98564242	-25.35490747	-27.96381468	-31.01009407	-8.259861113	-10.30914878	-12.44338695	-14.55261198	-16.62023058	-18.67013857	-20.74313356	-22.8770161	-25.16025852	-27.68072101	-30.59644994	-11.10845498	-12.28046409	-13.83954937	-15.56459784	-17.37049855	-19.23850323	-21.17755179	-23.2150335	-25.40851768	-27.85213461	-30.68981193	-14.2559487	-14.70616071	-15.72311415	-17.05502373	-18.55879976	-20.22731251	-22.01567066	-23.92844981	-26.05284108	-28.44051589	-31.25546159	-17.57001242	-17.42607989	-17.95632702	-18.92074777	-20.15649784	-21.60039929	-23.22678249	-25.04095381	-27.08297363	-29.4412682	-32.28743285	-20.40447913	-20.50462161	-21.11364084	-22.08017266	-23.3178235	-24.79195769	-26.50966377	-28.5098368	-30.89416054	-23.41747993	-23.68504892	-24.38518198	-25.42780225	-26.77543369	-28.42282218	-30.43262965	-26.77494302	-27.20761922	-28.06645373	-29.30842878	-30.9439828
	13600000	-17.27490953	-19.25409894	-21.33289821	-23.52718935	-25.91355264	-12.68724251	-15.02561838	-17.26468045	-19.47475371	-21.70974702	-24.05320498	-26.60561574	-8.485352322	-11.31771708	-13.82028303	-16.15517913	-18.39512965	-20.61723893	-22.9151246	-25.36939228	-28.10761316	-5.51868682	-8.470617325	-11.10230464	-13.51023181	-15.7643097	-17.92929834	-20.12624538	-22.35496062	-24.71794728	-27.32314756	-30.36484202	-7.613710651	-9.668704448	-11.80820849	-13.91926568	-15.98852244	-18.03843131	-20.11111754	-22.24491407	-24.52856285	-27.04186964	-29.95247226	-10.4634978	-11.64051426	-13.20486767	-14.93182864	-16.73913942	-18.60888881	-20.54573961	-22.58278782	-24.77619701	-27.21800929	-30.04854554	-13.61014403	-14.06627617	-15.0872085	-16.42160311	-17.92848241	-19.59676616	-21.38348722	-23.29712219	-25.41798112	-27.80213036	-30.61196673	-16.9224623	-16.78497356	-17.31925359	-18.28665731	-19.52340642	-20.96693531	-22.59244877	-24.40404933	-26.44673428	-28.80204559	-31.61661099	-19.760599	-19.86447862	-20.47625218	-21.44356381	-22.68233969	-24.15705048	-25.87274844	-27.87348025	-30.24933091	-22.77266843	-23.04616335	-23.7460555	-24.78887684	-26.13548883	-27.78060008	-29.7870742	-26.12912959	-26.56309701	-27.42487806	-28.6645903	-30.29609387
	14450000	-16.67503417	-18.65459949	-20.71220866	-22.93115472	-25.31434128	-12.06537306	-14.43065868	-16.64842124	-18.8861669	-21.08931661	-23.4351895	-25.98030381	-7.887163166	-10.72446393	-13.23353342	-15.55862968	-17.80961962	-20.0054947	-22.32322659	-24.77861903	-27.51825549	-4.917809869	-7.879244309	-10.48735349	-12.89141141	-15.169645	-17.36291924	-19.53564237	-21.75577418	-24.0978617	-26.73130773	-29.76514309	-7.015916229	-9.077573973	-11.21505764	-13.32841454	-15.37869379	-17.45446027	-19.52646288	-21.6625259	-23.93438554	-26.4521089	-29.35523082	-9.862624974	-11.04701241	-12.61529409	-14.34623211	-16.15453378	-17.99964217	-19.92963601	-21.99627698	-24.18599279	-26.59731984	-29.44707453	-13.00912515	-13.46995463	-14.47294209	-15.83573358	-17.33732649	-18.9896801	-20.79834753	-22.70806819	-24.82275788	-27.20169696	-29.99042762	-16.32317938	-16.18945528	-16.70354523	-17.69821867	-18.93611478	-20.38197467	-21.98098861	-23.79332551	-25.83234647	-28.20402078	-31.03693224	-19.16251242	-19.2461429	-19.86192489	-20.85961921	-22.06465983	-23.5440933	-25.28309326	-27.27699414	-29.65121692	-22.17785124	-22.42637727	-23.15121347	-24.2020921	-25.54788092	-27.18771818	-29.19461586	-25.53078042	-25.93864192	-26.82572429	-28.04385482	-29.69414338
	15300000	-16.09946181	-18.11840677	-20.19285357	-22.38790109	-24.74814106	-11.54013671	-13.85683769	-16.12176402	-18.34540224	-20.56994644	-22.9097406	-25.45936722	-7.345815993	-10.18214048	-12.69136779	-15.02908252	-17.26926939	-19.48596576	-21.78247604	-24.2383996	-26.96981352	-4.3600866	-7.33346234	-9.964205556	-12.37228776	-14.64168153	-16.82442848	-19.0027387	-21.22151546	-23.58062007	-26.19151004	-29.22703433	-6.468031064	-8.528667022	-10.67973819	-12.77004747	-14.86298095	-16.91645953	-18.99030619	-21.12573073	-23.40692423	-25.89108765	-28.8173041	-9.316349844	-10.50424145	-12.08030764	-13.80916608	-15.61869437	-17.48464205	-19.41547941	-21.44248912	-23.65459913	-26.07787066	-28.90691052	-12.46872181	-12.93155913	-13.95540481	-15.29452372	-16.80511417	-18.4683502	-20.26244351	-22.155493	-24.29468886	-26.67023355	-29.46606114	-15.74320545	-15.61778683	-16.1803719	-17.15723693	-18.39958072	-19.84482347	-21.46354254	-23.27709893	-25.31563278	-27.66517315	-30.49636895	-18.61938082	-18.72442692	-19.34082776	-20.31899078	-21.54652986	-23.02686731	-24.74553033	-26.73340532	-29.10591093	-21.63509223	-21.90109479	-22.61338188	-23.65892145	-25.00649437	-26.64927892	-28.64890627	-24.983483	-25.41052161	-26.26678732	-27.52213248	-29.13872603
	16150000	-15.6158005	-17.58578653	-19.6832331	-21.8820999	-24.25664972	-11.00903862	-13.37279691	-15.61942594	-17.83400468	-20.06491211	-22.40728093	-24.95394314	-6.832161611	-9.669562348	-12.18082745	-14.51726326	-16.75974726	-18.97810793	-21.27546966	-23.73241451	-26.46211847	-3.85627476	-6.820468577	-9.450381407	-11.86346722	-14.13078777	-16.31574874	-18.492753	-20.71484144	-23.07804656	-25.68112726	-28.7199255	-5.954486784	-8.019592149	-10.14555846	-12.27724353	-14.35421709	-16.40940871	-18.48063712	-20.61639644	-22.89536417	-25.39955724	-28.30642215	-8.809543415	-9.991334506	-11.56771797	-13.30324494	-15.10917916	-16.97587586	-18.91312733	-20.94728341	-23.14527404	-25.57145757	-28.40258534	-11.95746368	-12.42125552	-13.44531855	-14.78512682	-16.30102042	-17.96471385	-19.73329965	-21.66247604	-23.78332818	-26.16438293	-28.95980203	-15.2601312	-15.1319767	-15.67611908	-16.64892997	-17.89244515	-19.33537575	-20.95660062	-22.76798256	-24.80734094	-27.16211792	-29.98853295	-18.10980469	-18.21893386	-18.81129978	-19.80969906	-21.04472161	-22.5187515	-24.23734136	-26.2293489	-28.6007376	-21.12459273	-21.39528364	-22.10672619	-23.14935226	-24.49818459	-26.14063047	-28.14404515	-24.47627406	-24.90951581	-25.77323429	-26.99177771	-28.64283082
	17000000	-15.13649076	-17.12164599	-19.20124638	-21.39848614	-23.777211	-10.54661783	-12.89360887	-15.13871652	-17.35180302	-19.58318479	-21.92418611	-24.47317052	-6.349480328	-9.188373142	-11.69888931	-14.03493879	-16.27587374	-18.49684957	-20.79363098	-23.24776783	-25.97962991	-3.374399201	-6.338069653	-8.97442352	-11.38186598	-13.64673525	-15.83286687	-18.00875161	-20.23381751	-22.5960325	-25.196796	-28.23453873	-5.473110018	-7.538022739	-9.679924699	-11.79667803	-13.8715522	-15.92558734	-17.99788354	-20.1333771	-22.41285344	-24.91745707	-27.82270571	-8.328530903	-9.510837132	-11.08452916	-12.81763123	-14.62526778	-16.49279815	-18.42954336	-20.46665731	-22.66096481	-25.08919343	-27.919324	-11.47636042	-11.93867556	-12.96349623	-14.30218515	-15.81724827	-17.4805675	-19.26594377	-21.17983175	-23.29835698	-25.68010839	-28.4766979	-14.78157361	-14.65229068	-15.19434723	-16.16651168	-17.40721761	-18.84977887	-20.47366832	-22.28606592	-24.32457736	-26.67686313	-29.5071749	-17.62919806	-17.73733735	-18.3471119	-19.32480614	-20.56196577	-22.03636143	-23.75564034	-25.74825325	-28.12068176	-20.64205888	-20.9158237	-21.62323668	-22.66627392	-24.01393488	-25.65647829	-27.66253634	-23.99353489	-24.42853493	-25.29312855	-26.52707296	-28.16007411
	17850000	-14.68598126	-16.67195458	-18.7502222	-20.94572253	-23.32749575	-10.09690969	-12.44425524	-14.68895811	-16.9002927	-19.13230096	-21.47246716	-24.02178463	-5.896802335	-8.7366412	-11.24757002	-13.58329345	-15.82468736	-18.04643702	-20.34264604	-22.79466808	-25.52679488	-2.922065035	-5.885693284	-8.523071906	-10.93171416	-13.19584555	-15.38204295	-17.55804437	-19.78130555	-22.14374685	-24.74519099	-27.77963638	-5.022046682	-7.087401297	-9.23016923	-11.34618106	-13.42121289	-15.47446767	-17.54622598	-19.68119075	-21.9600351	-24.46644765	-27.37040197	-7.877153126	-9.059980689	-10.63361744	-12.36638154	-14.17442886	-16.04214659	-17.97948915	-20.01546215	-22.20825773	-24.6389639	-27.46662662	-11.02574256	-11.48798747	-12.51252125	-13.85107555	-15.36597831	-17.03019636	-18.81575548	-20.72962689	-22.84687988	-25.22775586	-28.02684349	-14.33128288	-14.20179163	-14.74455157	-15.71494682	-16.95606744	-18.39897464	-20.02291967	-21.83429856	-23.8730721	-26.22418783	-29.05318486	-17.17697516	-17.28660304	-17.89756379	-18.87398445	-20.11076142	-21.58428541	-23.30291392	-25.29596224	-27.66772194	-20.19109831	-20.46478137	-21.17163809	-22.21384172	-23.56220201	-25.20465061	-27.20743799	-23.54230785	-23.97688803	-24.84022016	-26.07834528	-27.70728856
	18700000	-14.26173471	-16.24634221	-18.32478762	-20.51842834	-22.90023811	-9.671716525	-12.0186475	-14.26465376	-16.47590503	-18.70827514	-21.04818828	-23.59562545	-5.470019489	-8.311392577	-10.82398881	-13.15990628	-15.40102735	-17.62370474	-19.91871744	-22.370038	-25.0993368	-2.493432929	-5.459333801	-8.098590131	-10.50905355	-12.77269223	-14.96043725	-17.13477617	-19.35884533	-21.72011268	-24.32002747	-27.35365218	-4.594691008	-6.662239406	-8.806822602	-10.92469224	-12.99992473	-15.05309524	-17.12405967	-19.25945145	-21.53743906	-24.043495	-26.94386093	-7.450740204	-8.635361892	-10.21031192	-11.94323249	-13.75353293	-15.62102522	-17.55865891	-19.59455126	-21.7851322	-24.21482863	-27.04043331	-10.59913537	-11.0635344	-12.08988187	-13.4286899	-14.94446498	-16.60904577	-18.39442053	-20.30719176	-22.42304327	-24.80237308	-27.59847418	-13.90591956	-13.7772777	-14.32161598	-15.29192574	-16.5326463	-17.97659502	-19.6010937	-21.41185438	-23.4494608	-25.79894784	-28.6270606	-16.75133514	-16.86190961	-17.47532115	-18.45058943	-19.68891212	-21.16186732	-22.87862564	-24.87051641	-27.24203871	-19.76479781	-20.04044754	-20.74687427	-21.79032293	-23.13771726	-24.77983128	-26.78159947	-23.11490876	-23.55030572	-24.41535658	-25.65199036	-27.28263794
	19550000	-13.85911498	-15.84643463	-17.92509193	-20.11910156	-22.50001853	-9.270012214	-11.61865487	-13.8658526	-16.07770003	-18.31119348	-20.64993077	-23.1964865	-5.067105571	-7.91030187	-10.42466177	-12.76198578	-15.00445566	-17.22875056	-19.52241971	-21.97135725	-24.70090492	-2.091067916	-5.058084592	-7.698786952	-10.11103232	-12.37651609	-14.56506675	-16.74075025	-18.96521939	-21.32403263	-23.9235002	-26.95367133	-4.192903994	-6.262849553	-8.409384408	-10.52816697	-12.6044256	-14.65881903	-16.73146452	-18.86553096	-21.14257763	-23.64669198	-26.54802709	-7.04864412	-8.235880602	-9.812615472	-11.54694007	-13.3584975	-15.22656992	-17.16571318	-19.20079626	-21.39110239	-23.82033344	-26.64249837	-10.19776179	-10.66430615	-11.6919804	-13.03220778	-14.55020664	-16.21579451	-18.0011852	-19.9144851	-22.02909295	-24.40783975	-27.20060314	-13.50425211	-13.37815587	-13.92408687	-14.89596577	-16.13747426	-17.58242462	-19.20751209	-21.01771117	-23.05507916	-25.40311922	-28.23032972	-16.35166643	-16.46511524	-17.07882564	-18.05539954	-19.29501838	-20.76792615	-22.48412433	-24.4763711	-26.84647463	-19.36530821	-19.64472544	-20.35010738	-21.39380842	-22.74428026	-24.3841974	-26.38571526	-22.71616916	-23.15361611	-24.01794099	-25.25739207	-26.88384277
	20400000	-13.483511	-15.47169283	-17.54977966	-19.74361335	-22.12611905	-8.895258265	-11.24294461	-13.49094341	-15.70335273	-17.93742394	-20.27680538	-22.82279682	-4.692109633	-7.536082063	-10.05129328	-12.38795909	-14.62952997	-16.85477933	-19.14871635	-21.59724895	-24.32786171	-1.716674596	-4.683825481	-7.324648017	-9.715958199	-12.0033227	-14.19202038	-16.36720819	-18.59037494	-20.95155489	-23.55068357	-26.5800394	-3.819184321	-5.889895677	-8.036266623	-10.15590217	-12.23226915	-14.28695614	-16.3591986	-18.4940666	-20.77028692	-23.27472646	-26.17366579	-6.674789482	-7.861642764	-9.439901506	-11.17389467	-12.98702308	-14.85378138	-16.79373757	-18.82842982	-21.01931183	-23.42728084	-26.26992859	-9.824200553	-10.29010985	-11.31915442	-12.65950949	-14.17820437	-15.84368234	-17.62995734	-19.54195039	-21.65574198	-24.03543716	-26.82904466	-13.13188051	-13.00597547	-13.55228671	-14.5236664	-15.76509762	-17.21144281	-18.83606363	-20.64535378	-22.68306687	-25.03153855	-27.85746775	-15.97817857	-16.09247627	-16.70744177	-17.6822257	-18.92357425	-20.39684709	-22.11202579	-24.10561964	-26.47431483	-18.99124623	-19.27361519	-19.97769602	-21.0208077	-22.37292936	-24.01058405	-26.01417084	-22.3427372	-22.7796457	-23.64614039	-24.88399366	-26.51315907
	21250000	-13.13110877	-15.11695406	-17.20001848	-19.39021156	-21.77508211	-8.540746595	-10.89129751	-13.13587907	-15.35382862	-17.5884895	-19.89959572	-22.4490192	-4.340723926	-7.179280303	-9.697697568	-12.03109058	-14.27642798	-16.50002366	-18.79980193	-21.22275178	-23.98288424	-1.354843262	-4.33036269	-6.944248476	-9.376622126	-11.64670786	-13.83916103	-16.01118025	-18.23997744	-20.60061158	-23.19620205	-26.22881144	-3.454607889	-5.512518749	-7.678708455	-9.797934236	-11.87490649	-13.93366292	-15.98094347	-18.11638644	-20.41353972	-22.92298293	-25.79720249	-6.317495057	-7.508349792	-9.081576377	-10.81521173	-12.60863625	-14.49551197	-16.43499794	-18.47435579	-20.63462279	-23.08805724	-25.88055325	-9.466466247	-9.931492719	-10.95966388	-12.29933167	-13.82572016	-15.48037307	-17.27106913	-19.18361499	-21.27345665	-23.65481286	-26.47642349	-12.77996928	-12.65215758	-13.1969431	-14.15961662	-15.40532478	-16.85250316	-18.47278278	-20.2877355	-22.32562107	-24.67895381	-27.51026468	-15.59794319	-15.73321116	-16.34835843	-17.30533696	-18.56424455	-20.03751997	-21.75642524	-23.74826604	-26.11805929	-18.61245091	-18.91380998	-19.60012666	-20.66640621	-21.9927399	-23.65960592	-25.65116754	-21.99252536	-22.42174363	-23.28666484	-24.52611089	-26.15824782
