BPM Serial No.	16elec																																																																																																	
BPM Size	110																																																																																																	
"Experi,menter"	Nakanishi      Uno      Toyanma      Hanamura      Kawachi      																																																																																																	
Meas. Start Time	2016/10/1415:50																																																																																																	
Meas. Finish Time	2016/10/1416:37																																																																																																	
Linear Scale Origin X(mm)	-102.6																																																																																																	
Linear Scale Origin Y(mm)	110.258																																																																																																	
note																																																																																																		
																																																																																																		
																																																																																																		
Data Point Number		1	2	3	4	5	6	7	8	9	10	11	12	13	14	15	16	17	18	19	20	21	22	23	24	25	26	27	28	29	30	31	32	33	34	35	36	37	38	39	40	41	42	43	44	45	46	47	48	49	50	51	52	53	54	55	56	57	58	59	60	61	62	63	64	65	66	67	68	69	70	71	72	73	74	75	76	77	78	79	80	81	82	83	84	85	86	87	88	89	90	91	92	93	94	95	96	97
Linear Scale X (mm)		-122.601	-112.604	-102.602	-92.601	-82.601	-132.602	-122.604	-112.604	-102.602	-92.601	-82.602	-72.6	-142.604	-132.605	-122.604	-112.604	-102.602	-92.601	-82.601	-72.6	-62.6	-152.604	-142.607	-132.605	-122.604	-112.604	-102.602	-92.601	-82.601	-72.6	-62.599	-52.598	-152.604	-142.607	-132.605	-122.604	-112.604	-102.602	-92.601	-82.601	-72.6	-62.6	-52.598	-152.604	-142.607	-132.605	-122.604	-112.604	-102.602	-92.601	-82.601	-72.6	-62.599	-52.598	-152.604	-142.607	-132.605	-122.604	-112.604	-102.602	-92.601	-82.601	-72.6	-62.6	-52.598	-152.604	-142.607	-132.605	-122.604	-112.604	-102.602	-92.601	-82.601	-72.6	-62.6	-52.598	-142.604	-132.605	-122.604	-112.603	-102.602	-92.601	-82.601	-72.6	-62.599	-132.603	-122.604	-112.603	-102.602	-92.601	-82.601	-72.6	-122.601	-112.604	-102.602	-92.601	-82.602
Linear Scale Y (mm)		60.262	60.262	60.262	60.262	60.262	70.259	70.259	70.259	70.259	70.259	70.259	70.259	80.258	80.258	80.258	80.258	80.258	80.258	80.258	80.258	80.258	90.258	90.258	90.258	90.258	90.258	90.258	90.258	90.258	90.258	90.258	90.258	100.258	100.258	100.258	100.258	100.258	100.258	100.258	100.258	100.258	100.258	100.258	110.258	110.258	110.258	110.258	110.258	110.258	110.258	110.258	110.258	110.258	110.258	120.257	120.257	120.257	120.257	120.257	120.257	120.257	120.257	120.257	120.257	120.257	130.257	130.257	130.257	130.257	130.257	130.257	130.257	130.257	130.257	130.257	130.257	140.258	140.258	140.258	140.258	140.258	140.258	140.258	140.258	140.258	150.258	150.258	150.258	150.258	150.258	150.258	150.258	160.258	160.258	160.258	160.258	160.258
R(beam)[mm]		20.001	10.004	0.002	-9.999	-19.999	30.002	20.004	10.004	0.002	-9.999	-19.998	-30	40.004	30.005	20.004	10.004	0.002	-9.999	-19.999	-30	-40	50.004	40.007	30.005	20.004	10.004	0.002	-9.999	-19.999	-30	-40.001	-50.002	50.004	40.007	30.005	20.004	10.004	0.002	-9.999	-19.999	-30	-40	-50.002	50.004	40.007	30.005	20.004	10.004	0.002	-9.999	-19.999	-30	-40.001	-50.002	50.004	40.007	30.005	20.004	10.004	0.002	-9.999	-19.999	-30	-40	-50.002	50.004	40.007	30.005	20.004	10.004	0.002	-9.999	-19.999	-30	-40	-50.002	40.004	30.005	20.004	10.003	0.002	-9.999	-19.999	-30	-40.001	30.003	20.004	10.003	0.002	-9.999	-19.999	-30	20.001	10.004	0.002	-9.999	-19.998
Y(beam)[mm]		-49.996	-49.996	-49.996	-49.996	-49.996	-39.999	-39.999	-39.999	-39.999	-39.999	-39.999	-39.999	-30	-30	-30	-30	-30	-30	-30	-30	-30	-20	-20	-20	-20	-20	-20	-20	-20	-20	-20	-20	-10	-10	-10	-10	-10	-10	-10	-10	-10	-10	-10	0	0	0	0	0	0	0	0	0	0	0	9.999	9.999	9.999	9.999	9.999	9.999	9.999	9.999	9.999	9.999	9.999	19.999	19.999	19.999	19.999	19.999	19.999	19.999	19.999	19.999	19.999	19.999	30	30	30	30	30	30	30	30	30	40	40	40	40	40	40	40	50	50	50	50	50
Net Ana Temperature[℃]		23.66211633	23.70701896	23.72279927	23.75467411	23.78491041	23.85253181	23.89254739	23.92085173	23.9534095	23.9834147	23.98948585	23.99637237	23.93398857	23.89287717	23.85787847	23.79193197	23.78378603	23.73660348	23.69644248	23.65486887	23.61785251	23.48386653	23.44795637	23.4174578	23.38665022	23.35029343	23.34670995	23.3195222	23.28955077	23.25994028	23.21640093	23.20913269	23.18781355	23.17194495	23.17950922	23.18320956	23.19757725	23.20465853	23.20205661	23.20229551	23.23716437	23.25102051	23.25837964	23.33810179	23.36390288	23.38056089	23.39675149	23.43111659	23.53458063	23.47420151	23.51104908	23.50559855	23.56078421	23.61799273	23.74386912	23.82802908	23.90376006	23.83677486	23.85150091	23.92358089	23.94465853	23.96979226	23.98728642	24.0015087	24.01400156	23.92265126	23.88795897	23.85496494	23.81552843	23.7722254	23.73225915	23.68991431	23.65447936	23.60630226	23.59208777	23.57625032	23.40340691	23.34036874	23.31172682	23.2909556	23.28501428	23.25719034	23.23059725	23.19815373	23.19601143	23.16258634	23.17670735	23.18145676	23.19872501	23.21663464	23.24495715	23.24369774	23.30439886	23.32963126	23.33999481	23.35822903	23.40212153
BPM Temperature[℃]		21.55673851	21.58119969	21.6156323	21.64406648	21.66728123	21.72607115	21.75523241	21.76512594	21.76922877	21.7368216	21.69784472	21.66211374	21.52926513	21.49672812	21.46730719	21.42303298	21.39332641	21.34513113	21.29994807	21.25886783	21.22134511	21.12321475	21.08236822	21.05406388	21.03165412	21.0156323	20.99465074	21.01137367	20.96829395	20.95782914	20.94004155	20.92264347	20.88353674	20.90503765	20.9211893	20.94668917	20.96886523	21.00085692	21.03804207	21.07224098	21.11184108	21.13754869	21.17314983	21.25647884	21.28509478	21.30599844	21.33360166	21.35990652	21.37662945	21.40202545	21.43375747	21.45720592	21.48403012	21.51088029	21.61007531	21.63778239	21.65697222	21.68070631	21.71550247	21.74341729	21.76580109	21.78397819	21.77312386	21.75840042	21.71661906	21.54263828	21.48618541	21.43552324	21.37037133	21.31173721	21.26712542	21.21368476	21.17704492	21.13765256	21.11337315	21.10376526	21.01217865	20.98335497	20.96650221	20.93339392	20.90477798	20.88473124	20.86847572	20.83422488	20.81996884	20.85286938	20.87307193	20.90467411	20.94061283	20.97153986	21.00329784	21.03939237	21.13136848	21.15419372	21.198416	21.22157881	21.2396001
Frequency (Hz) / Data (dB)	850000	-45.96508483	-47.03225023	-48.43544121	-50.11012413	-52.05138877	-41.92524988	-43.03275098	-44.44260291	-46.00291195	-47.8388996	-49.83377079	-52.13401373	-37.89225114	-39.2461904	-40.81686518	-42.48001897	-44.27819193	-46.18620682	-48.2053332	-50.46869318	-53.10468518	-33.52157071	-35.3630625	-37.27457769	-39.19636988	-41.11409997	-42.99476423	-45.01974895	-47.1312635	-49.33252741	-51.92307029	-54.91457612	-31.1679602	-33.69228096	-36.04134012	-38.21366004	-40.20338703	-42.23140712	-44.33575688	-46.45914055	-48.73767023	-51.22988017	-54.16536747	-30.29891632	-33.1496699	-35.64064422	-37.88274779	-39.99145995	-42.083723	-44.13433546	-46.27335277	-48.55206065	-51.07815373	-53.87404204	-31.15148041	-33.73301188	-36.04927952	-38.21156663	-40.2669781	-42.29478264	-44.35309479	-46.48230342	-48.74134272	-51.26158117	-54.26559638	-33.50484149	-35.35349529	-37.26914105	-39.13589955	-41.032305	-43.03174632	-45.03341834	-47.12265974	-49.3671211	-51.88661646	-54.94356718	-37.85893015	-39.22830872	-40.78690449	-42.47993537	-44.24890746	-46.14152888	-48.21697759	-50.46543973	-53.0484562	-41.86661006	-43.01053102	-44.39667057	-46.00156225	-47.80843122	-49.80661711	-52.01531494	-45.95263402	-46.97295259	-48.41946322	-50.09226778	-51.99627579
	1700000	-40.13587034	-41.19264712	-42.58549505	-44.25185719	-46.22436812	-36.09247191	-37.21982647	-38.60257361	-40.17620242	-41.96187893	-43.94608499	-46.2369427	-32.0838686	-33.43912262	-34.99396121	-36.67137139	-38.43595975	-40.32991651	-42.35554517	-44.59741604	-47.17498684	-27.71715341	-29.55760699	-31.4633866	-33.37745092	-35.28778696	-37.16953708	-39.17166256	-41.26593195	-43.47953373	-46.00998071	-48.98378348	-25.3588616	-27.90011271	-30.23027328	-32.39213437	-34.41013899	-36.42699198	-38.49419035	-40.61888279	-42.86778929	-45.35447632	-48.22376551	-24.48893558	-27.34251101	-29.82311509	-32.06571654	-34.17469861	-36.24562047	-38.30288575	-40.43364505	-42.6815395	-45.16509718	-48.00122113	-25.3501656	-27.92250138	-30.24097396	-32.39936662	-34.45169465	-36.4815898	-38.52020373	-40.63756953	-42.87958358	-45.36932907	-48.27417776	-27.70116708	-29.54870275	-31.45826734	-33.34032086	-35.23909384	-37.19831504	-39.18226603	-41.25345507	-43.50409574	-46.04225521	-49.00358363	-32.05538511	-33.41877499	-34.97530108	-36.65047331	-38.42746543	-40.30548243	-42.34302634	-44.60186205	-47.15420687	-36.05288297	-37.19293694	-38.57641857	-40.16220036	-41.95243083	-43.92635264	-46.19546483	-40.11001459	-41.13703557	-42.54593497	-44.216401	-46.15727948
	2550000	-36.77053006	-37.83686859	-39.2066499	-40.86958171	-42.8551278	-32.72779609	-33.85308304	-35.23979101	-36.80875966	-38.59182377	-40.56926747	-42.8655625	-28.72048393	-30.07147712	-31.62909053	-33.30025303	-35.0661688	-36.95045561	-38.96807728	-41.218474	-43.80453799	-24.34761319	-26.18960221	-28.09329194	-30.00832594	-31.91490169	-33.80801181	-35.80179645	-37.88468495	-40.12095275	-42.64790094	-45.61005659	-21.98337741	-24.53035659	-26.85883515	-29.02243597	-31.04368309	-33.06173864	-35.1221328	-37.24288274	-39.49029598	-41.98327133	-44.87711926	-21.11364101	-23.96876556	-26.4474011	-28.69089471	-30.80135785	-32.86942234	-34.92789859	-37.05295098	-39.30595388	-41.77790556	-44.62892445	-21.97675463	-24.5491942	-26.86969091	-29.0288408	-31.08095371	-33.1054373	-35.14814646	-37.25702361	-39.50988473	-41.99523358	-44.88368111	-24.33201588	-26.17633697	-28.08812449	-29.97443704	-31.87519998	-33.82553443	-35.80804826	-37.886388	-40.13497693	-42.64965517	-45.62476556	-28.69112118	-30.04973588	-31.60820971	-33.27932876	-35.05354087	-36.93157622	-38.96936515	-41.21576202	-43.7895669	-32.69204464	-33.8261222	-35.21339649	-36.79760703	-38.57881726	-40.56228872	-42.83122666	-36.74645092	-37.79104514	-39.18098492	-40.8570908	-42.80530257
	3400000	-34.38885351	-35.45152668	-36.82818664	-38.4893248	-40.47349301	-30.34904615	-31.46844812	-32.85647393	-34.43004536	-36.21156288	-38.19038012	-40.48655589	-26.33718357	-27.68695888	-29.24023607	-30.91519456	-32.67993878	-34.56584263	-36.58069078	-38.84332747	-41.41805294	-21.96334803	-23.80164434	-25.7042419	-27.62072027	-29.52415664	-31.42486633	-33.41471492	-35.50646554	-37.73168529	-40.26374675	-43.23234198	-19.5948456	-22.14303359	-24.46822803	-26.63165924	-28.65659925	-30.67664742	-32.73834152	-34.85420768	-37.10978864	-39.58832489	-42.49505434	-18.72390231	-21.57756501	-24.05758964	-26.3017712	-28.41402948	-30.47989562	-32.54028155	-34.66246534	-36.91784379	-39.39932695	-42.23731254	-19.5901523	-22.15910259	-24.47978498	-26.63908955	-28.69323319	-30.72128158	-32.76238178	-34.86961389	-37.11993206	-39.61000091	-42.49904605	-21.94743237	-23.79241666	-25.70230763	-27.59192818	-29.48929063	-31.43970602	-33.42352165	-35.50418576	-37.7479854	-40.25946274	-43.23078463	-26.30709766	-27.66388404	-29.21957308	-30.89790759	-32.66809644	-34.54774091	-36.58315798	-38.82994112	-41.40357609	-30.31373081	-31.44476553	-32.82900399	-34.40922164	-36.19254683	-38.18921836	-40.45417125	-34.37017145	-35.40606068	-36.79714574	-38.47750572	-40.42453209
	4250000	-32.54652907	-33.60103366	-34.97369208	-36.6419478	-38.62694124	-28.49326063	-29.61676519	-31.00199935	-32.57568442	-34.35937369	-36.34281338	-38.63222777	-24.48502275	-25.83211932	-27.38421707	-29.05545874	-30.82576552	-32.71132139	-34.73611097	-36.98619578	-39.5761273	-20.11011143	-21.94681162	-23.84880225	-25.76294451	-27.6682065	-29.56874087	-31.5604367	-33.64368783	-35.87929794	-38.40608964	-41.37320839	-17.73785124	-20.28674496	-22.61087115	-24.77126565	-26.80110802	-28.82194564	-30.8752006	-32.99559075	-35.25224439	-37.74117875	-40.63904856	-16.86681925	-19.72049567	-22.19679238	-24.443765	-26.55470477	-28.62153254	-30.6823587	-32.80616601	-35.06258817	-37.54215898	-40.39108274	-17.73369906	-20.30098233	-22.62131612	-24.77931217	-26.83623667	-28.86272097	-30.90569208	-33.01612746	-35.26780715	-37.76042612	-40.64898401	-20.0942077	-21.93743724	-23.8463375	-25.73913641	-27.6347015	-29.58188412	-31.56719008	-33.64397568	-35.89563558	-38.41218746	-41.38559507	-24.45471613	-25.8101321	-27.36659291	-29.04001348	-30.80989284	-32.69144805	-34.72664371	-36.97203161	-39.55194791	-28.46141724	-29.58939072	-30.9756861	-32.55754477	-34.33379318	-36.32976125	-38.60246559	-32.51527955	-33.56151748	-34.95311895	-36.61920543	-38.57603056
	5100000	-31.03600566	-32.09160898	-33.47045959	-35.1347075	-37.11893205	-26.98257063	-28.10460419	-29.49083619	-31.0623986	-32.84849749	-34.83315406	-37.13162979	-22.97047742	-24.31777515	-25.86931455	-27.54201988	-29.30875453	-31.19947586	-33.22262846	-35.47962466	-38.07280502	-18.59592663	-20.42943709	-22.33116879	-24.24544887	-26.15083193	-28.05551523	-30.04073738	-32.13065042	-34.36567585	-36.90114037	-39.87451074	-16.21990883	-18.76890844	-21.09154392	-23.2505836	-25.28648583	-27.30484195	-29.36032395	-31.48354045	-33.73960925	-36.23291355	-39.13443137	-15.34836761	-18.20089479	-20.67616315	-22.92206455	-25.03489418	-27.10214516	-29.16593018	-31.28670864	-33.54935472	-36.03501657	-38.89431635	-16.21672191	-18.78213866	-21.10189708	-23.26055009	-25.31656014	-27.34582773	-29.38891999	-31.49928638	-33.75779977	-36.25109932	-39.1514865	-18.58001953	-20.42011731	-22.32848413	-24.2227356	-26.1206611	-28.0643476	-30.04970254	-32.12983387	-34.38240191	-36.90372001	-39.88266174	-22.94190031	-24.29371054	-25.8492203	-27.52401323	-29.29257766	-31.17667505	-33.21994076	-35.46862235	-38.04965632	-26.94989727	-28.07851359	-29.46471649	-31.04335635	-32.8264432	-34.82533333	-37.09636334	-31.00951968	-32.05304093	-33.44280524	-35.11184107	-37.08098168
	5950000	-29.75483331	-30.8088044	-32.18441359	-33.85147751	-35.84176746	-25.69747842	-26.81825206	-28.20248032	-29.77886203	-31.56267883	-33.55236079	-35.84485874	-21.68458121	-23.02911088	-24.57896187	-26.25174973	-28.02029893	-29.90890536	-31.93362543	-34.19335683	-36.79185916	-17.3086316	-19.13949961	-21.03984179	-22.95329268	-24.85755395	-26.76270531	-28.75335353	-30.84040609	-33.07993526	-35.61396985	-38.60456061	-14.92925274	-17.47741356	-19.79835766	-21.95711635	-23.99207093	-26.01370976	-28.0715326	-30.19300725	-32.45039934	-34.94699143	-37.86050277	-14.05814717	-16.90830572	-19.38279139	-21.62826264	-23.74170787	-25.8093315	-27.87318154	-29.99777624	-32.25913167	-34.74908583	-37.6128678	-14.92709844	-17.49164871	-19.8100445	-21.96757447	-24.02575618	-26.05356051	-28.09760439	-30.21102861	-32.46901259	-34.96501562	-37.87500889	-17.29337134	-19.13140476	-21.03809277	-22.93222814	-24.8314481	-26.77527799	-28.76002902	-30.84093765	-33.09346323	-35.62264642	-38.60597316	-21.65439852	-23.00516212	-24.55833031	-26.23184699	-28.00334245	-29.88888691	-31.92945718	-34.18567482	-36.76792829	-25.66290193	-26.79040524	-28.1748797	-29.75537163	-31.5380821	-33.53765524	-35.81586839	-29.72739846	-30.77192156	-32.16133807	-33.83245865	-35.7992959
	6800000	-28.64299576	-29.69507362	-31.06898839	-32.74179118	-34.73283951	-24.58358769	-25.70389074	-27.08441573	-28.65711576	-30.44606876	-32.43810743	-34.7333422	-20.57040491	-21.89108574	-23.4614657	-25.1339564	-26.89921222	-28.79134008	-30.81698739	-33.07722702	-35.67804761	-16.19315745	-18.02213447	-19.91907493	-21.83446891	-23.73863378	-25.64541327	-27.63285563	-29.72312758	-31.96540338	-34.50055043	-37.48956156	-13.81237687	-16.35959054	-18.67602375	-20.83793349	-22.87592467	-24.89489044	-26.94849616	-29.07464271	-31.32308177	-33.83242949	-36.74764579	-12.94075212	-15.78932562	-18.26283861	-20.48901675	-22.62203929	-24.68894546	-26.75405687	-28.88011628	-31.14106015	-33.63169575	-36.50231136	-13.81005885	-16.37241643	-18.69094285	-20.84784953	-22.90705104	-24.93603234	-26.9809726	-29.08801758	-31.35137774	-33.85006464	-36.75649675	-16.17845601	-18.01403615	-19.92080719	-21.81432275	-23.71173642	-25.65770522	-27.64000127	-29.72599515	-31.97802691	-34.51211335	-37.49038277	-20.53969593	-21.88956177	-23.44016121	-25.11423766	-26.88563209	-28.77076417	-30.81359466	-33.07003871	-35.65141332	-24.55042214	-25.67321743	-27.06008289	-28.63643618	-30.4263262	-32.42180197	-34.6762583	-28.61271039	-29.66019671	-31.04636187	-32.72025009	-34.6902632
	7650000	-27.63559661	-28.69549178	-30.08605582	-31.73639361	-33.74129417	-23.58398299	-24.69970131	-26.09750242	-27.68048598	-29.44965043	-31.45100867	-33.74215739	-19.58234945	-20.91007313	-22.46008071	-24.14189945	-25.91621013	-27.7770537	-29.83169594	-32.08300243	-34.68524039	-15.201792	-17.02433376	-18.93095563	-20.84271658	-22.74785176	-24.649774	-26.64672125	-28.73084851	-30.97924874	-33.50905413	-36.48586422	-12.82456249	-15.3718566	-17.68986747	-19.84625954	-21.88604527	-23.90037267	-25.96076625	-28.0699086	-30.34651344	-32.83844778	-35.75525936	-11.94392009	-14.79283097	-17.26914323	-19.50947149	-21.6286129	-23.69072212	-25.75803103	-27.88670321	-30.14946836	-32.62642376	-35.50308831	-12.78590338	-15.37608038	-17.69770576	-19.85472353	-21.90745793	-23.94357699	-25.98945223	-28.07428107	-30.36722029	-32.85882909	-35.77581741	-15.17849752	-17.02688665	-18.9296644	-20.81686318	-22.71580083	-24.66387007	-26.65003644	-28.73755585	-30.9838299	-33.50782137	-36.50833004	-19.54624147	-20.88657542	-22.44793013	-24.1160159	-25.89411699	-27.75512937	-29.820947	-32.07343098	-34.66148354	-23.55837587	-24.68214363	-26.05371864	-27.65465281	-29.42010763	-31.41893313	-33.67136734	-27.62370932	-28.66440224	-30.04975855	-31.71148406	-33.68533954
	8500000	-26.73343684	-27.78919641	-29.16994639	-30.83285371	-32.82200432	-22.6681992	-23.79479429	-25.16272171	-26.76248038	-28.54303089	-30.53890386	-32.832498	-18.66279774	-19.9956133	-21.55514889	-23.22906866	-24.99928769	-26.8801094	-28.91722661	-31.17486964	-33.77301859	-14.28260495	-16.11439054	-18.01750321	-19.92469266	-21.83744232	-23.74327077	-25.73286435	-27.81824855	-30.06096573	-32.59256103	-35.5866169	-11.90233032	-14.45466685	-16.7730337	-18.93365557	-20.97470199	-22.99527977	-25.05181006	-27.1690913	-29.43161775	-31.93143976	-34.84087451	-11.02651931	-13.88125014	-16.35555413	-18.59710363	-20.71722229	-22.7817241	-24.85124315	-26.97235191	-29.24372273	-31.72136824	-34.59742602	-11.89267728	-14.4654079	-16.78563371	-18.94042702	-21.00150473	-23.03580957	-25.07507142	-27.18092799	-29.45459826	-31.94929233	-34.85620203	-14.26687966	-16.1094193	-18.01521617	-19.91341192	-21.81305309	-23.74991017	-25.73362317	-27.82508604	-30.06803532	-32.60073709	-35.58534877	-18.63132207	-19.97346666	-21.53505567	-23.20979247	-24.9793169	-26.85853626	-28.90520838	-31.16248629	-33.75869435	-22.6416668	-23.76969446	-25.15356484	-26.73788457	-28.51774074	-30.51264412	-32.78672274	-26.69201626	-27.7538311	-29.13911876	-30.80737997	-32.78404382
	9350000	-25.87321457	-26.93122582	-28.30744307	-29.97391288	-31.96787755	-21.81196612	-22.93758284	-24.32155524	-25.90767644	-27.68771642	-29.67990802	-31.9756628	-17.80318426	-19.1430233	-20.70109491	-22.37702868	-24.1476706	-26.03024021	-28.06509323	-30.32189515	-32.91125119	-13.41982337	-15.25666217	-17.16252773	-19.07702376	-20.98493799	-22.89500675	-24.88305684	-26.96555585	-29.21156144	-31.73867988	-34.71980917	-11.04023821	-13.59792676	-15.91867336	-18.08234484	-20.1250888	-22.1464611	-24.20436607	-26.32080346	-28.5813884	-31.0781725	-33.98697627	-10.1667129	-13.02435114	-15.50120442	-17.74991822	-19.86898379	-21.9332406	-24.00126985	-26.12755389	-28.38754685	-30.8700065	-33.73781593	-11.03403327	-13.60766174	-15.93095994	-18.09030327	-20.15120631	-22.18405496	-24.22601908	-26.33395582	-28.60114962	-31.09333592	-33.9983252	-13.40351355	-15.25163361	-17.1614999	-19.06114439	-20.96313277	-22.90507803	-24.88790285	-26.97317202	-29.21332106	-31.74364209	-34.73051093	-17.7705174	-19.12030716	-20.68131197	-22.35618541	-24.12780545	-26.00997366	-28.05129607	-30.31024479	-32.89176931	-21.78324158	-22.91200892	-24.2985313	-25.88240444	-27.6640282	-29.6602949	-31.93418001	-25.84391096	-26.89546835	-28.27945489	-29.94557559	-31.92603041
	10200000	-25.06062676	-26.11728236	-27.49751723	-29.16307852	-31.15052104	-21.00241594	-22.13032547	-23.51864887	-25.102469	-26.88355449	-28.87455279	-31.1654245	-16.99111105	-18.33735543	-19.89614943	-21.57385274	-23.34554439	-25.22936828	-27.26027269	-29.51373811	-32.10495255	-12.60385258	-14.44764261	-16.35784184	-18.27400455	-20.18427131	-22.0963481	-24.0821486	-26.16578269	-28.40719787	-30.93155951	-33.91027547	-10.22615195	-12.78980943	-15.11492301	-17.28132648	-19.32806901	-21.35025749	-23.40373084	-25.52175729	-27.77967184	-30.27048145	-33.17244374	-9.353963121	-12.21695335	-14.6976833	-16.94945237	-19.0699335	-21.13626947	-23.20184445	-25.32619581	-27.5853369	-30.06748885	-32.93190062	-10.22148585	-12.79985504	-15.12667043	-17.28913409	-19.35183559	-21.38564801	-23.42726734	-25.53554169	-27.79620599	-30.2908356	-33.18740359	-12.58814039	-14.44179102	-16.35659033	-18.26060993	-20.16401715	-22.10476846	-24.08799442	-26.17025757	-28.41482871	-30.93715246	-33.91592985	-16.95791764	-18.31402863	-19.87733169	-21.55333448	-23.32631119	-25.20703155	-27.24879066	-29.50322691	-32.08463947	-20.97122703	-22.10311588	-23.49287075	-25.07640352	-26.85865966	-28.85444586	-31.12482255	-25.03126719	-26.08467544	-27.47144785	-29.14001524	-31.11222253
	11050000	-24.29114066	-25.34998933	-26.7331328	-28.39759917	-30.38222499	-20.2359564	-21.36669306	-22.75719715	-24.34080862	-26.12195505	-28.11187818	-30.39630126	-16.22227081	-17.57632078	-19.1355831	-20.81507067	-22.58819592	-24.47236501	-26.50028064	-28.75204565	-31.33836712	-11.83114464	-13.68190107	-15.59697462	-17.51607043	-19.42657116	-21.34229789	-23.32667961	-25.41055173	-27.64781472	-30.16789048	-33.13730448	-9.454592566	-12.02629913	-14.35547399	-16.52418312	-18.57433855	-20.59755189	-22.64920927	-24.76798501	-27.02199549	-29.50952968	-32.40483035	-8.58414927	-11.45377646	-13.93827608	-16.19343929	-18.31606786	-20.38422379	-22.44841268	-24.57174703	-26.82839831	-29.31013965	-32.16868005	-9.451919146	-12.0356186	-14.36699944	-16.53237908	-18.59766524	-20.63078429	-22.6731011	-24.78110337	-27.03767855	-29.52800667	-32.4198595	-11.81620696	-13.67608568	-15.59538037	-17.50336569	-19.40779381	-21.34841249	-23.33253465	-25.4113125	-27.6568821	-30.17688785	-33.14645632	-16.18984188	-17.55007797	-19.11657052	-20.79550627	-22.56745466	-24.44985448	-26.48999899	-28.73874269	-31.31637751	-20.2030021	-21.33902855	-22.73004384	-24.31529516	-26.09660495	-28.09116502	-30.36159659	-24.25849127	-25.31780679	-26.70425385	-28.37179328	-30.34713808
	11900000	-23.56193706	-24.62543754	-26.00633794	-27.67164307	-29.65532153	-19.51011905	-20.64505012	-22.03766069	-23.6233773	-25.40322425	-27.39022917	-29.67238088	-15.4964137	-16.85522709	-18.4179192	-20.09875879	-21.87330942	-23.75752663	-25.78492682	-28.03361496	-30.61311351	-11.10103546	-12.95948483	-14.87908778	-16.80117887	-18.7147618	-20.63152198	-22.61482997	-24.69339142	-26.93279931	-29.45032002	-32.41624589	-8.726240565	-11.30518296	-13.63858289	-15.81097798	-17.86325212	-19.88994294	-21.93953565	-24.05461227	-26.30675245	-28.79266515	-31.68164855	-7.857027111	-10.73318995	-13.22181442	-15.48032293	-17.60506191	-19.67234495	-21.73839284	-23.86044834	-26.11293021	-28.58962055	-31.44532748	-8.723421595	-11.31410939	-13.65007534	-15.81905727	-17.88595354	-19.92026492	-21.96144127	-24.07098124	-26.32462348	-28.80965657	-31.69566895	-11.08512605	-12.95265264	-14.87728058	-16.78953227	-18.6967635	-20.63819118	-22.61964312	-24.6987535	-26.94171005	-29.45711105	-32.4197416	-15.46251885	-16.83061836	-18.39876412	-20.07919932	-21.85330574	-23.73604062	-25.77378504	-28.02061538	-30.59427979	-19.47730449	-20.61728732	-22.01106095	-23.5981464	-25.37666058	-27.36934771	-29.64153676	-23.5326077	-24.5918807	-25.97888821	-27.6475485	-29.61762911
	12750000	-22.87663993	-23.94127514	-25.32379245	-26.98972728	-28.96850047	-18.82696153	-19.96386141	-21.36045493	-22.94605155	-24.72575521	-26.71351687	-28.99168578	-14.81088049	-16.17672786	-17.74316113	-19.42432083	-21.20041899	-23.08334955	-25.11042431	-27.35710554	-29.9325692	-10.41170021	-12.27776953	-14.20322727	-16.12767424	-18.0429732	-19.96149192	-21.94517978	-24.02311123	-26.25892582	-28.77233863	-31.73186753	-8.038479644	-10.62533321	-12.96346182	-15.13838266	-17.19436266	-19.22087159	-21.27053089	-23.38412951	-25.63370842	-28.11365813	-31.00429528	-7.17021883	-10.05321393	-12.54614827	-14.80891616	-16.93584012	-19.00392811	-21.07033696	-23.19035983	-25.44041345	-27.9141432	-30.76387652	-8.036471477	-10.63419159	-12.97398813	-15.1467592	-17.21560077	-19.25087691	-21.29156137	-23.40081078	-25.65212085	-28.13092041	-31.01228761	-10.39652917	-12.27130969	-14.20111886	-16.11647435	-18.02601554	-19.96748765	-21.94887693	-24.02532189	-26.26835612	-28.77678148	-31.73500313	-14.77821566	-16.15161295	-17.72247614	-19.40395945	-21.17946639	-23.06463658	-25.10097992	-27.34549281	-29.91230023	-18.79338938	-19.93718122	-21.33367034	-22.92023961	-24.70001026	-26.69045542	-28.96021707	-22.84585504	-23.90872733	-25.29618945	-26.96598455	-28.93403287
	13600000	-22.22918734	-23.29634647	-24.6790307	-26.34387143	-28.32389871	-18.18217333	-19.32323826	-20.72076316	-22.30869057	-24.08641946	-26.07216061	-28.34740954	-14.16622127	-15.54201922	-17.10536521	-18.78974619	-20.54380713	-22.44901777	-24.47795502	-26.71770329	-29.2880959	-9.763804904	-11.63662948	-13.56618088	-15.49336774	-17.41001344	-19.33042384	-21.31252552	-23.38802733	-25.62357074	-28.13159171	-31.08336421	-7.392342523	-9.985602656	-12.32767454	-14.50613662	-16.56352993	-18.59107183	-20.63895402	-22.75232979	-24.9988929	-27.47850475	-30.35611674	-6.525083114	-9.414138828	-11.91096273	-14.17600594	-16.30423023	-18.37311943	-20.43605924	-22.55729483	-24.80573297	-27.27718934	-30.1222462	-7.390909397	-9.994488803	-12.33826739	-14.51347536	-16.58410184	-18.61983191	-20.65979365	-22.76843916	-25.01660825	-27.49321496	-30.36959451	-9.748577453	-11.63333866	-13.56398087	-15.48314951	-17.39488267	-19.33517074	-21.31701923	-23.39143345	-25.63084555	-28.13518826	-31.08936549	-14.13387849	-15.51163402	-17.08571674	-18.76859226	-20.54632034	-22.42899918	-24.4622704	-26.70402376	-29.26821685	-18.14877798	-19.29580776	-20.69256099	-22.28199576	-24.06002141	-26.05050654	-28.31629187	-22.19726523	-23.26322744	-24.65198414	-26.31885522	-28.28745515
	14450000	-21.63064926	-22.69347769	-24.08679348	-25.74819973	-27.69964977	-17.58616431	-18.72337642	-20.11859251	-21.7148639	-23.47012426	-25.45515697	-27.75324412	-13.57130654	-14.94717378	-16.51541476	-18.16943606	-19.96639695	-21.85959727	-23.85903594	-26.12171304	-28.69177527	-9.163447607	-11.0387715	-12.97092397	-14.90362866	-16.823517	-18.7384905	-20.73037446	-22.80218678	-25.0128886	-27.51238022	-30.46589086	-6.771973519	-9.386838217	-11.73528547	-13.91754076	-15.95304746	-18.00622922	-20.05593115	-22.16637525	-24.41054139	-26.87848466	-29.72834924	-5.923976871	-8.821569775	-11.31320382	-13.59214129	-15.69170436	-17.78726891	-19.825591	-21.97071662	-24.21670006	-26.68513994	-29.5234261	-6.766714704	-9.371926697	-11.74866074	-13.92526699	-15.99910082	-18.0284994	-20.07418083	-22.16039226	-24.43196731	-26.87734276	-29.77195854	-9.145830964	-11.0086158	-12.97011381	-14.89213569	-16.80537548	-18.74521378	-20.72684332	-22.80374217	-25.01433239	-27.54552654	-30.48795621	-13.53259237	-14.91724225	-16.473715	-18.17640109	-19.96243127	-21.81782082	-23.84884142	-26.08623316	-28.64336583	-17.55140254	-18.70163125	-20.09247795	-21.69347703	-23.46729321	-25.4540065	-27.70046957	-21.57269845	-22.66765007	-24.03046552	-25.71808452	-27.66808857
	15300000	-21.08579427	-22.15642106	-23.54032747	-25.20327715	-27.1708171	-17.04215554	-18.18794798	-19.58324272	-21.17343877	-22.95284272	-24.93111168	-27.21417269	-13.02342599	-14.40619936	-15.96754531	-17.65323649	-19.4323928	-21.32654594	-23.33920589	-25.57674509	-28.14721026	-8.61219282	-10.49654307	-12.4091333	-14.36451545	-16.28455285	-18.20682101	-20.18946591	-22.26371036	-24.48753253	-26.9968314	-29.93749153	-6.239758263	-8.850269277	-11.19463681	-13.37513569	-15.44425947	-17.46101112	-19.51673003	-21.63007623	-23.8682958	-26.34749204	-29.20728735	-5.352188432	-8.281343061	-10.74597871	-13.051049	-15.17738148	-17.25078917	-19.3072573	-21.43293271	-23.6434515	-26.14243945	-28.98534923	-6.241445839	-8.8502355	-11.20600607	-13.38810847	-15.45520042	-17.50195522	-19.51026496	-21.63778985	-23.89153531	-26.35396595	-29.22759241	-8.596098072	-10.48558168	-12.43384659	-14.35746213	-16.27328657	-18.21480798	-20.18876832	-22.26628443	-24.49570328	-26.99340056	-29.95045259	-12.99693566	-14.37777315	-15.94884412	-17.6342998	-19.4195019	-21.29429643	-23.33105567	-25.56193186	-28.12360761	-17.00921274	-18.1541207	-19.56099279	-21.14933425	-22.91822739	-24.91537414	-27.1765721	-21.01644767	-22.10525295	-23.50609011	-25.18020616	-27.14308152
	16150000	-20.57671381	-21.64773987	-23.03184842	-24.69636427	-26.66175241	-16.53382192	-17.67932243	-19.07404159	-20.66725128	-22.44451492	-24.42671186	-26.7024037	-12.51430159	-13.89628652	-15.46609095	-17.15022706	-18.92646726	-20.81607132	-22.83268242	-25.0753014	-27.64283526	-8.103143168	-9.990140029	-11.9181517	-13.85826406	-15.7777681	-17.70303553	-19.68074468	-21.75168283	-23.98219372	-26.49007736	-29.43038344	-5.731546164	-8.339232162	-10.68571005	-12.86678595	-14.93374957	-16.96098419	-19.00653399	-21.12092562	-23.36152051	-25.8374961	-28.69830809	-4.86343076	-7.768735318	-10.26168683	-12.53676243	-14.6687766	-16.73862192	-18.80291117	-20.92653991	-23.16186988	-25.63347472	-28.47473914	-5.731134507	-8.342387877	-10.69792082	-12.88076677	-14.95112552	-16.99097872	-19.02039269	-21.13262815	-23.3825219	-25.84979562	-28.715867	-8.090443258	-9.977624269	-11.92233502	-13.8471408	-15.76326038	-17.70652646	-19.67945832	-21.75744073	-23.98917594	-26.49426032	-29.43861705	-12.48467656	-13.86726368	-15.44204979	-17.13017604	-18.91012855	-20.78853213	-22.82276237	-25.05930984	-27.61633243	-16.49819995	-17.64790165	-19.05035955	-20.64065633	-22.41779336	-24.40495992	-26.66816443	-20.53659269	-21.6114525	-23.0022306	-24.64596008	-26.63456967
	17000000	-20.0958284	-21.16704154	-22.55006979	-24.2143199	-26.187812	-16.05259758	-17.19731729	-18.59471698	-20.18624167	-21.96337311	-23.94665474	-26.22106022	-12.0336722	-13.41521658	-14.98386986	-16.66773619	-18.44536192	-20.33308403	-22.35307354	-24.59312347	-27.15806738	-7.623316943	-9.508642284	-11.43950596	-13.37460577	-15.29436326	-17.21950825	-19.19814987	-21.26991799	-23.50209036	-26.00784883	-28.9484029	-5.251548001	-7.857820722	-10.2044555	-12.38540494	-14.45015204	-16.47762869	-18.52341741	-20.63747699	-22.87904217	-25.35314349	-28.2208327	-4.383545703	-7.286622412	-9.782691574	-12.05940822	-14.18640138	-16.25650057	-18.319907	-20.44251994	-22.68154912	-25.15122719	-27.992699	-5.250583168	-7.862155661	-10.21512495	-12.39655512	-14.46819992	-16.50744817	-18.53985722	-20.65069319	-22.89786112	-25.3656875	-28.23404794	-7.609879655	-9.496744321	-11.44022561	-13.36539872	-15.28113252	-17.22215188	-19.19709959	-21.2743573	-23.50357532	-26.0097441	-28.95360767	-12.00245581	-13.38511024	-14.96087139	-16.64800433	-18.42685756	-20.30738035	-22.33985527	-24.57669827	-27.1340213	-16.01757055	-17.16619804	-18.56783941	-20.15842439	-21.93456635	-23.92239823	-26.18625816	-20.05781719	-21.13142401	-22.52041134	-24.18259774	-26.15381264
	17850000	-19.64385383	-20.7146125	-22.09839647	-23.76247616	-25.73712577	-15.60108848	-16.74595329	-18.14476492	-19.73474149	-21.51170918	-23.49446243	-25.76943107	-11.58226851	-12.9642037	-14.5328451	-16.21674307	-17.9940785	-19.88100204	-21.90104638	-24.14188136	-26.70620117	-7.17228287	-9.056632352	-10.98962672	-12.9231027	-14.84391811	-16.76862696	-18.74632398	-20.81889622	-23.04830273	-25.55359359	-28.49505211	-4.799972169	-7.405923399	-9.753544411	-11.93533202	-13.99970871	-16.02788026	-18.07399379	-20.18553638	-22.42774099	-24.90153157	-27.76749389	-3.933672726	-6.834638533	-9.332621883	-11.60857655	-13.7364718	-15.80682965	-17.86851417	-19.99051535	-22.231487	-24.69920153	-27.53828367	-4.799517479	-7.410991743	-9.763607208	-11.94488276	-14.01844578	-16.05685917	-18.08951949	-20.19930219	-22.44614543	-24.91410354	-27.78320416	-7.158653459	-9.046538436	-10.9896026	-12.91475158	-14.8304335	-16.76982967	-18.74740832	-20.82262557	-23.05383551	-25.55887235	-28.50197706	-11.5510746	-12.93450553	-14.51062628	-16.19748326	-17.97613824	-19.85648985	-21.88869925	-24.12529463	-26.68305619	-15.56462873	-16.71624023	-18.11665553	-19.70737442	-21.48387543	-23.47013185	-25.73676445	-19.60649062	-20.67990656	-22.06718507	-23.73201107	-25.70264472
	18700000	-19.21632629	-20.28680964	-21.67136007	-23.33518376	-25.30972837	-15.17449777	-16.32067612	-17.71947779	-19.31052633	-21.08608189	-23.0700129	-25.34131893	-11.15554066	-12.53890793	-14.10837375	-15.79351793	-17.57100712	-19.45822171	-21.47870986	-23.71736106	-26.2789608	-6.744853921	-8.631860204	-10.56762415	-12.50059579	-14.42203652	-16.34745832	-18.32528473	-20.39734793	-22.62729841	-25.13008724	-28.06985659	-4.373839026	-6.981934162	-9.331136462	-11.5136824	-13.57838436	-15.60741172	-17.65306538	-19.76418842	-22.0065708	-24.47930975	-27.34642498	-3.507570746	-6.410491313	-8.910845321	-11.18750927	-13.31605387	-15.38678811	-17.44931265	-19.56959574	-21.81014984	-24.27782799	-27.11609014	-4.372866104	-6.987517167	-9.340246982	-11.52313035	-13.59712029	-15.63583379	-17.66862264	-19.77916726	-22.02459939	-24.49289844	-27.36167369	-6.731928621	-8.622406237	-10.56726476	-12.49359024	-14.41008901	-16.34880584	-18.32680718	-20.40111066	-22.6329154	-25.1347193	-28.07947367	-11.12476873	-12.51066376	-14.08895314	-15.7754247	-17.55393883	-19.43491585	-21.46731983	-23.70286667	-26.25863257	-15.13939096	-16.29211524	-17.69332444	-19.28410133	-21.06026712	-23.0470519	-25.31243957	-19.18151184	-20.25481036	-21.64316322	-23.30817272	-25.27719721
	19550000	-18.81449649	-19.8862517	-21.27013238	-22.9366012	-24.90893221	-14.77280054	-15.92015504	-17.32178381	-18.91330122	-20.68862759	-22.67202192	-24.94125324	-10.75307798	-12.13946674	-13.70970463	-15.39743715	-17.17625773	-19.06254756	-21.08270258	-23.32075908	-25.88089184	-6.341625435	-8.230867748	-10.16970895	-12.10386172	-14.02673028	-15.95266933	-17.93114973	-20.00363621	-22.2335896	-24.73253444	-27.67300259	-3.9719137	-6.581485785	-8.932849935	-11.11796312	-13.18330485	-15.21492083	-17.26038722	-19.37081039	-21.61241406	-24.08328146	-26.9485201	-3.106534563	-6.010137349	-8.512921673	-10.79089409	-12.92046577	-14.99271046	-17.05566591	-19.17547753	-21.4163376	-23.88292488	-26.72087132	-3.971213335	-6.587535348	-8.941717281	-11.12587021	-13.20114882	-15.24195963	-17.27482926	-19.38658583	-21.63000398	-24.09829221	-26.96551255	-6.329148008	-8.222398745	-10.16877729	-12.09725374	-14.01549922	-15.95436815	-17.93457909	-20.00776731	-22.24061562	-24.74005248	-27.68209514	-10.72426227	-12.11191275	-13.6927733	-15.37999452	-17.15959525	-19.04150233	-21.07438512	-23.30980163	-25.86510609	-14.73967745	-15.89499269	-17.29663817	-18.88932959	-20.66438895	-22.65282056	-24.91727405	-18.78191139	-19.85688344	-21.2455582	-22.91124349	-24.88101863
	20400000	-18.4388193	-19.50979434	-20.89512232	-22.56248548	-24.53535098	-14.39771497	-15.54554981	-16.94689638	-18.5394334	-20.31531956	-22.29784408	-24.5679319	-10.37848807	-11.76775058	-13.33611986	-15.02330429	-16.80330618	-18.68997642	-20.70987042	-22.94809132	-25.50917391	-5.967833393	-7.858000069	-9.796865358	-11.73017521	-13.65463164	-15.58068589	-17.55896573	-19.63126504	-21.86135227	-24.36150807	-27.30233658	-3.598389256	-6.208397547	-8.560498994	-10.74525561	-12.81102788	-14.84317835	-16.88985861	-18.99963753	-21.24217453	-23.7125713	-26.57988335	-2.733916066	-5.638390175	-8.141399448	-10.41977199	-12.54904221	-14.62221648	-16.68452698	-18.80529561	-21.04705113	-23.51350567	-26.35050591	-3.598577815	-6.216085473	-8.569832918	-10.75390135	-12.82925954	-14.87046096	-16.90324099	-19.01681622	-21.25915561	-23.72893323	-26.59579494	-5.956726491	-7.829362057	-9.797657724	-11.72486268	-13.64432967	-15.58324593	-17.56418504	-19.63565074	-21.87071403	-24.37117702	-27.31428476	-10.35143459	-11.73995786	-13.32246774	-15.00825133	-16.78767294	-18.67073064	-20.7038606	-22.93969232	-25.49598456	-14.36674943	-15.52304243	-16.92508311	-18.51806751	-20.29266415	-22.28024478	-24.54885635	-18.41026248	-19.48432416	-20.8748276	-22.54059084	-24.50955833
	21250000	-18.0874835	-19.13664627	-20.54733633	-22.21793032	-24.18546233	-14.04424373	-15.19904599	-16.60087377	-18.19413253	-19.96394092	-21.95441776	-24.21774782	-10.00670679	-11.41329827	-12.98570509	-14.64503199	-16.45874014	-18.33872477	-20.35600732	-22.59512587	-25.16265591	-5.588686098	-7.502530361	-9.448611202	-11.37932396	-13.30405333	-15.22839892	-17.2111754	-19.27027644	-21.51477936	-24.01369291	-26.95256717	-3.250462149	-5.855522113	-8.187872036	-10.38879901	-12.45910986	-14.46264002	-16.53767165	-18.62522264	-20.86871704	-23.35962312	-26.23267741	-2.379073035	-5.282059268	-7.791747027	-10.06622086	-12.19250726	-14.25826001	-16.32914628	-18.44358166	-20.69678413	-23.1613863	-25.99908685	-3.243717438	-5.859839573	-8.182797173	-10.3969348	-12.48054914	-14.49038226	-16.52891967	-18.64342119	-20.8869135	-23.35199749	-26.23782541	-5.601277975	-7.489806228	-9.41368547	-11.36805219	-13.28724573	-15.22553167	-17.21319195	-19.28577033	-21.51472059	-24.02168038	-26.96157389	-9.994630786	-11.37785783	-12.97098904	-14.65066182	-16.43672161	-18.31573855	-20.34742468	-22.58515353	-25.1425026	-14.01018776	-15.17026146	-16.54380486	-18.16656722	-19.94132036	-21.93269175	-24.19596142	-18.05822327	-19.12715248	-20.51837974	-22.18452235	-24.13163577
