BPM Serial No.	16elec																																																																																																	
BPM Size	110																																																																																																	
"Experi,menter"	Nakanishi      Uno      Toyanma      Hanamura      Kawachi      																																																																																																	
Meas. Start Time	2016/10/1415:50																																																																																																	
Meas. Finish Time	2016/10/1416:37																																																																																																	
Linear Scale Origin X(mm)	-102.6																																																																																																	
Linear Scale Origin Y(mm)	110.258																																																																																																	
note																																																																																																		
																																																																																																		
																																																																																																		
Data Point Number		1	2	3	4	5	6	7	8	9	10	11	12	13	14	15	16	17	18	19	20	21	22	23	24	25	26	27	28	29	30	31	32	33	34	35	36	37	38	39	40	41	42	43	44	45	46	47	48	49	50	51	52	53	54	55	56	57	58	59	60	61	62	63	64	65	66	67	68	69	70	71	72	73	74	75	76	77	78	79	80	81	82	83	84	85	86	87	88	89	90	91	92	93	94	95	96	97
Linear Scale X (mm)		-122.601	-112.604	-102.602	-92.601	-82.601	-132.602	-122.604	-112.604	-102.602	-92.601	-82.602	-72.6	-142.604	-132.605	-122.604	-112.604	-102.602	-92.601	-82.601	-72.6	-62.6	-152.604	-142.607	-132.605	-122.604	-112.604	-102.602	-92.601	-82.601	-72.6	-62.599	-52.598	-152.604	-142.607	-132.605	-122.604	-112.604	-102.602	-92.601	-82.601	-72.6	-62.6	-52.598	-152.604	-142.607	-132.605	-122.604	-112.604	-102.602	-92.601	-82.601	-72.6	-62.599	-52.598	-152.604	-142.607	-132.605	-122.604	-112.604	-102.602	-92.601	-82.601	-72.6	-62.6	-52.598	-152.604	-142.607	-132.605	-122.604	-112.604	-102.602	-92.601	-82.601	-72.6	-62.6	-52.598	-142.604	-132.605	-122.604	-112.603	-102.602	-92.601	-82.601	-72.6	-62.599	-132.603	-122.604	-112.603	-102.602	-92.601	-82.601	-72.6	-122.601	-112.604	-102.602	-92.601	-82.602
Linear Scale Y (mm)		60.262	60.262	60.262	60.262	60.262	70.259	70.259	70.259	70.259	70.259	70.259	70.259	80.258	80.258	80.258	80.258	80.258	80.258	80.258	80.258	80.258	90.258	90.258	90.258	90.258	90.258	90.258	90.258	90.258	90.258	90.258	90.258	100.258	100.258	100.258	100.258	100.258	100.258	100.258	100.258	100.258	100.258	100.258	110.258	110.258	110.258	110.258	110.258	110.258	110.258	110.258	110.258	110.258	110.258	120.257	120.257	120.257	120.257	120.257	120.257	120.257	120.257	120.257	120.257	120.257	130.257	130.257	130.257	130.257	130.257	130.257	130.257	130.257	130.257	130.257	130.257	140.258	140.258	140.258	140.258	140.258	140.258	140.258	140.258	140.258	150.258	150.258	150.258	150.258	150.258	150.258	150.258	160.258	160.258	160.258	160.258	160.258
R(beam)[mm]		20.001	10.004	0.002	-9.999	-19.999	30.002	20.004	10.004	0.002	-9.999	-19.998	-30	40.004	30.005	20.004	10.004	0.002	-9.999	-19.999	-30	-40	50.004	40.007	30.005	20.004	10.004	0.002	-9.999	-19.999	-30	-40.001	-50.002	50.004	40.007	30.005	20.004	10.004	0.002	-9.999	-19.999	-30	-40	-50.002	50.004	40.007	30.005	20.004	10.004	0.002	-9.999	-19.999	-30	-40.001	-50.002	50.004	40.007	30.005	20.004	10.004	0.002	-9.999	-19.999	-30	-40	-50.002	50.004	40.007	30.005	20.004	10.004	0.002	-9.999	-19.999	-30	-40	-50.002	40.004	30.005	20.004	10.003	0.002	-9.999	-19.999	-30	-40.001	30.003	20.004	10.003	0.002	-9.999	-19.999	-30	20.001	10.004	0.002	-9.999	-19.998
Y(beam)[mm]		-49.996	-49.996	-49.996	-49.996	-49.996	-39.999	-39.999	-39.999	-39.999	-39.999	-39.999	-39.999	-30	-30	-30	-30	-30	-30	-30	-30	-30	-20	-20	-20	-20	-20	-20	-20	-20	-20	-20	-20	-10	-10	-10	-10	-10	-10	-10	-10	-10	-10	-10	0	0	0	0	0	0	0	0	0	0	0	9.999	9.999	9.999	9.999	9.999	9.999	9.999	9.999	9.999	9.999	9.999	19.999	19.999	19.999	19.999	19.999	19.999	19.999	19.999	19.999	19.999	19.999	30	30	30	30	30	30	30	30	30	40	40	40	40	40	40	40	50	50	50	50	50
Net Ana Temperature[℃]		23.64312906	23.742537	23.71145157	23.74132173	23.77388471	23.84852246	23.88235523	23.89656453	23.95041807	23.97445599	23.99352116	23.99146196	23.9253986	23.89774085	23.88150351	23.82690989	23.79384056	23.75419112	23.70874838	23.66973773	23.63008569	23.49653337	23.45609452	23.42444041	23.39109842	23.35876396	23.33532329	23.32202285	23.30017917	23.2711867	23.24046222	23.21129577	23.17037912	23.19069852	23.18670475	23.18538561	23.18956635	23.20207219	23.18997663	23.23744222	23.22958193	23.25026227	23.27149572	23.34310309	23.3600779	23.37439107	23.39101532	23.41844456	23.44302519	23.52894053	23.48731239	23.54221761	23.56345365	23.60397299	23.72934043	23.77217606	23.80878473	23.84887302	23.87740587	23.9151571	23.93466632	23.96821605	23.99459881	23.99905998	24.04764996	23.94774344	23.92195014	23.87321215	23.92345105	23.86518567	23.75068034	23.71652558	23.66480135	23.62165671	23.58724227	23.52455985	23.39419631	23.35413918	23.31842119	23.3006362	23.28072708	23.27853285	23.23346144	23.21657232	23.20139185	23.16659309	23.16592314	23.17927811	23.19848351	23.22597767	23.2217424	23.26423267	23.30083615	23.31002856	23.32886263	23.35187743	23.36953259
BPM Temperature[℃]		21.54762399	21.57442223	21.60830953	21.62783693	21.65556998	21.72918722	21.74149572	21.76447676	21.76847572	21.74848091	21.71259413	21.67442223	21.54481953	21.50755648	21.47629187	21.43832771	21.39678006	21.35967281	21.32474682	21.27060504	21.23152428	21.1295248	21.08896391	21.06735913	21.04185926	21.01500909	21.00168787	21.0028564	20.9830953	20.9578551	20.95544015	20.92318878	20.88366658	20.89091145	20.90724487	20.93035575	20.9634121	20.98818489	21.0280187	21.05764736	21.09218385	21.12765515	21.15930927	21.25803687	21.28018696	21.29397559	21.31950143	21.34640353	21.38379642	21.39340431	21.43199169	21.44962347	21.47577253	21.50044144	21.60314204	21.63905479	21.66273695	21.67281226	21.71025708	21.72900545	21.7593612	21.77834329	21.77857699	21.76933264	21.73069333	21.56003635	21.51171124	21.46130875	21.38750974	21.32614905	21.28026487	21.2265905	21.18732797	21.14848091	21.13557518	21.10534926	21.02414957	20.99462477	20.96969618	20.94713062	20.92186445	20.89039211	20.87073487	20.85027266	20.83214749	20.856349	20.87517528	20.89254739	20.93271877	20.9618281	20.9959491	21.03027785	21.12331862	21.1466632	21.18192677	21.2086471	21.23669177
Frequency (Hz) / Data (dB)	850000	-33.72604809	-31.41249994	-30.54789799	-31.39447432	-33.71042318	-38.10702285	-35.58979313	-33.9613977	-33.39404533	-33.95210203	-35.5736961	-38.01595478	-42.11818984	-39.46115389	-37.45431765	-36.27849689	-35.85576117	-36.27683493	-37.4244456	-39.41909626	-42.05117969	-46.18240135	-43.24257946	-40.96844016	-39.4150254	-38.43239564	-38.10611408	-38.36346849	-39.38173648	-40.99237582	-43.1903852	-46.07852527	-47.24325433	-44.64190514	-42.70242261	-41.3189028	-40.43633656	-40.13916933	-40.40130608	-41.28457417	-42.66183622	-44.53788396	-47.17224018	-48.59999218	-46.2384558	-44.50596799	-43.27731729	-42.47633235	-42.29314958	-42.52415562	-43.2487468	-44.4679955	-46.21776205	-48.58827113	-50.35635031	-48.07137172	-46.40667964	-45.27477551	-44.52714466	-44.3498239	-44.57412903	-45.22754041	-46.37084923	-48.00816416	-50.29776406	-52.38245258	-50.08731545	-48.39242058	-47.34251303	-46.65208744	-46.47081816	-46.6932475	-47.31392635	-48.41295945	-50.04067993	-52.29121996	-52.38929601	-50.7103775	-49.64110656	-48.97599144	-48.76873103	-48.96725497	-49.59307042	-50.69081411	-52.28515272	-53.34272767	-52.17572787	-51.50856017	-51.21601226	-51.49852871	-52.15865982	-53.32435438	-55.22507746	-54.48222649	-54.20877018	-54.45006785	-55.14544153
	1700000	-27.92232946	-25.59580312	-24.73429661	-25.57884354	-27.90416329	-32.29116235	-29.77798746	-28.14966168	-27.57750789	-28.13770118	-29.75732184	-32.22134211	-36.29536559	-33.65150101	-31.6604586	-30.46267237	-30.03968881	-30.45930321	-31.63027641	-33.6046375	-36.23392018	-40.35274305	-37.42720171	-35.16847636	-33.59398554	-32.61513641	-32.27871629	-32.56826269	-33.5687648	-35.16883893	-37.36965756	-40.26300944	-41.41099684	-38.81551422	-36.87389981	-35.49680196	-34.63813009	-34.33967548	-34.60270339	-35.46676329	-36.83622209	-38.72962113	-41.33889946	-42.765237	-40.40848881	-38.66210191	-37.43392134	-36.66466504	-36.46127214	-36.69161948	-37.41286004	-38.62875471	-40.36294762	-42.73090249	-44.47731323	-42.2058111	-40.55750714	-39.42112025	-38.70919657	-38.51687741	-38.73337473	-39.39449824	-40.52307455	-42.14545142	-44.40375664	-46.48120413	-44.20594466	-42.56208269	-41.49121971	-40.81535304	-40.63161656	-40.84243204	-41.47167613	-42.54804111	-44.15030306	-46.3948168	-46.49193991	-44.84371435	-43.74635209	-43.10697852	-42.90687925	-43.09595246	-43.7185064	-44.80007519	-46.39551538	-47.43846412	-46.26822989	-45.62320923	-45.35972088	-45.59661565	-46.2521758	-47.39406376	-49.26953647	-48.52946012	-48.26615215	-48.51257161	-49.1915885
	2550000	-24.56102726	-22.22560049	-21.3649288	-22.21123307	-24.5411387	-28.9294146	-26.41228992	-24.78018812	-24.20624208	-24.76864552	-26.39103945	-28.86593957	-32.937691	-30.2864782	-28.29957773	-27.09415383	-26.67054038	-27.08772542	-28.2712346	-30.24161446	-32.87706931	-36.99033687	-34.06311773	-31.81175814	-30.22681308	-29.24712278	-28.91119818	-29.2054748	-30.20419057	-31.80410396	-34.00750005	-36.90305243	-38.05347118	-35.45074364	-33.50913546	-32.13280764	-31.27683177	-30.98124486	-31.24594645	-32.10273737	-33.47202742	-35.37544504	-37.97570088	-39.41581456	-37.04327618	-35.29452635	-34.06758122	-33.30725946	-33.08990693	-33.32365853	-34.04887478	-35.26135468	-37.00255467	-39.36904351	-41.1188135	-38.84064086	-37.18872258	-36.05174731	-35.35181597	-35.14934588	-35.36670464	-36.02664952	-37.14690484	-38.77941939	-41.04065625	-43.11464712	-40.83419164	-39.19761679	-38.1227421	-37.45306177	-37.26281036	-37.4714795	-38.10432934	-39.18500985	-40.77895855	-43.03219217	-43.12784607	-41.47165754	-40.37941374	-39.73700754	-39.53256186	-39.72867592	-40.3498094	-41.4404447	-43.03369613	-44.06850418	-42.90287029	-42.24699478	-41.98979258	-42.22570806	-42.88006592	-44.02780723	-45.89770566	-45.14750868	-44.89803621	-45.12575719	-45.828258
	3400000	-22.17829802	-19.83768717	-18.97647045	-19.82404361	-22.15671401	-26.54863387	-24.02736013	-22.39358175	-21.81733107	-22.38206125	-24.00526289	-26.4868019	-30.55722581	-27.90335371	-25.91660685	-24.70638117	-24.2813971	-24.69923177	-25.88925548	-27.85737725	-30.49406204	-34.61283582	-31.67987237	-29.42793364	-27.84013404	-26.85749684	-26.52065042	-26.82102578	-27.81635211	-29.41746566	-31.62151311	-34.52459136	-35.67443092	-33.06644298	-31.12193442	-29.74329043	-28.8916081	-28.59497574	-28.86152648	-29.71713183	-31.0873849	-32.99240193	-35.59179893	-37.03207642	-34.65873504	-32.9066238	-31.67886834	-30.92115347	-30.70018293	-30.93424605	-31.65853608	-32.87341772	-34.61388265	-36.98376567	-38.73269704	-36.45000226	-34.79830788	-33.66252129	-32.96594113	-32.76038758	-32.97964573	-33.63936495	-34.76400652	-36.39356244	-38.65538717	-40.7312438	-38.44962794	-36.81388262	-35.73899843	-35.07197382	-34.8730206	-35.08444334	-35.71484514	-36.798106	-38.39293676	-40.64236103	-40.73701094	-39.08484738	-37.99049565	-37.35133481	-37.14553952	-37.3403195	-37.96383428	-39.04535242	-40.65443752	-41.6836353	-40.51480219	-39.85077886	-39.60586588	-39.83271019	-40.48704425	-41.63222177	-43.50518699	-42.76962069	-42.50897815	-42.74456009	-43.43811647
	4250000	-20.32664209	-17.98231864	-17.1209602	-17.96875589	-20.30477325	-24.69617745	-22.17383917	-20.5373648	-19.96146409	-20.52581856	-22.15132208	-24.63660651	-28.70772942	-26.04999238	-24.06404221	-22.85009195	-22.42472142	-22.84141807	-24.03712167	-26.00529721	-28.64565538	-32.76476392	-29.82778198	-27.57746115	-25.98514359	-24.99895872	-24.6623632	-24.96593029	-25.96007714	-27.5623414	-29.77031306	-32.67337121	-33.81860617	-31.21449936	-29.26715957	-27.88701571	-27.03665866	-26.74011234	-27.00768987	-27.86014476	-29.2314234	-31.14285209	-33.74290708	-35.18216892	-32.80583214	-31.0511336	-29.82282516	-29.06637272	-28.84281766	-29.07840581	-29.80175916	-31.01955135	-32.76375942	-35.13235772	-36.88167883	-34.59720453	-32.94431392	-31.8059068	-31.10834606	-30.90242086	-31.12228658	-31.78309155	-32.90906998	-34.53976269	-36.80694572	-38.88025027	-36.59467528	-34.96126205	-33.88071974	-33.21877406	-33.0158719	-33.22745841	-33.85998513	-34.9419198	-36.53965232	-38.79858557	-38.88782202	-37.23029433	-36.13218425	-35.49616042	-35.28620765	-35.48467269	-36.10478726	-37.19431742	-38.80282997	-39.82633444	-38.66268976	-37.99932316	-37.75088755	-37.97767531	-38.63228597	-39.78927057	-41.65347572	-40.90826094	-40.66058992	-40.89602846	-41.58956115
	5100000	-18.81354441	-16.46591436	-15.60383531	-16.45279393	-18.79160612	-23.18342302	-20.65799548	-19.02024929	-18.44299095	-19.00803395	-20.63583511	-23.12588104	-27.19752734	-24.53671817	-22.54976639	-21.33202054	-20.90560351	-21.32284201	-22.52242273	-24.49107538	-27.13372312	-31.25842818	-28.3172143	-26.06453053	-24.46718611	-23.47993058	-23.14252371	-23.44955023	-24.44265026	-26.04716492	-28.25768234	-31.16929343	-32.31439193	-29.70165599	-27.75132219	-26.36899466	-25.52089632	-25.22452345	-25.49330077	-26.34352877	-27.71660642	-29.6321575	-32.23515701	-33.67933337	-31.29449343	-29.53605166	-28.30662369	-27.55181159	-27.32421766	-27.55986573	-28.28448847	-29.50296342	-31.25024558	-33.62616484	-35.37895451	-33.08318239	-31.42987506	-30.29013148	-29.59622888	-29.38843553	-29.60617998	-30.26784491	-31.39717293	-33.03125641	-35.30538757	-37.37444336	-35.08723935	-33.45429006	-32.3697107	-31.70539672	-31.50442603	-31.71488111	-32.34621555	-33.43177302	-35.03180505	-37.29229008	-37.38645843	-35.72456348	-34.62361279	-33.98434703	-33.77512362	-33.97483855	-34.59642064	-35.68248049	-37.30283625	-38.32408409	-37.1533495	-36.49293883	-36.24818301	-36.47192487	-37.13160306	-38.28095984	-40.15043304	-39.4144857	-39.16176735	-39.39271646	-40.09791469
	5950000	-17.52811421	-15.17755792	-14.31468407	-15.16418496	-17.50474711	-21.8979655	-19.36998219	-17.73073517	-17.15214295	-17.71882879	-19.34736669	-21.84212198	-25.91452383	-23.24912324	-21.26164935	-20.04087128	-19.6142362	-20.03113319	-21.23421056	-23.20398704	-25.84920118	-29.97595328	-27.03121952	-24.77730922	-23.17584739	-22.18820492	-21.85009707	-22.15919859	-23.15169488	-24.75761193	-26.97050654	-29.8856785	-31.0306443	-28.41420337	-26.46111094	-25.07760804	-24.23059292	-23.93357259	-24.20279744	-25.05209293	-26.42627773	-28.34687524	-30.95109813	-32.39581005	-30.00767015	-28.24608988	-27.01459703	-26.26192511	-26.03114634	-26.26743577	-26.99555994	-28.21398734	-29.96328696	-32.34335914	-34.09710921	-31.80092397	-30.14265751	-29.00124947	-28.30829776	-28.09782531	-28.31539187	-28.97862063	-30.1084072	-31.74597845	-34.02244864	-36.09888402	-33.80646271	-32.16793639	-31.08198618	-30.42037038	-30.21334923	-30.4246779	-31.05893718	-32.143797	-33.74968561	-36.0138434	-36.1044894	-34.43940021	-33.33552047	-32.69778874	-32.48505313	-32.68662027	-33.30977357	-34.40084039	-36.02188021	-37.04303045	-35.87107885	-35.20664449	-34.96311378	-35.18632872	-35.84480156	-36.99911607	-38.86923906	-38.13220603	-37.88073637	-38.1130778	-38.82137014
	6800000	-16.41403635	-14.06126067	-13.19853209	-14.02692266	-16.37592687	-20.78394576	-18.2511317	-16.61347586	-16.02765539	-16.6008957	-18.23141329	-20.72894355	-24.7895702	-22.13426523	-20.14651211	-18.92336702	-18.4961054	-18.9134528	-20.11851971	-22.08788756	-24.73548595	-28.86635731	-25.91666587	-23.66225816	-22.05856906	-21.06933968	-20.72788152	-21.04242473	-22.03425534	-23.63045186	-25.85670021	-28.77330339	-29.91655626	-27.30047688	-25.34458909	-23.96026515	-23.11255445	-22.81704972	-23.0726703	-23.93504977	-25.30959747	-27.23307509	-29.83731464	-31.28305371	-28.89270643	-27.12729616	-25.89640499	-25.14278274	-24.91312576	-25.14960769	-25.87699351	-27.09606291	-28.8390313	-31.23240636	-32.98378376	-30.68554573	-29.02645212	-27.88411169	-27.18935012	-26.98071694	-27.19845325	-27.86138273	-28.99247935	-30.6334118	-32.91243845	-34.95508701	-32.69002017	-31.03738672	-29.96749642	-29.3020086	-29.0987737	-29.30867347	-29.93206032	-31.02631192	-32.63528323	-34.89949179	-34.99066106	-33.32453755	-32.20743462	-31.57741739	-31.37043172	-31.56952708	-32.1831189	-33.28300955	-34.90944133	-35.93253442	-34.75721214	-34.09134767	-33.85061818	-34.07325372	-34.73200109	-35.88622735	-37.74135655	-37.02066312	-36.75645096	-36.99783155	-37.71232738
	7650000	-15.40793879	-13.06769167	-12.20431007	-13.04272007	-15.38334407	-19.79224753	-17.26239185	-15.61421733	-15.04678776	-15.61095059	-17.23726432	-19.74149679	-23.80666132	-21.14223191	-19.15182388	-17.9241066	-17.51015255	-17.92124244	-19.12466289	-21.0904852	-23.73758561	-27.87513642	-24.9295004	-22.66684901	-21.06256209	-20.06758939	-19.72990895	-20.0324591	-21.03672176	-22.65268589	-24.84919014	-27.7760461	-28.92747933	-26.31215239	-24.35895882	-22.97374174	-22.13087825	-21.81596672	-22.09363191	-22.94374653	-24.32365173	-26.22249467	-28.84675652	-30.27950683	-27.89916094	-26.12016532	-24.90156665	-24.15072484	-23.90529803	-24.14321779	-24.86714879	-26.1056289	-27.85532901	-30.23280116	-31.97689943	-29.67778661	-28.03558912	-26.88360455	-26.20212974	-25.98732458	-26.18966985	-26.8759621	-28.00089963	-29.64158181	-31.90215726	-33.98201243	-31.67689834	-30.06877787	-28.96713893	-28.31280583	-28.1083887	-28.3162921	-28.95730425	-30.03747363	-31.63536369	-33.9050895	-33.99731818	-32.33125636	-31.22887924	-30.59477647	-30.37780616	-30.58354874	-31.20728467	-32.28913206	-33.91186943	-34.92419176	-33.76396766	-33.08977473	-32.8437023	-33.05540612	-33.73846709	-34.90235061	-36.75750144	-36.02635944	-35.77989403	-36.00456363	-36.71543667
	8500000	-14.50280086	-12.1497091	-11.28678372	-12.12855687	-14.47242004	-18.87563131	-16.34777211	-14.70610715	-14.12770171	-14.69294553	-16.32282925	-18.82416295	-22.89440941	-20.23061995	-18.24290786	-17.01801855	-16.59255176	-17.00545607	-18.21251432	-20.18261193	-22.82653609	-26.95563092	-24.01113528	-21.76007218	-20.15647371	-19.16313036	-18.81857661	-19.13010197	-20.13143009	-21.73652215	-23.94805118	-26.86572782	-28.01328062	-25.39558548	-23.44254972	-22.05837304	-21.21572231	-20.91594736	-21.18370473	-22.0309503	-23.40851037	-25.32426979	-27.93495644	-29.37892026	-26.98642179	-25.22177529	-23.98527503	-23.24600735	-23.00909554	-23.24543804	-23.97057034	-25.19574593	-26.94087935	-29.32569428	-31.07312245	-28.7787827	-27.12543786	-25.97947332	-25.29597941	-25.08060703	-25.29253408	-25.95894482	-27.087275	-28.73192969	-30.9995236	-33.07361238	-30.77805081	-29.15409876	-28.06387105	-27.40412355	-27.19919539	-27.4025712	-28.04086365	-29.10936927	-30.7281618	-32.99471108	-33.08441337	-31.41998199	-30.31381657	-29.67812316	-29.46660268	-29.66860807	-30.29227241	-31.37841043	-33.00714836	-34.02438816	-32.85514772	-32.1846895	-31.94351858	-32.15829295	-32.82702678	-33.98251739	-35.84717382	-35.1059779	-34.86434487	-35.09480305	-35.80558269
	9350000	-13.64184067	-11.28875863	-10.42660864	-11.27009364	-13.61319726	-18.01578277	-15.48996728	-13.85041466	-13.27174349	-13.83720224	-15.46575949	-17.96569733	-22.03528064	-19.3734233	-17.38922746	-16.16531195	-15.73985566	-16.15292756	-17.35701497	-19.32743705	-21.96964402	-26.09710577	-23.15513434	-20.90600515	-19.30257123	-18.31329965	-17.97039949	-18.28627449	-19.27913741	-20.88277329	-23.09298082	-26.00641119	-27.15413317	-24.54056777	-22.58887818	-21.2073793	-20.36615534	-20.06799857	-20.33558518	-21.18072186	-22.55559045	-24.47330191	-27.07457994	-28.52368932	-26.13424289	-24.37068599	-23.14055812	-22.39612348	-22.15990955	-22.39747888	-23.1214688	-24.3424315	-26.08722668	-28.46701761	-30.22127598	-27.92621328	-26.27120672	-25.1300187	-24.44565138	-24.23060556	-24.44383323	-25.10822029	-26.23689475	-27.8759487	-30.1388739	-32.21378063	-29.92608474	-28.30290052	-27.21113531	-26.55530286	-26.34898084	-26.55546365	-27.18990919	-28.26626393	-29.86822863	-32.1351358	-32.22675762	-30.56625291	-29.45991559	-28.82590692	-28.61411295	-28.81683616	-29.43760321	-30.52392393	-32.149848	-33.1664994	-31.99843007	-31.33018859	-31.09082883	-31.30551696	-31.9686187	-33.12511245	-34.98836584	-34.24985947	-34.00670136	-34.23568993	-34.94686225
	10200000	-12.82657461	-10.47455863	-9.613445839	-10.45739896	-12.79908261	-17.203897	-14.68044575	-13.04159781	-12.46444659	-13.02994549	-14.65688518	-17.15337991	-21.22380527	-18.5654656	-16.5837243	-15.36074992	-14.93505902	-15.34879093	-16.55708366	-18.51989684	-21.15885776	-25.28431347	-22.34659602	-20.10175955	-18.5000779	-17.51179439	-17.17050594	-17.48671229	-18.4763795	-20.07721123	-22.28486667	-25.19388644	-26.33934814	-23.73277058	-21.78491504	-20.40622839	-19.56656919	-19.27004707	-19.53757253	-20.38060415	-21.75176184	-23.66757536	-26.26214283	-27.71463146	-25.32869903	-23.56749847	-22.33951496	-21.59769622	-21.36087654	-21.59755431	-22.32164044	-23.53978991	-25.28284964	-27.65718575	-29.40714482	-27.11964878	-25.46746108	-24.32899155	-23.64674242	-23.43115785	-23.6448785	-24.30826999	-25.43330136	-27.06873455	-29.33012081	-31.40347176	-29.11840053	-27.49899618	-26.40961767	-25.7547088	-25.549828	-25.7536288	-26.38775327	-27.46541181	-29.06401759	-31.32019662	-31.4131477	-29.75939746	-28.65830972	-28.02316991	-27.8119908	-28.01170862	-28.63469405	-29.7180179	-31.34186962	-32.35708867	-31.19108081	-30.52538565	-30.28679048	-30.50105053	-31.16144906	-32.3145844	-34.18251177	-33.44111433	-33.19461593	-33.42514749	-34.1336182
	11050000	-12.05395657	-9.702884434	-8.84318026	-9.687256975	-12.02709164	-16.43495528	-13.91397987	-12.27815222	-11.69996047	-12.26568062	-13.89088222	-16.38518447	-20.4544082	-17.80091487	-15.82333231	-14.60046791	-14.17593968	-14.58953818	-15.79746691	-17.75588705	-20.38960302	-24.51234558	-21.58192942	-19.34276015	-17.74082361	-16.75494573	-16.41482366	-16.73124905	-17.71792906	-19.31673577	-21.51951391	-24.42279664	-25.57095592	-22.97075263	-21.02604257	-19.64960541	-18.81082549	-18.51632773	-18.78405226	-19.62383231	-20.99271246	-22.90589248	-25.49382918	-26.94708964	-24.56581938	-22.80857135	-21.58417498	-20.84329691	-20.60778639	-20.84237928	-21.56554161	-22.78132413	-24.52024349	-26.88880559	-28.63990228	-26.35675736	-24.70789589	-23.5716139	-22.89080591	-22.67694387	-22.89016034	-23.55206977	-24.67558168	-26.30640527	-28.56424772	-30.63526547	-28.35574541	-26.73929111	-25.65252027	-24.99995553	-24.79450434	-24.99953665	-25.63014948	-26.70402224	-28.30117962	-30.55103762	-30.64621952	-28.99357154	-27.89883716	-27.26368885	-27.05287472	-27.25230614	-27.87380939	-28.95158246	-30.57263111	-31.58758467	-30.42688687	-29.7591661	-29.52593649	-29.74168788	-30.39809791	-31.54431099	-33.40905341	-32.6699259	-32.42561444	-32.65695315	-33.36881936
	11900000	-11.32151755	-8.972558144	-8.113574795	-8.958107684	-11.29622201	-15.70781134	-13.18971635	-11.55501211	-10.97794062	-11.54299066	-13.16732286	-15.6587032	-19.7281796	-17.07962254	-15.10489009	-13.88265661	-13.45826729	-13.87177114	-15.07976675	-17.03523032	-19.66408027	-23.78463616	-20.86078101	-18.62447142	-17.02574796	-16.04027939	-15.70176554	-16.01873287	-17.00292926	-18.59867654	-20.79890458	-23.69465758	-24.84522823	-22.25061885	-20.30942663	-18.93499947	-18.0984031	-17.80522343	-18.07364217	-18.90994577	-20.27602001	-22.18743227	-24.7672124	-26.22234921	-23.84533152	-22.09234398	-20.87104263	-20.13223168	-19.89532653	-20.13038883	-20.85307059	-22.06580768	-23.8014091	-26.16291456	-27.91513876	-25.63512396	-23.99146072	-22.85861171	-22.1792853	-21.96449624	-22.1783474	-22.83944723	-23.95945093	-25.58736959	-27.83973835	-29.90740995	-27.63421276	-26.02203736	-24.93917552	-24.28859643	-24.08130152	-24.28600891	-24.91532853	-25.98733149	-27.57796922	-29.82357326	-29.9216259	-28.27457745	-27.1814929	-26.54789173	-26.33869692	-26.53665187	-27.15756224	-28.23536347	-29.85153104	-30.86386587	-29.70406646	-29.04027859	-28.80851326	-29.02180093	-29.67574885	-30.82031022	-32.68179767	-31.94695822	-31.70230584	-31.93299241	-32.64093214
	12750000	-10.63520729	-8.287107312	-7.428731491	-8.273934833	-10.6106379	-15.02534079	-12.50952273	-10.877503	-10.30086966	-10.86591308	-12.48811686	-14.97745212	-19.0470459	-16.40252408	-14.43100218	-13.20963451	-12.78601086	-13.19996479	-14.40640476	-16.35829095	-18.98330134	-23.09963549	-20.18218392	-17.95209897	-16.35378019	-15.37127337	-15.03319148	-15.3499497	-16.33190395	-17.92497886	-20.12136078	-23.0108738	-24.16319973	-21.57247289	-19.63732191	-18.26600529	-17.43007753	-17.13872236	-17.40686928	-18.24148251	-19.60446623	-21.5138381	-24.08666428	-25.54338732	-23.171168	-21.4201426	-20.2017233	-19.46605654	-19.22860357	-19.46389277	-20.18326207	-21.39366615	-23.12646402	-25.48305989	-27.23312518	-24.95995132	-23.31921985	-22.18922756	-21.51340068	-21.29779751	-21.51045007	-22.17053986	-23.28852336	-24.9113222	-27.15970215	-29.22470073	-26.95656693	-25.34997313	-24.26687331	-23.62036392	-23.41342619	-23.61792042	-24.24430052	-25.31622249	-26.90169047	-29.14161017	-29.24026822	-27.59901924	-26.50964247	-25.87757297	-25.6664476	-25.86464055	-26.48316658	-27.55978405	-29.16874936	-30.18190914	-29.02357448	-28.36596555	-28.13517419	-28.34892413	-28.99816547	-30.13927751	-32.00116875	-31.26494157	-31.02031054	-31.24777121	-31.9576827
	13600000	-9.987235219	-7.642039566	-6.783658339	-7.633098814	-9.963379078	-14.38073594	-11.8688872	-10.23777806	-9.662071269	-10.22648775	-11.84716448	-14.33397501	-18.40330936	-15.76357343	-13.79511225	-12.57470119	-12.15116796	-12.56429595	-13.7712574	-15.7198829	-18.34078678	-22.4541807	-19.54268402	-17.31610963	-15.72019479	-14.73843453	-14.40112198	-14.71863312	-15.69771742	-17.28913681	-19.48261423	-22.36517435	-23.51939113	-20.93682181	-19.00223518	-17.63407717	-16.79942111	-16.51021397	-16.77800267	-17.60975756	-18.97060028	-20.8763913	-23.44312589	-24.9008485	-22.53453804	-20.78757245	-19.57091466	-18.83555747	-18.59891415	-18.83251327	-19.55238852	-20.76059152	-22.48921439	-24.84024131	-26.589721	-24.32305706	-22.68519024	-21.55801605	-20.8832115	-20.66859125	-20.88069596	-21.53905687	-22.6546462	-24.27484708	-26.51747816	-28.58192372	-26.32018248	-24.71441537	-23.63546587	-22.99108401	-22.78309473	-22.96441895	-23.61316044	-24.68145494	-26.26270537	-28.47563021	-28.60013055	-26.96129846	-25.87360533	-25.24362633	-25.03439506	-25.23129351	-25.85050071	-26.92217477	-28.52873495	-29.53944538	-28.38878409	-27.72764747	-27.50102767	-27.71052116	-28.35980035	-29.4754504	-31.35848349	-30.62376111	-30.37948761	-30.60694703	-31.31489112
	14450000	-9.385664503	-7.043064861	-6.187014222	-7.030936428	-9.367553827	-13.7824604	-11.25239266	-9.642710907	-9.059585826	-9.639106328	-11.25390471	-13.74158605	-17.79392831	-15.16606394	-13.18076614	-11.98264949	-11.5427525	-11.97436761	-13.18326053	-15.12455597	-17.71833448	-21.856358	-18.95225049	-16.72693784	-15.1336417	-14.15410857	-13.80900503	-14.10747439	-15.11053473	-16.69893488	-18.86607333	-21.76486561	-22.89732508	-20.33902031	-18.40395962	-17.04716541	-16.21833924	-15.9233714	-16.18902339	-17.02285406	-18.38468794	-20.28125238	-22.84217183	-24.30230336	-21.91804436	-20.19662146	-18.98069314	-18.22584221	-18.01452976	-18.22551949	-18.96270983	-20.17163492	-21.89785024	-24.21539373	-25.96617068	-23.7297854	-22.06759176	-20.97345256	-20.29486553	-20.05755524	-20.29030959	-20.95543337	-22.06491727	-23.65658037	-25.8928066	-27.96292971	-25.72387559	-24.12501035	-23.03917905	-22.38236867	-22.19597732	-22.39640132	-23.01782014	-24.09114368	-25.6644489	-27.89142325	-27.9803237	-26.3696526	-25.28504242	-24.65137893	-24.41927776	-24.62011634	-25.25855996	-26.32594823	-27.93393225	-28.94100111	-27.76635295	-27.13721989	-26.90679759	-27.1223469	-27.76207817	-28.89586172	-30.7329698	-30.02639117	-29.7817628	-30.00622524	-30.71348498
	15300000	-8.840689301	-6.463420744	-5.642330848	-6.486531271	-8.818481217	-13.20461005	-10.72375903	-9.105948507	-8.521570955	-9.090636407	-10.71068194	-13.19707373	-17.25956463	-14.63026369	-12.66122651	-11.4384304	-11.01591627	-11.4352557	-12.64274197	-14.58583413	-17.19458703	-21.30703932	-18.40989656	-16.18283416	-14.59434891	-13.61479251	-13.27450075	-13.59319673	-14.57384374	-16.15573587	-18.33785793	-21.22293176	-22.37504246	-19.80072734	-17.87189511	-16.50797988	-15.67727465	-15.37875459	-15.65411126	-16.48049609	-17.84168127	-19.71673796	-22.30466976	-23.73971534	-21.39580427	-19.66241993	-18.44902492	-17.70775543	-17.44351284	-17.70620137	-18.43276714	-19.630863	-21.35911687	-23.697103	-25.44394578	-23.15475168	-21.55368706	-20.4356455	-19.757008	-19.54046326	-19.72974363	-20.41646866	-21.52932392	-23.1358121	-25.37166111	-27.43292349	-25.161362	-23.58181688	-22.51365617	-21.86159089	-21.66276811	-21.8613105	-22.48205528	-23.55127453	-25.12969524	-27.35101801	-27.4556201	-25.80573516	-24.7470531	-24.11202475	-23.9012733	-24.09730564	-24.71527564	-25.77012207	-27.39472439	-28.39724003	-27.24515164	-26.58636558	-26.35137611	-26.57947064	-27.22862986	-28.35176947	-30.20639462	-29.48101532	-29.23633264	-29.45811864	-30.16590636
	16150000	-8.329503156	-5.97851588	-5.129688129	-5.97514032	-8.30801606	-12.72103463	-10.2159803	-8.594121684	-8.013615049	-8.580766368	-10.20444351	-12.68605053	-16.74850655	-14.11959834	-12.15205456	-10.93345176	-10.50857858	-10.92204689	-12.13302227	-14.07513611	-16.6643934	-20.79932047	-17.89972981	-15.67820494	-14.08512733	-13.10482218	-12.76570844	-13.08380831	-14.06297766	-15.64655497	-17.83433692	-20.69069191	-21.86667201	-19.29219086	-17.36318367	-15.99873895	-15.16759246	-14.87748173	-15.14960299	-15.97600718	-17.33188592	-19.22934614	-21.79294115	-23.24815405	-20.86554449	-19.15124164	-17.93960512	-17.20046871	-16.95962825	-17.19604918	-17.91971973	-19.12333014	-20.84835007	-23.18726891	-24.93442241	-22.67191767	-21.04819517	-19.92402518	-19.24786029	-19.03243039	-19.2418564	-19.90690512	-21.01758272	-22.62774788	-24.83956217	-26.92532518	-24.66966782	-23.07505282	-22.00092157	-21.35513066	-21.15232236	-21.35151651	-21.9742459	-23.04415859	-24.61974208	-26.84203754	-26.94714561	-25.31299421	-24.23550447	-23.60413456	-23.39389657	-23.58929212	-24.20827592	-25.27589731	-26.88252206	-27.89181788	-26.73927737	-26.0862644	-25.85664536	-26.07018103	-26.71458783	-27.84425309	-29.69783681	-28.97379383	-28.72569189	-28.95259212	-29.662767
	17000000	-7.849311078	-5.499959509	-4.647484289	-5.494190724	-7.827355772	-12.24392557	-9.736664887	-8.11139107	-7.533210666	-8.099834103	-9.72140186	-12.204911	-16.26837325	-13.63809442	-11.67181894	-10.45250947	-10.02839051	-10.44193378	-11.65437696	-13.59423755	-16.20193737	-20.31844224	-17.41752496	-15.19572025	-13.60163279	-12.62229086	-12.28473884	-12.60283653	-13.58019202	-15.16574991	-17.35388979	-20.22676344	-21.38581612	-18.81062118	-16.8814034	-15.51579472	-14.68482746	-14.3960861	-14.66632388	-15.49185966	-16.84974945	-18.75017207	-21.31053258	-22.76888492	-20.40154789	-18.66792022	-17.45498567	-16.71857165	-16.4797053	-16.71488689	-17.4359114	-18.63943213	-20.36581018	-22.70765971	-24.45717796	-22.19355924	-20.5646568	-19.44066766	-18.76623103	-18.5505449	-18.76080693	-19.42292179	-20.53456153	-22.14771283	-24.37719873	-26.44637246	-24.18980753	-22.59344882	-21.51784513	-20.87395482	-20.66875003	-20.8701542	-21.49134914	-22.560519	-24.13398525	-26.36059881	-26.4697659	-24.83298925	-23.75289986	-23.12171751	-22.91170694	-23.10924317	-23.72804769	-24.7954253	-26.4024372	-27.41094934	-26.25828673	-25.60409967	-25.37640897	-25.58863674	-26.23197978	-27.36430353	-29.22003936	-28.49120309	-28.2469585	-28.47325014	-29.18356129
	17850000	-7.398104057	-5.049362915	-4.195152523	-5.042207329	-7.375608445	-11.79461422	-9.285998353	-7.659755835	-7.082744663	-7.648572436	-9.269221538	-11.75439239	-15.81813837	-13.18697567	-11.22211491	-10.00167256	-9.578010212	-9.991489633	-11.20308523	-13.14381612	-15.75302669	-19.86825309	-16.96665039	-14.74568646	-13.15177006	-12.17269503	-11.83503078	-12.15357498	-13.12991372	-14.7153783	-16.90340838	-19.77666542	-20.9352331	-18.35997248	-16.43126168	-15.06585492	-14.2352451	-13.94653966	-14.21696145	-15.04224943	-16.399175	-18.30117276	-20.85931849	-22.31901049	-19.95514541	-18.21589433	-17.0044879	-16.2690311	-16.03052903	-16.26542597	-16.98517239	-18.18906538	-19.91421142	-22.25641512	-24.00670737	-21.74281236	-20.11329088	-18.9896872	-18.31673591	-18.10112432	-18.31049519	-18.97224263	-20.08363647	-21.69641729	-23.93016898	-25.99622971	-23.74014691	-22.144004	-21.06826858	-20.4239397	-20.21761868	-20.41975805	-21.04316023	-22.10926298	-23.68543493	-25.91001748	-26.01939649	-24.38395924	-23.3024125	-22.67210745	-22.46202027	-22.65949888	-23.27700463	-24.34583062	-25.95204164	-26.95961743	-25.80856629	-25.15345514	-24.92580053	-25.13882477	-25.7816905	-26.91363928	-28.76709097	-28.03979198	-27.79656626	-28.02255677	-28.73224292
	18700000	-6.970026008	-4.622648726	-3.767572872	-4.61483976	-6.94772659	-11.36828834	-8.860519938	-7.233517478	-6.657259459	-7.222820083	-8.842777823	-11.32769823	-15.39233018	-12.76278856	-10.79806105	-9.57783706	-9.154646345	-9.568360963	-10.77850745	-12.71900472	-15.32810421	-19.44227035	-16.54187431	-14.32227632	-12.72889021	-11.75025914	-11.41359405	-11.73251679	-12.70759628	-14.29284953	-16.47919395	-19.35193786	-20.51019871	-17.93636188	-16.00858074	-14.64431412	-13.8137818	-13.52685448	-13.79611487	-14.62068091	-15.97709803	-17.87814552	-20.4343628	-21.89547426	-19.53125885	-17.79270786	-16.58284273	-15.84846862	-15.61037445	-15.84464442	-16.56393351	-17.76737637	-19.49150845	-21.83161487	-23.58179608	-21.32030355	-19.6900257	-18.56785313	-17.89609601	-17.68131337	-17.88965847	-18.55047416	-19.66200993	-21.27352547	-23.50567764	-25.57133174	-23.31590863	-21.72025182	-20.64543302	-20.00306717	-19.79702449	-19.99809789	-20.6193569	-21.68774208	-23.26092719	-25.48456847	-25.59264904	-23.96090806	-22.88004812	-22.24931593	-22.04048644	-22.23689154	-22.85517705	-23.92250944	-25.52648008	-26.53353996	-25.38507264	-24.72988494	-24.50428433	-24.71571247	-25.35615629	-26.4902866	-28.34314742	-27.61342161	-27.37082421	-27.60025008	-28.30781927
	19550000	-6.566094511	-4.220083929	-3.365272807	-4.212642631	-6.544096743	-10.96626744	-8.459206611	-6.83311814	-6.257463154	-6.822421638	-8.441813803	-10.9252987	-14.99249467	-12.3627431	-10.39914195	-9.179154642	-8.757080222	-9.170723505	-10.38003548	-12.31979156	-14.9298063	-19.04219291	-16.14371482	-13.92478581	-12.33138506	-11.35337907	-11.01804624	-11.33676211	-12.31095146	-13.89612768	-16.08264863	-18.95371264	-20.11166506	-17.53984669	-15.61282549	-14.24949859	-13.41885462	-13.13223081	-13.40237704	-14.2264281	-15.58218162	-17.48224705	-20.03511763	-21.49684359	-19.13608056	-17.3974912	-16.18863796	-15.45621537	-15.21755947	-15.4510697	-16.16980386	-17.37315603	-19.09620455	-21.43483634	-23.18272039	-20.92499316	-19.29446288	-18.17310736	-17.50273891	-17.28830305	-17.4963489	-18.15730538	-19.26782039	-20.87932718	-23.10884907	-25.17217665	-22.91957927	-21.32597156	-20.25091167	-19.61054886	-19.40332168	-19.60565233	-20.22699463	-21.29265864	-22.86531943	-25.0870493	-25.19622483	-23.56525741	-22.48653272	-21.85611319	-21.64700026	-21.84345748	-22.46023967	-23.52812678	-25.12988452	-26.13673284	-24.99078334	-24.33484446	-24.1104903	-24.31845885	-24.96186339	-26.09308889	-27.94289462	-27.21536029	-26.97407557	-27.20187036	-27.90827534
	20400000	-6.190312027	-3.844744069	-2.989071992	-3.840239837	-6.169358562	-10.59164852	-8.084082922	-6.458190577	-5.883887564	-6.448265989	-8.067229014	-10.55169682	-14.6165042	-11.98883749	-10.02463177	-8.804988923	-8.38404998	-8.797738256	-10.00637857	-11.94613793	-14.55589206	-18.66569212	-15.76833426	-13.54993633	-11.95751027	-10.98034295	-10.64540863	-10.96351708	-11.93793545	-13.52264497	-15.70825331	-18.57887088	-19.73602974	-17.16417383	-15.23774403	-13.87487793	-13.04494442	-12.75962339	-13.02917387	-13.85359557	-15.2083375	-17.10876787	-19.66085079	-21.12106357	-18.76142674	-17.0227134	-15.81518802	-15.08164718	-14.8444293	-15.07802613	-15.79719702	-16.99929294	-18.72166097	-21.06055302	-22.80706051	-20.54946439	-18.91933166	-17.7990291	-17.128409	-16.91520389	-17.1221344	-17.78325128	-18.89348535	-20.50513316	-22.73559156	-24.79677256	-22.5437642	-20.95167051	-19.87550038	-19.23664033	-19.02897623	-19.23168724	-19.85149722	-20.91825341	-22.49177664	-24.71273764	-24.81900295	-23.18892397	-22.11104315	-21.48055509	-21.27290711	-21.46893054	-22.08684806	-23.15400237	-24.75417843	-25.7603135	-24.61521944	-23.95984438	-23.7370431	-23.94230893	-24.5849269	-25.71868252	-27.56974043	-26.83987909	-26.59923793	-26.82609072	-27.53230537
	21250000	-5.810508875	-3.495941754	-2.633651537	-3.485227338	-5.819418942	-10.24464412	-7.73621905	-6.103496566	-5.537595272	-6.101378219	-7.713945014	-10.20134952	-14.27059519	-11.63677534	-9.670034909	-8.44965802	-8.036321591	-8.447377095	-9.651819789	-11.5919052	-14.20257916	-18.30011446	-15.39327343	-13.19327245	-11.60014796	-10.60344441	-10.29418305	-10.60649352	-11.58144479	-13.17314308	-15.32939277	-18.22425734	-19.37769679	-16.78944562	-14.88699507	-13.49845638	-12.6948179	-12.40591412	-12.67891269	-13.49123557	-14.83564915	-16.75179904	-19.30931782	-20.76811068	-18.40359417	-16.66894007	-15.45656255	-14.70165279	-14.49281029	-14.72032325	-15.43892689	-16.64806006	-18.37077966	-20.70361165	-22.45000462	-20.19550568	-18.56347699	-17.43519962	-16.77287933	-16.53417568	-16.76379074	-17.38705785	-18.54203598	-20.12453542	-22.37965971	-24.44036282	-22.18658997	-20.57158759	-19.51563354	-18.85613497	-18.64596896	-18.86931228	-19.50345684	-20.56558714	-22.13233604	-24.3602695	-24.45862613	-22.82974236	-21.74919762	-21.12347738	-20.91544913	-21.09195266	-21.73354937	-22.79414586	-24.39594752	-25.39943247	-24.25394876	-23.60116843	-23.37576107	-23.56060865	-24.2279594	-25.36330047	-27.20909814	-26.47324142	-26.24318353	-26.43942329	-27.14284957
