BPM Serial No.	16elec																																																																																																	
BPM Size	110																																																																																																	
"Experi,menter"	Nakanishi      Uno      Toyanma      Hanamura      Kawachi      																																																																																																	
Meas. Start Time	2016/10/1420:20																																																																																																	
Meas. Finish Time	2016/10/1421:07																																																																																																	
Linear Scale Origin X(mm)	-102.6																																																																																																	
Linear Scale Origin Y(mm)	110.258																																																																																																	
note																																																																																																		
																																																																																																		
																																																																																																		
Data Point Number		1	2	3	4	5	6	7	8	9	10	11	12	13	14	15	16	17	18	19	20	21	22	23	24	25	26	27	28	29	30	31	32	33	34	35	36	37	38	39	40	41	42	43	44	45	46	47	48	49	50	51	52	53	54	55	56	57	58	59	60	61	62	63	64	65	66	67	68	69	70	71	72	73	74	75	76	77	78	79	80	81	82	83	84	85	86	87	88	89	90	91	92	93	94	95	96	97
Linear Scale X (mm)		-122.601	-112.604	-102.602	-92.601	-82.601	-132.602	-122.604	-112.604	-102.602	-92.601	-82.601	-72.6	-142.604	-132.605	-122.604	-112.604	-102.602	-92.601	-82.602	-72.6	-62.6	-152.604	-142.607	-132.605	-122.604	-112.604	-102.603	-92.601	-82.601	-72.6	-62.6	-52.598	-152.604	-142.607	-132.605	-122.604	-112.604	-102.603	-92.601	-82.601	-72.6	-62.6	-52.598	-152.604	-142.607	-132.605	-122.604	-112.604	-102.603	-92.601	-82.601	-72.6	-62.6	-52.598	-152.604	-142.607	-132.605	-122.604	-112.604	-102.602	-92.601	-82.601	-72.6	-62.6	-52.598	-152.604	-142.607	-132.605	-122.604	-112.604	-102.603	-92.601	-82.601	-72.6	-62.6	-52.598	-142.604	-132.605	-122.604	-112.604	-102.603	-92.601	-82.601	-72.6	-62.6	-132.602	-122.604	-112.604	-102.602	-92.601	-82.601	-72.6	-122.601	-112.603	-102.602	-92.601	-82.602
Linear Scale Y (mm)		60.26	60.26	60.26	60.26	60.26	70.257	70.257	70.257	70.257	70.257	70.257	70.257	80.256	80.256	80.256	80.256	80.256	80.256	80.256	80.256	80.256	90.256	90.256	90.256	90.256	90.256	90.256	90.256	90.256	90.256	90.256	90.256	100.256	100.256	100.256	100.256	100.256	100.256	100.256	100.256	100.256	100.256	100.256	110.256	110.256	110.256	110.256	110.256	110.256	110.256	110.256	110.256	110.256	110.256	120.255	120.255	120.255	120.255	120.255	120.255	120.255	120.255	120.255	120.255	120.255	130.255	130.255	130.256	130.256	130.255	130.255	130.255	130.255	130.256	130.256	130.256	140.256	140.256	140.256	140.256	140.256	140.256	140.256	140.256	140.256	150.255	150.256	150.256	150.255	150.255	150.255	150.255	160.255	160.256	160.256	160.256	160.256
R(beam)[mm]		20.001	10.004	0.002	-9.999	-19.999	30.002	20.004	10.004	0.002	-9.999	-19.999	-30	40.004	30.005	20.004	10.004	0.002	-9.999	-19.998	-30	-40	50.004	40.007	30.005	20.004	10.004	0.003	-9.999	-19.999	-30	-40	-50.002	50.004	40.007	30.005	20.004	10.004	0.003	-9.999	-19.999	-30	-40	-50.002	50.004	40.007	30.005	20.004	10.004	0.003	-9.999	-19.999	-30	-40	-50.002	50.004	40.007	30.005	20.004	10.004	0.002	-9.999	-19.999	-30	-40	-50.002	50.004	40.007	30.005	20.004	10.004	0.003	-9.999	-19.999	-30	-40	-50.002	40.004	30.005	20.004	10.004	0.003	-9.999	-19.999	-30	-40	30.002	20.004	10.004	0.002	-9.999	-19.999	-30	20.001	10.003	0.002	-9.999	-19.998
Y(beam)[mm]		-49.998	-49.998	-49.998	-49.998	-49.998	-40.001	-40.001	-40.001	-40.001	-40.001	-40.001	-40.001	-30.002	-30.002	-30.002	-30.002	-30.002	-30.002	-30.002	-30.002	-30.002	-20.002	-20.002	-20.002	-20.002	-20.002	-20.002	-20.002	-20.002	-20.002	-20.002	-20.002	-10.002	-10.002	-10.002	-10.002	-10.002	-10.002	-10.002	-10.002	-10.002	-10.002	-10.002	-0.002	-0.002	-0.002	-0.002	-0.002	-0.002	-0.002	-0.002	-0.002	-0.002	-0.002	9.997	9.997	9.997	9.997	9.997	9.997	9.997	9.997	9.997	9.997	9.997	19.997	19.997	19.998	19.998	19.997	19.997	19.997	19.997	19.998	19.998	19.998	29.998	29.998	29.998	29.998	29.998	29.998	29.998	29.998	29.998	39.997	39.998	39.998	39.997	39.997	39.997	39.997	49.997	49.998	49.998	49.998	49.998
Net Ana Temperature[℃]		23.55727863	23.52258115	23.47180992	23.43477279	23.41114256	23.33831992	23.30735393	23.29231109	23.25985458	23.23048299	23.20255778	23.1808699	23.18655414	23.2033342	23.21199429	23.22030122	23.24037133	23.27368476	23.26144118	23.27725266	23.29229551	23.34605557	23.36536744	23.38416775	23.40235004	23.43414957	23.46052973	23.477141	23.51024669	23.5127811	23.52366658	23.52906777	23.63965204	23.68885744	23.73204103	23.78685796	23.8390496	23.90266684	23.94068294	23.9868268	24.00722669	24.04029083	24.06871202	24.05868086	24.05270839	24.01656193	23.96572579	23.95014801	23.92648922	23.87733576	23.82567125	23.78826798	23.75413918	23.71227214	23.59846014	23.61753571	23.55178395	23.51347442	23.47499091	23.44871722	23.4317424	23.41883926	23.43695144	23.36971176	23.3565879	23.33210854	23.34211893	23.35640613	23.37139444	23.39277331	23.40152168	23.4280992	23.47170605	23.50334978	23.51316281	23.52997403	23.57815373	23.61149052	23.63872501	23.66575954	23.68955077	23.71753571	23.75564529	23.76193716	23.79188782	23.85298624	23.88826798	23.91168268	23.93883667	23.95973254	23.98245391	24.00708647	24.08414957	24.11279927	24.13272397	24.14108543	24.13655414
BPM Temperature[℃]		21.15120748	21.10259673	21.07346144	21.04996105	21.01880031	20.95427162	20.93092703	20.89703973	20.87533108	20.8607115	20.86141262	20.8902363	20.8973773	20.92970657	20.96110101	20.98078421	21.02443521	21.04292392	21.07712283	21.09028824	21.13313425	21.19532589	21.20379122	21.22557777	21.2365879	21.26138665	21.27694105	21.28512075	21.30321994	21.3210335	21.34269021	21.36172423	21.46016619	21.49641652	21.52786289	21.56665801	21.58361465	21.61332122	21.64196313	21.68005713	21.69228772	21.70457024	21.66767073	21.52843417	21.48312127	21.44819527	21.38896391	21.34697481	21.3128538	21.27605817	21.24404051	21.21215269	21.1832511	21.1576214	21.04622176	21.02324072	21.00033757	20.97974552	20.95125941	20.92835627	20.91508699	20.90919242	20.90054531	20.88636718	20.86951441	20.89613088	20.92679823	20.95780317	20.9942093	21.01578811	21.05081797	21.09057388	21.11345105	21.14811737	21.17629187	21.19896131	21.27372111	21.28992469	21.31376266	21.33401714	21.34097637	21.35689431	21.36772267	21.37377305	21.3942872	21.4308751	21.44990911	21.48117372	21.49535186	21.52116333	21.55447936	21.58135549	21.64133991	21.6537263	21.62755129	21.59330044	21.55235004
Frequency (Hz) / Data (dB)	850000	-55.74270599	-54.57294697	-54.04446975	-53.96176372	-54.33217662	-54.3002414	-52.77319454	-51.72893505	-51.08102564	-50.93218366	-51.21554191	-51.99921273	-53.79988338	-51.78377334	-50.3121848	-49.26809725	-48.61660477	-48.35373893	-48.5173901	-49.17108226	-50.4011955	-54.31031158	-51.77333126	-49.7658101	-48.24779058	-47.08818289	-46.38075333	-46.0685253	-46.12546106	-46.69649462	-47.84518989	-49.74162697	-52.65536425	-50.0481224	-47.99540597	-46.41719922	-45.1946285	-44.35479366	-43.91057221	-43.89035232	-44.38475762	-45.48460994	-47.33422313	-51.3609492	-48.67537687	-46.49540619	-44.76866698	-43.39687454	-42.41099096	-41.82128416	-41.71204386	-42.15211332	-43.21374315	-45.04470978	-50.51304362	-47.63140177	-45.25427746	-43.30502354	-41.72395108	-40.48324844	-39.74938339	-39.52606206	-39.87991641	-40.95204019	-42.97806243	-50.02980412	-46.91451064	-44.28750021	-42.04492816	-40.19345978	-38.70810739	-37.71284283	-37.22241767	-37.5127958	-38.75150111	-40.96918171	-46.62051847	-43.67756584	-41.12497231	-38.89259962	-36.95465206	-35.544186	-34.87880676	-35.0843196	-36.42164067	-43.57731322	-40.59085128	-37.88772881	-35.48223641	-33.52183554	-32.30997505	-32.30884553	-40.74248646	-37.44579046	-34.33686607	-31.50418655	-29.4254566
	1700000	-49.67065004	-48.62843758	-48.03984495	-47.94369373	-48.34374022	-48.2840904	-46.78973928	-45.75757262	-45.17426183	-44.99339656	-45.27401885	-46.03719414	-47.82523592	-45.83820217	-44.39437502	-43.36383608	-42.71540195	-42.46219693	-42.63093267	-43.28874773	-44.50217266	-48.32003782	-45.79194705	-43.82977381	-42.35652311	-41.21907462	-40.50911192	-40.18622114	-40.26517431	-40.81228391	-41.95806618	-43.8145337	-46.69236221	-44.12586092	-42.11173872	-40.5231842	-39.31982713	-38.48805955	-38.04167606	-38.03581874	-38.53101442	-39.61596473	-41.43131836	-45.40185554	-42.77505767	-40.61615664	-38.9058859	-37.53760866	-36.54535607	-35.9682781	-35.86466583	-36.29862711	-37.36830982	-39.19593958	-44.562862	-41.71813513	-39.38450268	-37.44904136	-35.8802495	-34.6514653	-33.90523658	-33.67705547	-34.05143984	-35.13580334	-37.13556849	-44.12477447	-41.01394005	-38.42731202	-36.20870683	-34.35658551	-32.88052114	-31.86880854	-31.41199418	-31.70664002	-32.9297998	-35.15390601	-40.73963105	-37.82454093	-35.27595977	-33.05985285	-31.14243448	-29.73697543	-29.05770065	-29.2591238	-30.60442445	-37.72907005	-34.74826814	-32.06123579	-29.65906014	-27.69459625	-26.483851	-26.48079763	-34.90509163	-31.62199415	-28.51360273	-25.68208353	-23.6008478
	2550000	-46.27977116	-45.2191088	-44.67255542	-44.56809396	-44.95656434	-44.87220597	-43.39741146	-42.37935418	-41.78873055	-41.60616501	-41.88549967	-42.65425327	-44.4209226	-42.46878768	-41.0181789	-39.98636438	-39.33924918	-39.08042927	-39.25156623	-39.90255013	-41.12115441	-44.94234633	-42.39501967	-40.4583343	-38.97070665	-37.85079927	-37.13357775	-36.80533064	-36.89228078	-37.43831837	-38.58586012	-40.43765826	-43.2983565	-40.74777949	-38.73449235	-37.14476178	-35.93937752	-35.11294602	-34.67051555	-34.65999807	-35.15354654	-36.24432653	-38.06148964	-42.02094043	-39.39211257	-37.24115744	-35.52312594	-34.15886684	-33.16429204	-32.59435317	-32.48533053	-32.92878093	-33.99606544	-35.83187049	-41.17440647	-38.34116339	-36.00703235	-34.07509955	-32.49692126	-31.28278188	-30.53421093	-30.30354248	-30.68050787	-31.77119472	-33.77329179	-40.75219531	-37.63341759	-35.05025649	-32.83621906	-30.98521484	-29.50542496	-28.49253835	-28.04416451	-28.34367646	-29.56054284	-31.78823066	-37.37328073	-34.45417286	-31.90429921	-29.68501092	-27.779478	-26.36904987	-25.67947386	-25.88663408	-27.23547486	-34.3560576	-31.3789201	-28.68688437	-26.28145711	-24.31909129	-23.10836578	-23.10713646	-31.54179832	-28.25368218	-25.14148947	-22.30704742	-20.22432061
	3400000	-43.89765474	-42.84642367	-42.28099487	-42.17989725	-42.57094779	-42.49855819	-41.00943552	-40.00066632	-39.40998363	-39.22492645	-39.49498247	-40.27592734	-42.03735854	-40.08390449	-38.63252952	-37.60069406	-36.95102917	-36.69486238	-36.86381907	-37.52436831	-38.74767232	-42.56491395	-40.02261794	-38.0729548	-36.5887113	-35.46389612	-34.74748187	-34.42155007	-34.50591214	-35.06168907	-36.20401762	-38.05871467	-40.92674094	-38.35742037	-36.35201014	-34.76543481	-33.55836829	-32.72957345	-32.28888346	-32.27477695	-32.77756871	-33.86299846	-35.68341719	-39.6460404	-37.01500495	-34.86181383	-33.14436409	-31.78038045	-30.78025868	-30.21223328	-30.10561089	-30.54658286	-31.61811724	-33.46102665	-38.81299818	-35.97122243	-33.62646478	-31.69142777	-30.11580872	-28.9015528	-28.15177285	-27.9204796	-28.30055434	-29.3967561	-31.3985783	-38.37660209	-35.25382464	-32.66911277	-30.45398969	-28.60242867	-27.12463146	-26.10736951	-25.66281179	-25.96588654	-27.1839635	-29.41807701	-35.00375381	-32.0762449	-29.52485525	-27.30285662	-25.40124157	-23.99270346	-23.30018252	-23.5090268	-24.85991199	-31.98266827	-29.00340144	-26.30903884	-23.90296684	-21.93675201	-20.72637703	-20.72630985	-29.16607612	-25.8804615	-22.76189969	-19.92823755	-17.84259882
	4250000	-42.04514053	-40.99999371	-40.44018273	-40.33716853	-40.72880267	-40.65440763	-39.16953343	-38.15397904	-37.56565435	-37.38619442	-37.65243429	-38.43121953	-40.19447363	-38.23494996	-36.7860791	-35.7534623	-35.10704383	-34.85073267	-35.02075058	-35.68161703	-36.90776849	-40.72297682	-38.16985901	-36.22847196	-34.73929212	-33.62125361	-32.90359827	-32.56986574	-32.66104724	-33.21366662	-34.35831443	-36.22146038	-39.07965935	-36.5191831	-34.5099434	-32.92096706	-31.71203849	-30.88047272	-30.44015011	-30.43004829	-30.93294187	-32.02163204	-33.84190251	-37.82049117	-35.16548466	-33.02380028	-31.29676984	-29.9323383	-28.93516039	-28.36439661	-28.25964161	-28.70197648	-29.77347906	-31.62206963	-36.96519391	-34.12548535	-31.78006168	-29.84715459	-28.26937696	-27.05618633	-26.30447023	-26.07295227	-26.45632332	-27.55448783	-29.55724428	-36.53266791	-33.41639885	-30.82703783	-28.61074403	-26.75540058	-25.27532177	-24.25895258	-23.81675987	-24.12189764	-25.3402998	-27.57660531	-33.15970819	-30.2336382	-27.68061023	-25.45586657	-23.55546883	-22.14873351	-21.45342646	-21.66370065	-23.01690965	-30.14309848	-27.16076662	-24.46387597	-22.05609511	-20.08972031	-18.87946633	-18.88069384	-27.32980903	-24.03712076	-20.91723445	-18.08277362	-15.99741215
	5100000	-40.57212337	-39.52392984	-38.9526164	-38.85292061	-39.25329129	-39.16736014	-37.67834962	-36.66629506	-36.07503275	-35.89965062	-36.16655174	-36.94613193	-38.71132369	-36.75377121	-35.29279981	-34.2607677	-33.6108521	-33.35931197	-33.52857614	-34.18924451	-35.42474117	-39.2393706	-36.6828013	-34.73674495	-33.24415229	-32.12417332	-31.40719973	-31.07710053	-31.16406928	-31.72094523	-32.86782014	-34.73898579	-37.59658748	-35.02912663	-33.01535522	-31.42228665	-30.21386254	-29.38260513	-28.94065447	-28.92947785	-29.43451027	-30.52505108	-32.3515088	-36.32895122	-33.6763079	-31.52519639	-29.80127331	-28.43168769	-27.43427795	-26.86291812	-26.75776269	-27.20304759	-28.2782896	-30.13082582	-35.48304073	-32.63202712	-30.28326817	-28.34760204	-26.76873541	-25.55548413	-24.80197225	-24.56914781	-24.95554556	-26.05823786	-28.06304367	-35.05246389	-31.92301435	-29.33172008	-27.11047985	-25.25330788	-23.7726621	-22.75512605	-22.31547547	-22.62265194	-23.84053606	-26.08341911	-31.66754827	-28.73639631	-26.17998353	-23.95327879	-22.054714	-20.64749564	-19.95040472	-20.16207685	-21.51888059	-28.65027744	-25.66542735	-22.96365734	-20.55464149	-18.58687867	-17.37731095	-17.38003295	-25.83539089	-22.54250031	-19.42011293	-16.58284324	-14.49707187
	5950000	-39.30933309	-38.25518338	-37.68754712	-37.58509986	-37.98289279	-37.8987758	-36.41060173	-35.3947295	-34.80277952	-34.62354604	-34.89663734	-35.67760584	-37.44613501	-35.48177203	-34.01995215	-32.98540842	-32.33394117	-32.0834182	-32.25510353	-32.91915544	-34.15543873	-37.97720439	-35.41723913	-33.46446846	-31.97064191	-30.84857651	-30.13043988	-29.797444	-29.88593482	-30.44798636	-31.59584112	-33.46940878	-36.33124557	-33.76098951	-31.73987294	-30.14865996	-28.93627828	-28.1029945	-27.6631842	-27.6550664	-28.15914724	-29.25381718	-31.08368135	-35.06634298	-32.40531887	-30.25442271	-28.52447601	-27.15391671	-26.1554019	-25.58412637	-25.4802161	-25.92589261	-27.00423711	-28.86238857	-34.21333971	-31.3579195	-29.00933878	-27.07026303	-25.4883143	-24.27650415	-23.52265216	-23.2912595	-23.6783671	-24.78504109	-26.79339906	-33.78150736	-30.64939528	-28.05389283	-25.83416521	-23.97619981	-22.49402481	-21.47600901	-21.03835356	-21.3467963	-22.56780904	-24.81286177	-30.39816558	-27.46338945	-24.90478004	-22.67596423	-20.77888037	-19.37109369	-18.672969	-18.88627802	-20.24653062	-27.37972955	-24.39098382	-21.68828355	-19.27832001	-17.3091955	-16.10038422	-16.1049923	-24.56690854	-21.27034993	-18.14574824	-15.30796191	-13.22213144
	6800000	-38.19282046	-37.13724492	-36.57116569	-36.47150092	-36.87193785	-36.78814281	-35.27952129	-34.28061246	-33.68922936	-33.4928921	-33.78091052	-34.56662402	-36.3309866	-34.36561123	-32.90422744	-31.86577792	-31.21850315	-30.96669089	-31.13987558	-31.79920052	-33.04346378	-36.86007456	-34.30128184	-32.34733379	-30.85053974	-29.73504531	-29.01398005	-28.68213117	-28.77195932	-29.33218959	-30.48240114	-32.36047826	-35.21855188	-32.64533559	-30.61255193	-29.03296961	-27.8207541	-26.98509465	-26.54681969	-26.53603746	-27.04422051	-28.13887358	-29.97175269	-33.95467189	-31.29248033	-29.14004467	-27.40719114	-26.03739075	-25.03905696	-24.4665819	-24.36334444	-24.80790311	-25.89108814	-27.74938023	-33.09887862	-30.24623309	-27.89457158	-25.95318474	-24.37130906	-23.16034788	-22.40500684	-22.17403567	-22.56140997	-23.66817817	-25.68048257	-32.66684546	-29.53778537	-26.93760213	-24.71693999	-22.85869773	-21.37523309	-20.35791782	-19.92088218	-20.23159327	-21.45300591	-23.70110577	-29.28333655	-26.34909715	-23.78671083	-21.55823564	-19.66311754	-18.25577893	-17.55623431	-17.76952137	-19.12042328	-26.26612569	-23.27451395	-20.57248281	-18.16187193	-16.19187187	-14.98331769	-14.98924519	-23.45333655	-20.15631949	-17.03050008	-14.19384225	-12.10765188
	7650000	-37.20674818	-36.13361758	-35.56850507	-35.46863946	-35.88564682	-35.79450983	-34.30279312	-33.28487055	-32.69957559	-32.51788651	-32.79028303	-33.57543574	-35.34215887	-33.37725366	-31.90074883	-30.87847127	-30.23407189	-29.97461311	-30.13830766	-30.81266484	-32.05613364	-35.86430493	-33.31037739	-31.35513727	-29.84997948	-28.74181805	-28.02240359	-27.68010042	-27.77895962	-28.34773473	-29.49037891	-31.36722463	-34.2325542	-31.63794982	-29.63089972	-28.03932111	-26.82977303	-25.99371503	-25.54417893	-25.55270462	-26.05804014	-27.13308574	-28.96455408	-32.96833934	-30.30654713	-28.14943062	-26.41434662	-25.03972039	-24.02392299	-23.46753681	-23.35368998	-23.79972839	-24.89939934	-26.76830923	-32.09977271	-29.2476898	-26.90373385	-24.94841682	-23.36909379	-22.15111521	-21.41258939	-21.17073487	-21.56955613	-22.6777244	-24.68885329	-31.66700989	-28.54589753	-25.94605513	-23.71252036	-21.86700767	-20.38078213	-19.35440291	-18.91152534	-19.23792669	-20.46085443	-22.70723078	-28.2991002	-25.3568214	-22.80100579	-20.55101993	-18.66952761	-17.25776797	-16.55705419	-16.77557964	-18.13786947	-25.26126889	-22.28905168	-19.56926008	-17.15228353	-15.17511922	-13.99353558	-13.99610932	-22.45339817	-19.16387776	-16.02298695	-13.19826169	-11.11184624
	8500000	-36.29701414	-35.23148462	-34.6662263	-34.56632425	-34.97129453	-34.88194867	-33.39077795	-32.37632416	-31.78514684	-31.60517944	-31.88174476	-32.66380525	-34.42696757	-32.46398813	-31.0013756	-29.94668074	-29.32129271	-29.06584293	-29.23975215	-29.9014734	-31.14328655	-34.95778193	-32.39593389	-30.44746738	-28.9462024	-27.83856439	-27.11438938	-26.77654381	-26.86862097	-27.43021918	-28.57990325	-30.45786027	-33.31581251	-30.74036857	-28.71892143	-27.13363521	-25.9204819	-25.08612693	-24.64042086	-24.63624732	-25.14178384	-26.23856406	-28.06362955	-32.04541213	-29.38873801	-27.23686101	-25.50661418	-24.13640542	-23.13127184	-22.56272481	-22.45247221	-22.89921309	-23.98681645	-25.85092396	-31.19230668	-28.34185232	-25.99192065	-24.04735322	-22.46298599	-21.2548124	-20.50388352	-20.2659519	-20.65917915	-21.76579915	-23.77440672	-30.75897756	-27.63131426	-25.03358447	-22.80996059	-20.95674938	-19.47476932	-18.44681709	-18.01358854	-18.32642942	-19.54778352	-21.79390267	-27.38173148	-24.44411553	-21.88388892	-19.65014992	-17.75786406	-16.34983784	-15.65000402	-15.86123908	-17.22040165	-24.35895226	-21.37201962	-18.66339953	-16.2521212	-14.27700137	-13.07360866	-13.08139408	-21.53914428	-18.24461376	-15.09889417	-12.28145722	-10.19146753
	9350000	-35.4385241	-34.3756692	-33.80513584	-33.70954086	-34.1101272	-34.0213668	-32.53512732	-31.52126117	-30.93238683	-30.7509998	-31.02304682	-31.80694985	-33.56982706	-31.60879393	-30.14807982	-29.10927062	-28.46850419	-28.21365935	-28.3862675	-29.04614379	-30.28672165	-34.09940995	-31.54496125	-29.59502017	-28.09636148	-26.98702646	-26.26415856	-25.92707846	-26.01765755	-26.57842104	-27.7232514	-29.59666643	-32.45697244	-29.88617605	-27.86884718	-26.28126858	-25.07007164	-24.23488785	-23.79185161	-23.78666257	-24.28992469	-25.3828672	-27.20547876	-31.19333214	-28.53536585	-26.38614518	-24.65514272	-23.28545328	-22.2840652	-21.71240776	-21.60673039	-22.04619495	-23.13190091	-24.99145885	-30.33375022	-27.48538333	-25.13973078	-23.19958902	-21.61163671	-20.40761206	-19.65303319	-19.41586355	-19.80539754	-20.91201098	-22.91459622	-29.89829188	-26.77688976	-24.18046421	-21.96056611	-20.10535175	-18.62206815	-17.59345667	-17.16308194	-17.47370024	-18.69106698	-20.93260044	-26.52391416	-23.58800827	-21.03124393	-18.79895083	-16.90869955	-15.50019186	-14.79500898	-15.00505534	-16.36180895	-23.50190393	-20.51541395	-17.80736476	-15.3959937	-13.42269101	-12.21558785	-12.21996101	-20.67944544	-17.38866044	-14.25443385	-11.41977574	-9.330798659
	10200000	-34.62131004	-33.5673174	-32.99767286	-32.89770461	-33.29684537	-33.21399291	-31.7295292	-30.71797762	-30.12545857	-29.94511693	-30.21828003	-30.99647582	-32.75938419	-30.80325176	-29.34364515	-28.30905454	-27.66666222	-27.41124011	-27.58250588	-28.24036142	-29.47585	-33.28622465	-30.73647682	-28.78947274	-27.29639719	-26.18637083	-25.46277279	-25.12752153	-25.21649688	-25.77544685	-26.91710382	-28.78351943	-31.64565635	-29.08136973	-27.06704752	-25.48090087	-24.27044025	-23.43622291	-22.99347509	-22.98632739	-23.48848842	-24.5773344	-26.39493348	-30.38507359	-27.73020038	-25.5854611	-23.85514865	-22.48682996	-21.48709023	-20.91392625	-20.80713504	-21.24782981	-22.32779894	-24.18064787	-29.52417952	-26.67918002	-24.33748976	-22.39913622	-20.81734316	-19.60992247	-18.85321584	-18.61494188	-19.00222518	-20.10631724	-22.10278547	-29.08663221	-25.96961221	-23.37600911	-21.15976959	-19.30386761	-17.8209271	-16.79733107	-16.3622736	-16.67022735	-17.88224509	-20.11905015	-25.71150493	-22.78194972	-20.22721008	-17.9962302	-16.1063538	-14.6977607	-13.98983772	-14.19769996	-15.55076764	-22.69075944	-19.70753754	-17.00105024	-14.58952167	-12.61628352	-11.40592101	-11.40612345	-19.86765735	-16.57593297	-13.44464357	-10.60635619	-8.514328347
	11050000	-33.85357403	-32.80101863	-32.23229359	-32.1297417	-32.52989262	-32.44951203	-30.96596138	-29.95788538	-29.36469847	-29.18351607	-29.45351298	-30.22974018	-31.99245421	-30.04068305	-28.58523033	-27.5511371	-26.90946133	-26.65360636	-26.82304573	-27.47792482	-28.70941744	-32.51837957	-29.97162435	-28.03063684	-26.53982264	-25.43082587	-24.70873213	-24.37179658	-24.46050969	-25.01671021	-26.15355223	-28.01418367	-30.87789708	-28.32093004	-26.30849977	-24.72526581	-23.51751456	-22.68220973	-22.23928424	-22.23176468	-22.73030493	-23.81567498	-25.62822826	-29.62186818	-26.96815675	-24.82898935	-23.1014192	-21.73286542	-20.73447117	-20.16069325	-20.05254773	-20.49212911	-21.56617013	-23.41440251	-28.7573264	-25.91833141	-23.57973019	-21.64418146	-20.0639408	-18.85683049	-18.09881342	-17.86036158	-18.24368914	-19.34525186	-21.33482839	-28.3159647	-25.20507952	-22.61573995	-20.40251822	-18.54827969	-17.06496049	-16.04142572	-15.60501477	-15.91035775	-17.11841548	-19.34814251	-24.94498639	-22.01995723	-19.46808838	-17.23781862	-15.34875443	-13.9398203	-13.22928258	-13.43389229	-14.78279935	-21.92362793	-18.94318889	-16.2386906	-13.82627279	-11.85272577	-10.63981834	-10.63671331	-19.09692468	-15.80709842	-12.67693766	-9.8357242	-7.740688074
	11900000	-33.12290895	-32.08099772	-31.50903142	-31.40765537	-31.79948526	-31.72437501	-30.2455244	-29.2381223	-28.64693812	-28.46549233	-28.73206459	-29.50415354	-31.26945843	-29.31829821	-27.8687484	-26.83760478	-26.19391596	-25.9383916	-26.10592219	-26.75775542	-27.98409412	-31.79000983	-29.25137856	-27.31255122	-25.8239185	-24.71744856	-23.99468928	-23.65841576	-23.74376282	-24.29841761	-25.43084865	-27.28505018	-30.15153087	-27.60011079	-25.59169482	-24.01141029	-22.80495677	-21.97004197	-21.52727238	-21.51781633	-22.0142602	-23.09513065	-24.90209975	-28.89603935	-26.25059601	-24.11328068	-22.38737948	-21.02188922	-20.02365523	-19.44842964	-19.33969068	-19.77618912	-20.84707838	-22.68888246	-28.03115334	-25.19681919	-22.86406162	-20.93070287	-19.35216452	-18.14650494	-17.38694374	-17.1462399	-17.52670108	-18.62559694	-20.60797557	-27.58823123	-24.48297113	-21.89810525	-19.68822319	-17.83394976	-16.35181073	-15.32765016	-14.88998147	-15.19319628	-16.39568041	-18.61984744	-24.21803638	-21.29827117	-18.74917205	-16.52103076	-14.6327987	-13.22377304	-12.51025068	-12.71203361	-14.05608264	-21.19717649	-18.22070483	-15.51710912	-13.10480055	-11.13127281	-9.915486382	-9.908805074	-18.36788685	-15.08035166	-11.95014026	-9.106747512	-7.008351281
	12750000	-32.44343782	-31.39874458	-30.82778393	-30.72705033	-31.11838081	-31.04663532	-29.56740904	-28.56277327	-27.97122443	-27.79154007	-28.05328732	-28.82509668	-30.58377546	-28.64181559	-27.19227653	-26.16595008	-25.52023217	-25.26743731	-25.43014384	-26.07770941	-27.30019839	-31.10505068	-28.57324009	-26.6359599	-25.15284466	-24.04778705	-23.32187699	-22.98829759	-23.07230197	-23.62505095	-24.75148571	-26.60045558	-29.46944033	-26.92366264	-24.92077299	-23.34125341	-22.13616902	-21.30091132	-20.85822316	-20.8480702	-21.34100673	-22.41824051	-24.21957353	-28.21490602	-25.57515244	-23.44048049	-21.71543898	-20.35319489	-19.35658875	-18.77864738	-18.66953839	-19.10371969	-20.170183	-22.00691826	-27.34895618	-24.51970796	-22.19082896	-20.26035378	-18.68217754	-17.47729096	-16.71727187	-16.47439385	-16.85264556	-17.94797878	-19.92457005	-26.90201592	-23.8044908	-21.22253072	-19.0131459	-17.16252804	-15.68022082	-14.6557075	-14.21655602	-14.51691126	-15.71219222	-17.93117668	-23.53537722	-20.61951671	-18.0735798	-15.84560663	-13.95866309	-12.55000223	-11.83362937	-12.0317765	-13.37170127	-20.51384337	-17.54053732	-14.83791389	-12.42548437	-10.4517094	-9.233919249	-9.223150461	-17.68039433	-14.39533293	-11.26532709	-8.420485477	-6.318747911
	13600000	-31.79689616	-30.75734321	-30.18814198	-30.086142	-30.47493097	-30.40373063	-28.92934722	-27.92600456	-27.33617947	-27.15415944	-27.41625933	-28.18405345	-29.94753044	-28.00572614	-26.56059149	-25.53345985	-24.89426427	-24.63377297	-24.79836851	-25.44331179	-26.66615131	-30.46225234	-27.93575609	-26.00460027	-24.51980108	-23.41772757	-22.69471671	-22.35788872	-22.44024837	-22.99036014	-24.11422017	-25.95674107	-28.8277287	-26.28735952	-24.28668818	-22.71044817	-21.50731484	-20.6724041	-20.22875141	-20.21664309	-20.70866121	-21.78166624	-23.57770588	-27.57461176	-24.93888249	-22.80898588	-21.08628145	-19.7235317	-18.72844866	-18.14983105	-18.0441198	-18.47133454	-19.53475586	-21.36941765	-26.70667977	-23.88311553	-21.55837617	-19.62990989	-18.05369133	-16.84970649	-16.0879229	-15.84427299	-16.21884684	-17.31221797	-19.28134372	-26.25997947	-23.16582977	-20.58761217	-18.38380092	-16.53095106	-15.05019563	-14.02560031	-13.58499913	-13.88317936	-15.07640028	-17.28868132	-22.89260325	-19.98229536	-17.43908324	-15.21343396	-13.32685302	-11.92071898	-11.19783155	-11.39302338	-12.72920177	-19.87195551	-16.90179876	-14.20023255	-11.78783648	-9.813120048	-8.592864211	-8.578728662	-17.03575404	-13.75128679	-10.62159685	-7.77517732	-5.670655681
	14450000	-31.20457457	-30.13905848	-29.59747535	-29.49313348	-29.85549769	-29.81256805	-28.34194847	-27.33604658	-26.74218172	-26.56528008	-26.82500422	-27.59070159	-29.35273196	-27.41821634	-25.95371496	-24.94592336	-24.28041042	-24.04728022	-24.21333531	-24.85765507	-26.07030804	-29.8726382	-27.32045339	-25.39160211	-23.93657664	-22.83666674	-22.11036966	-21.75237676	-21.83024818	-22.37618547	-23.52159744	-25.33374491	-28.23196129	-25.67512572	-23.70423417	-22.10257184	-20.91887426	-20.09110191	-19.6474776	-19.63189713	-20.12801712	-21.19364383	-22.98406842	-26.95810839	-24.32966897	-22.22437391	-20.50018187	-19.13995333	-18.1477727	-17.56797117	-17.45684671	-17.86204076	-18.94440191	-20.77354288	-26.11484103	-23.29219283	-20.96968969	-19.05021852	-17.44910382	-16.26748306	-15.50300569	-15.23774504	-15.60947306	-16.69968818	-18.68753281	-25.66571863	-22.57384449	-20.00525902	-17.80177154	-15.92433258	-14.46407597	-13.41804777	-12.99890656	-13.27167755	-14.47850706	-16.66596445	-22.29746562	-19.36938528	-16.85242095	-14.62644431	-12.71585109	-11.32942358	-10.60657907	-10.80650239	-12.13173361	-19.27729495	-16.31615353	-13.61016533	-11.19728916	-9.221906753	-8.005429277	-7.957275082	-16.43840771	-13.15677507	-10.02614768	-7.153500756	-5.064045657
	15300000	-30.65103167	-29.60744778	-29.02574333	-28.92367832	-29.32305375	-29.26351216	-27.79291098	-26.78994096	-26.20689677	-26.01867672	-26.28143952	-27.05002044	-28.80659865	-26.87115517	-25.42058359	-24.40189827	-23.75687214	-23.50186325	-23.6696354	-24.30918171	-25.52133338	-29.32052259	-26.79050769	-24.86879042	-23.38509704	-22.29768353	-21.57423459	-21.2203512	-21.30714908	-21.85175414	-22.97447819	-24.80064222	-27.68527096	-25.1439282	-23.15741457	-21.57826342	-20.38630865	-19.54794753	-19.09781889	-19.08757098	-19.57992204	-20.64900351	-22.40546286	-26.39572457	-23.79926508	-21.68245619	-19.94210061	-18.59930547	-17.60886169	-17.02428448	-16.91387671	-17.33714829	-18.40110204	-20.22625124	-25.5579587	-22.74889173	-20.42765443	-18.50669145	-16.92179781	-15.71078948	-14.96337898	-14.70595709	-15.08645648	-16.17741934	-18.13719304	-25.11467067	-22.02690266	-19.45676456	-17.25781558	-15.40261482	-13.92091998	-12.89038046	-12.44011335	-12.74826377	-13.94078184	-16.131724	-21.75220658	-18.84405189	-16.30490287	-14.04894762	-12.18795493	-10.78196656	-10.06395995	-10.25573709	-11.585851	-18.72178571	-15.76407002	-13.05579411	-10.62093148	-8.670863892	-7.453109337	-7.425364277	-15.8866508	-12.60805296	-9.440075888	-6.627360693	-4.521540327
	16150000	-30.14293938	-29.10207296	-28.53306997	-28.4301866	-28.81773912	-28.75090578	-27.28291214	-26.25723814	-25.69419742	-25.50894952	-25.76996762	-26.53673633	-28.29614568	-26.3621592	-24.91691491	-23.88942314	-23.24726533	-22.99519699	-23.14157612	-23.79689712	-25.01098545	-28.80854483	-26.28497467	-24.35905888	-22.88127274	-21.7846223	-21.06106146	-20.71772098	-20.79630644	-21.344189	-22.46749698	-24.29670689	-27.17525236	-24.63910655	-22.64614525	-21.05355705	-19.87407711	-19.03827909	-18.59471796	-18.57840419	-19.06905059	-20.13675331	-21.91865398	-25.91281275	-23.29102066	-21.170744	-19.44624915	-18.08783978	-17.09686684	-16.51524725	-16.39930348	-16.82890202	-17.88972335	-19.71505884	-25.05576059	-22.2376564	-19.9178678	-17.99497876	-16.41444845	-15.21362038	-14.45209248	-14.2027739	-14.5755688	-15.66702571	-17.62626714	-24.60417093	-21.49476715	-18.94589653	-16.7466842	-14.89145276	-13.41330279	-12.38195496	-11.94272901	-12.23837446	-13.42847258	-15.6273065	-21.24127137	-18.33442872	-15.79524359	-13.56346462	-11.68293995	-10.27602563	-9.552242205	-9.744524579	-11.0745863	-18.21878756	-15.25249903	-12.55238159	-10.13325228	-8.163889391	-6.940377249	-6.915182851	-15.37603026	-12.07605063	-8.955657829	-6.114538727	-4.003479028
	17000000	-29.66446349	-28.62595273	-28.05746022	-27.95441185	-28.34162801	-28.2750185	-26.8059721	-25.79781974	-25.21516856	-25.03165643	-25.29162446	-26.05770842	-27.81850465	-25.88328283	-24.43870274	-23.41265042	-22.76944969	-22.5153876	-22.6761085	-23.31837306	-24.53376368	-28.33004838	-25.80761769	-23.88058725	-22.40168355	-21.30327343	-20.57918196	-20.23812288	-20.31728809	-20.86506322	-21.98773427	-23.82107797	-26.69764773	-24.16180796	-22.1662988	-20.58651023	-19.39137996	-18.55598443	-18.11213537	-18.09672879	-18.58664841	-19.65672758	-21.44181785	-25.43924494	-22.81314119	-20.68884744	-18.96547388	-17.60602283	-16.61331573	-16.03068449	-15.9208188	-16.34982458	-17.4083488	-19.23402449	-24.57772797	-21.75754792	-19.43694958	-17.51187547	-15.93004573	-14.73215119	-13.96895878	-13.72123294	-14.09324386	-15.18494644	-17.14565568	-24.12701913	-21.03335666	-18.46445101	-16.26329072	-14.40904907	-12.93024889	-11.89772963	-11.46147023	-11.75668192	-12.94588245	-15.14774214	-20.76088367	-17.85267825	-15.31331917	-13.08466794	-11.20134692	-9.793151725	-9.068899881	-9.261385782	-10.59306446	-17.73771495	-14.7706043	-12.06984769	-9.652765167	-7.680447315	-6.457428502	-6.434205423	-14.89488002	-11.61035209	-8.47672078	-5.631398429	-3.525277085
	17850000	-29.21498834	-28.17579926	-27.60819997	-27.50447725	-27.89167559	-27.82675937	-26.35606436	-25.34914981	-24.76415487	-24.58088742	-24.84200645	-25.60721822	-27.36894769	-25.43314047	-23.98931677	-22.96355147	-22.32004028	-22.065263	-22.22717659	-22.8688935	-24.08370062	-27.88129561	-25.35783501	-23.43047303	-21.95077773	-20.8527791	-20.12825063	-19.78824838	-19.86773502	-20.41549514	-21.53729577	-23.37053502	-26.24760544	-23.71125742	-21.71543222	-20.13745508	-18.94024448	-18.10433648	-17.6607972	-17.64645312	-18.13545781	-19.20508167	-20.99090048	-24.99036731	-22.36249482	-20.23798025	-18.51486868	-17.15502374	-16.16243197	-15.58061493	-15.47019463	-15.89801124	-16.95725899	-18.7832833	-24.1266235	-21.30743453	-18.9859702	-17.0612739	-15.48119393	-14.28190935	-13.51850417	-13.27104654	-13.6426624	-14.73440608	-16.69436484	-23.67647305	-20.58427535	-18.01306508	-15.8124343	-13.95848002	-12.4792339	-11.44828963	-11.01061628	-11.30648357	-12.49468489	-14.69681412	-20.30990863	-17.40227759	-14.86244391	-12.63473199	-10.74981572	-9.341607188	-8.617603619	-8.809092772	-10.14014912	-17.2861687	-14.31841784	-11.61830284	-9.201489601	-7.228346733	-6.004149703	-5.982292062	-14.44303618	-11.15953772	-8.026049736	-5.178344062	-3.071402045
	18700000	-28.78740819	-27.74906559	-27.18291682	-27.07827321	-27.46427316	-27.39958934	-25.93082125	-24.92474333	-24.33964515	-24.15799625	-24.41695114	-25.1812278	-26.94352944	-25.00846486	-23.56560493	-22.54109593	-21.89775464	-21.64227126	-21.80313339	-22.44415799	-23.65791582	-27.45330611	-24.93353895	-23.00716407	-21.52754482	-20.43015633	-19.70530798	-19.36613284	-19.44540462	-19.99250981	-21.11197053	-22.94353709	-25.82083619	-23.28716717	-21.29170444	-19.71568734	-18.51803905	-17.68328752	-17.23951813	-17.22382388	-17.71292155	-18.78087795	-20.56635305	-24.56510899	-21.93916558	-19.81480373	-18.09304824	-16.73357653	-15.740605	-15.15786566	-15.04832547	-15.47490706	-16.53345497	-18.35726499	-23.70051758	-20.88271509	-18.56381219	-16.63850584	-15.05999321	-13.86061723	-13.0970508	-12.84908697	-13.2201566	-14.31025122	-16.26851211	-23.25018239	-20.16086497	-17.58977361	-15.38965359	-13.53625667	-12.05716086	-11.02679505	-10.58847102	-10.88293624	-12.06913922	-14.27048613	-19.88326586	-16.97757689	-14.43871877	-12.21170316	-10.3268248	-8.918565453	-8.193463164	-8.384175739	-9.713883437	-16.85994078	-13.89285326	-11.19211742	-8.77649899	-6.803214116	-5.578858746	-5.556781419	-14.01499932	-10.73327736	-7.600060426	-4.750591288	-2.642690102
	19550000	-28.38050463	-27.34343969	-26.7783604	-26.67368994	-27.05864181	-26.99599186	-25.52612599	-24.5228176	-23.93654189	-23.75528252	-24.01389782	-24.77674992	-26.53853231	-24.60460391	-23.16342194	-22.14122104	-21.49740809	-21.24203954	-21.40306452	-22.04241454	-23.25373685	-27.04749126	-24.52972293	-22.60467133	-21.12744346	-20.03145084	-19.30677247	-18.96812156	-19.04703761	-19.59219569	-20.71002431	-22.53902101	-25.4161693	-22.88536972	-20.89079608	-19.31733545	-18.12031197	-17.28570253	-16.84222164	-16.8267182	-17.31402159	-18.37984101	-20.16251516	-24.16175739	-21.53842831	-19.41564868	-17.6949594	-16.33667743	-15.34510924	-14.76117934	-14.65242667	-15.07832049	-16.13442239	-17.95533053	-23.29721272	-20.4820698	-18.16478972	-16.24195221	-14.66506436	-13.46572309	-12.7023385	-12.45413944	-12.82300403	-13.91159324	-15.86676442	-22.8454993	-19.76077812	-17.1904293	-14.99301922	-13.14089614	-11.66181557	-10.63261895	-10.19289977	-10.48628637	-11.67068328	-13.86946634	-19.48066591	-16.57909249	-14.04147709	-11.81593577	-9.930688009	-8.522721349	-7.79669965	-7.985746191	-9.314110031	-16.45707481	-13.49330345	-10.79375559	-8.377585614	-6.404814973	-5.179950378	-5.156923713	-13.612999	-10.33287214	-7.198927066	-4.350126612	-2.241360121
	20400000	-28.00583737	-26.96996473	-26.40616164	-26.30107872	-26.68579739	-26.62171952	-25.15325723	-24.1497236	-23.56367267	-23.38277957	-23.64170992	-24.40352631	-26.1646593	-24.23142812	-22.79042484	-21.76965489	-21.10511513	-20.86980197	-21.03068112	-21.66981138	-22.8603608	-26.67257208	-24.15761314	-22.232924	-20.75440592	-19.659505	-18.9333965	-18.59660343	-18.6753518	-19.22021663	-20.33743512	-22.16618993	-25.04392497	-22.51403043	-20.51815195	-18.94549858	-17.74900372	-16.91503244	-16.47135224	-16.45495722	-16.9429451	-18.00815186	-19.79217363	-23.78968137	-21.16670702	-19.04329571	-17.32375359	-15.96525166	-14.97454133	-14.38796021	-14.28096108	-14.70658818	-15.76275963	-17.58288787	-22.9243548	-20.10902686	-17.79176449	-15.86878502	-14.29299557	-13.09337806	-12.33073513	-12.08310856	-12.45071481	-13.53881798	-15.49402337	-22.47272521	-19.38873451	-16.81772953	-14.61939051	-12.76782977	-11.28953429	-10.26111228	-9.821809539	-10.11459545	-11.29778661	-13.49702384	-19.10781807	-16.20670403	-13.66898412	-11.44337593	-9.558091204	-8.129936842	-7.425184928	-7.614447415	-8.942359832	-16.08424036	-13.11941868	-10.42061715	-8.005705032	-6.032684143	-4.80895755	-4.785632681	-13.23904562	-9.960460512	-6.825659724	-3.977586993	-1.868642868
	21250000	-27.63390649	-26.60580697	-26.04369126	-25.94069705	-26.31678464	-26.25877089	-24.79201803	-23.78461012	-23.19737608	-23.0241473	-23.27701844	-24.01159806	-25.79509496	-23.86941002	-22.40029885	-21.39669969	-20.7568015	-20.50517822	-20.66652299	-21.3106652	-22.48755012	-26.30515945	-23.79200736	-21.86525585	-20.39382454	-19.29363624	-18.56818571	-18.23506646	-18.31069459	-18.85958421	-19.97285924	-21.80249712	-24.67572339	-22.14102667	-20.12635895	-18.57600203	-17.37946112	-16.55008035	-16.09449219	-16.06323692	-16.5580398	-17.64291147	-19.42737994	-23.42170015	-20.77571424	-18.68086584	-16.95469712	-15.59736405	-14.60108586	-14.02560846	-13.91389644	-14.33941959	-15.3954065	-17.21846621	-22.55720584	-19.73868915	-17.42924569	-15.48023287	-13.92930119	-12.72939526	-11.96354533	-11.71819531	-12.08372389	-13.17215319	-15.12659271	-22.10299392	-19.01807908	-16.44825474	-14.23201124	-12.40086156	-10.92197318	-9.89771743	-9.457948851	-9.747622128	-10.93056516	-13.13031654	-18.74454884	-15.83820603	-13.28599599	-11.08198667	-9.170509157	-7.780859016	-7.059176428	-7.254442301	-8.55844774	-15.72240764	-12.73808087	-10.04808122	-7.643577638	-5.6699876	-4.449144364	-4.424908623	-12.87904223	-9.597463365	-6.468368066	-3.615119732	-1.505946836
