BPM Serial No.	16elec																																																																																																	
BPM Size	110																																																																																																	
"Experi,menter"	Nakanishi      Uno      Toyanma      Hanamura      Kawachi      																																																																																																	
Meas. Start Time	2016/10/1420:20																																																																																																	
Meas. Finish Time	2016/10/1421:07																																																																																																	
Linear Scale Origin X(mm)	-102.6																																																																																																	
Linear Scale Origin Y(mm)	110.258																																																																																																	
note																																																																																																		
																																																																																																		
																																																																																																		
Data Point Number		1	2	3	4	5	6	7	8	9	10	11	12	13	14	15	16	17	18	19	20	21	22	23	24	25	26	27	28	29	30	31	32	33	34	35	36	37	38	39	40	41	42	43	44	45	46	47	48	49	50	51	52	53	54	55	56	57	58	59	60	61	62	63	64	65	66	67	68	69	70	71	72	73	74	75	76	77	78	79	80	81	82	83	84	85	86	87	88	89	90	91	92	93	94	95	96	97
Linear Scale X (mm)		-122.601	-112.604	-102.602	-92.601	-82.601	-132.602	-122.604	-112.604	-102.602	-92.601	-82.601	-72.6	-142.604	-132.605	-122.604	-112.604	-102.602	-92.601	-82.602	-72.6	-62.6	-152.604	-142.607	-132.605	-122.604	-112.604	-102.603	-92.601	-82.601	-72.6	-62.6	-52.598	-152.604	-142.607	-132.605	-122.604	-112.604	-102.603	-92.601	-82.601	-72.6	-62.6	-52.598	-152.604	-142.607	-132.605	-122.604	-112.604	-102.603	-92.601	-82.601	-72.6	-62.6	-52.598	-152.604	-142.607	-132.605	-122.604	-112.604	-102.602	-92.601	-82.601	-72.6	-62.6	-52.598	-152.604	-142.607	-132.605	-122.604	-112.604	-102.603	-92.601	-82.601	-72.6	-62.6	-52.598	-142.604	-132.605	-122.604	-112.604	-102.603	-92.601	-82.601	-72.6	-62.6	-132.602	-122.604	-112.604	-102.602	-92.601	-82.601	-72.6	-122.601	-112.603	-102.602	-92.601	-82.602
Linear Scale Y (mm)		60.26	60.26	60.26	60.26	60.26	70.257	70.257	70.257	70.257	70.257	70.257	70.257	80.256	80.256	80.256	80.256	80.256	80.256	80.256	80.256	80.256	90.256	90.256	90.256	90.256	90.256	90.256	90.256	90.256	90.256	90.256	90.256	100.256	100.256	100.256	100.256	100.256	100.256	100.256	100.256	100.256	100.256	100.256	110.256	110.256	110.256	110.256	110.256	110.256	110.256	110.256	110.256	110.256	110.256	120.255	120.255	120.255	120.255	120.255	120.255	120.255	120.255	120.255	120.255	120.255	130.255	130.255	130.256	130.256	130.255	130.255	130.255	130.255	130.256	130.256	130.256	140.256	140.256	140.256	140.256	140.256	140.256	140.256	140.256	140.256	150.255	150.256	150.256	150.255	150.255	150.255	150.255	160.255	160.256	160.256	160.256	160.256
R(beam)[mm]		20.001	10.004	0.002	-9.999	-19.999	30.002	20.004	10.004	0.002	-9.999	-19.999	-30	40.004	30.005	20.004	10.004	0.002	-9.999	-19.998	-30	-40	50.004	40.007	30.005	20.004	10.004	0.003	-9.999	-19.999	-30	-40	-50.002	50.004	40.007	30.005	20.004	10.004	0.003	-9.999	-19.999	-30	-40	-50.002	50.004	40.007	30.005	20.004	10.004	0.003	-9.999	-19.999	-30	-40	-50.002	50.004	40.007	30.005	20.004	10.004	0.002	-9.999	-19.999	-30	-40	-50.002	50.004	40.007	30.005	20.004	10.004	0.003	-9.999	-19.999	-30	-40	-50.002	40.004	30.005	20.004	10.004	0.003	-9.999	-19.999	-30	-40	30.002	20.004	10.004	0.002	-9.999	-19.999	-30	20.001	10.003	0.002	-9.999	-19.998
Y(beam)[mm]		-49.998	-49.998	-49.998	-49.998	-49.998	-40.001	-40.001	-40.001	-40.001	-40.001	-40.001	-40.001	-30.002	-30.002	-30.002	-30.002	-30.002	-30.002	-30.002	-30.002	-30.002	-20.002	-20.002	-20.002	-20.002	-20.002	-20.002	-20.002	-20.002	-20.002	-20.002	-20.002	-10.002	-10.002	-10.002	-10.002	-10.002	-10.002	-10.002	-10.002	-10.002	-10.002	-10.002	-0.002	-0.002	-0.002	-0.002	-0.002	-0.002	-0.002	-0.002	-0.002	-0.002	-0.002	9.997	9.997	9.997	9.997	9.997	9.997	9.997	9.997	9.997	9.997	9.997	19.997	19.997	19.998	19.998	19.997	19.997	19.997	19.997	19.998	19.998	19.998	29.998	29.998	29.998	29.998	29.998	29.998	29.998	29.998	29.998	39.997	39.998	39.998	39.997	39.997	39.997	39.997	49.997	49.998	49.998	49.998	49.998
Net Ana Temperature[℃]		23.58772527	23.52818748	23.48644768	23.45160478	23.40916126	23.34517788	23.30542197	23.30971176	23.2630953	23.2356349	23.22247988	23.17578032	23.17998961	23.19720592	23.20513892	23.21985458	23.22951441	23.23970657	23.25917943	23.30204882	23.28654116	23.34481174	23.35880551	23.37910932	23.40636458	23.42325889	23.45590756	23.47668917	23.48926513	23.50022592	23.52821864	23.53501169	23.64027006	23.68871462	23.71129057	23.78312127	23.81075045	23.88302519	23.94066736	23.97953778	24.01270319	24.0412698	24.05691249	24.06558297	24.05112698	24.03125682	23.98593872	23.9611088	23.92159179	23.88837185	23.84010906	23.84496494	23.76950143	23.72729681	23.60114516	23.58319917	23.5507115	23.51923916	23.49502986	23.46322514	23.44193976	23.42265645	23.40674111	23.37895871	23.35479356	23.3288081	23.33958712	23.35291872	23.36908076	23.41962607	23.39076344	23.41752791	23.44884705	23.48441703	23.51826279	23.52389769	23.60015061	23.61088289	23.63819527	23.65318099	23.67078421	23.72676707	23.68225656	23.76993249	23.76930667	23.85536224	23.89130096	23.92351337	23.96240717	23.95284082	23.9814256	24.01824461	24.07259932	24.10509218	24.13241496	24.16185926	24.1365074
BPM Temperature[℃]		21.1649182	21.11846274	21.08743184	21.05318099	21.05050636	20.97089068	20.9352376	20.90540119	20.88922358	20.87478577	20.85990652	20.85595949	20.8914308	20.92661646	20.96273695	20.98426383	21.00415476	21.02399377	21.06276292	21.08096598	21.11191898	21.18397819	21.20106466	21.22186445	21.24881849	21.24837704	21.26304856	21.27966762	21.29690989	21.32557777	21.3410283	21.36546352	21.46273695	21.48216048	21.51049078	21.5491301	21.57044923	21.60186964	21.63310828	21.66964425	21.6971436	21.69197611	21.68374448	21.55510257	21.49942872	21.45884186	21.40625811	21.36016619	21.34198909	21.285718	21.25679044	21.22695404	21.18758764	21.16525578	21.0576214	21.02934303	21.0169047	20.9888081	20.96141262	20.93149831	20.9211893	20.90869904	20.90755648	20.89330044	20.87649961	20.88995066	20.91578811	20.9477019	20.99148273	21.00963386	21.04396261	21.0843677	21.11030901	21.15370034	21.16273695	21.19470267	21.26642431	21.29509218	21.30895871	21.31820306	21.33090106	21.34637756	21.36260712	21.37312386	21.38576993	21.43417294	21.44645547	21.46647624	21.48852246	21.512698	21.54146975	21.56793041	21.6339652	21.65164892	21.64640353	21.61103609	21.5618281
Frequency (Hz) / Data (dB)	850000	-55.74193039	-54.62231513	-54.02033107	-53.94088149	-54.34695895	-54.29534218	-52.76943287	-51.74350124	-51.10765421	-50.91345432	-51.21542268	-51.95048863	-53.80109181	-51.76859557	-50.32940098	-49.2702825	-48.61975038	-48.33211429	-48.53141063	-49.18925377	-50.4631293	-54.39770691	-51.76562436	-49.74970832	-48.26264618	-47.12950385	-46.33218771	-46.04187693	-46.16522822	-46.63766303	-47.83965783	-49.68049147	-52.65689611	-50.02926476	-48.00677475	-46.40726453	-45.19769969	-44.34954619	-43.91146927	-43.85508098	-44.39571926	-45.47474947	-47.29527802	-51.37446719	-48.69008714	-46.52345456	-44.77429421	-43.4162166	-42.35460106	-41.80605491	-41.70449716	-42.14145075	-43.17427584	-45.0817663	-50.51137934	-47.62658633	-45.20007412	-43.30228238	-41.66576494	-40.51841899	-39.71134536	-39.50053566	-39.89697997	-41.01206729	-42.96340606	-50.01554188	-46.88801971	-44.26633348	-42.01081878	-40.18988722	-38.71199817	-37.68777714	-37.27263636	-37.56629679	-38.75322449	-40.97374059	-46.62691951	-43.69108542	-41.131999	-38.87648313	-37.00947818	-35.57330031	-34.87133438	-35.09176351	-36.42241054	-43.52354834	-40.58723984	-37.87235799	-35.47740806	-33.52439469	-32.3034629	-32.25800058	-40.72903458	-37.44651465	-34.32739295	-31.50542719	-29.42637075
	1700000	-49.67646873	-48.59950975	-48.04849804	-47.94428272	-48.3476956	-48.25882044	-46.77274033	-45.76883144	-45.17665452	-44.99835636	-45.27310811	-46.0170554	-47.808047	-45.84377807	-44.39416147	-43.36240837	-42.71240638	-42.4245509	-42.6272348	-43.29132394	-44.51991233	-48.3172574	-45.77293171	-43.83746105	-42.35051365	-41.24106126	-40.48517389	-40.17139645	-40.276441	-40.77989326	-41.95948898	-43.77563218	-46.66950925	-44.12875427	-42.10419647	-40.52463668	-39.31858739	-38.47840567	-38.04313555	-38.01550906	-38.53071417	-39.61524602	-41.43472495	-45.43742574	-42.77776883	-40.63392759	-38.90185192	-37.54290783	-36.51519327	-35.96649045	-35.86226461	-36.30163382	-37.34203554	-39.21441701	-44.57922213	-41.72044198	-39.35265222	-37.4521901	-35.83929069	-34.6762395	-33.88961061	-33.66724045	-34.06227839	-35.17291081	-37.13564889	-44.10422304	-41.00792928	-38.42049832	-36.18200174	-34.3523272	-32.88032507	-31.85919566	-31.43788004	-31.73305343	-32.92497626	-35.14836724	-40.75906302	-37.82746054	-35.27681058	-33.04768352	-31.18132491	-29.75546405	-29.04721221	-29.26486154	-30.60240302	-37.68599264	-34.75894913	-32.0514158	-29.65355968	-27.69515673	-26.48071768	-26.45573148	-34.90440762	-31.62045538	-28.50773377	-25.68233896	-23.59925085
	2550000	-46.27902249	-45.23944585	-44.65388784	-44.544628	-44.96175715	-44.87225718	-43.40166745	-42.38532984	-41.79051748	-41.61693126	-41.88052641	-42.63536681	-44.4097568	-42.47124266	-41.0138903	-39.97870744	-39.33869859	-39.0589181	-39.25067483	-39.90067319	-41.14648925	-44.95839738	-42.39489448	-40.45138288	-38.97156063	-37.86130287	-37.11353822	-36.79681921	-36.88847281	-37.41501472	-38.58937346	-40.41643689	-43.30111703	-40.73876207	-38.73507194	-37.15324709	-35.93945001	-35.10405449	-34.66766284	-34.64213352	-35.1507786	-36.24322529	-38.05734189	-42.06079097	-39.39595659	-37.25465092	-35.52590802	-34.16646003	-33.14072693	-32.58830386	-32.48674696	-32.92682588	-33.97337114	-35.84752101	-41.17975288	-38.3461805	-35.98323385	-34.07297882	-32.47154114	-31.29897733	-30.51966996	-30.29544415	-30.6848769	-31.79944424	-33.76837343	-40.74227787	-37.63242456	-35.04661463	-32.81485955	-30.97962881	-29.50936106	-28.48377796	-28.06379308	-28.36591842	-29.56183714	-31.79067888	-37.3792527	-34.45573688	-31.90443373	-29.67505334	-27.80449272	-26.38635719	-25.67421339	-25.89103327	-27.23731233	-34.32919007	-31.3843459	-28.68240752	-26.28091054	-24.31834318	-23.10566882	-23.08794798	-31.53782438	-28.2542227	-25.13642925	-22.30893486	-20.22265254
	3400000	-43.88345776	-42.85096539	-42.28300732	-42.16834048	-42.57802701	-42.49467369	-41.00900643	-40.00174031	-39.41605247	-39.23816891	-39.4958866	-40.26739637	-42.03089773	-40.07519106	-38.62995381	-37.602237	-36.95217394	-36.67776464	-36.87110879	-37.52120968	-38.7638073	-42.56466894	-40.01434132	-38.07388758	-36.58358245	-35.48103769	-34.73139154	-34.41533142	-34.50825652	-35.04279237	-36.20102063	-38.04644665	-40.91963582	-38.36134483	-36.35362817	-34.77133668	-33.5548448	-32.72229918	-32.28619314	-32.26979485	-32.77749505	-33.86574073	-35.67970321	-39.67682171	-37.01347684	-34.87472463	-33.14586371	-31.77959122	-30.76187769	-30.20566447	-30.10213272	-30.54366233	-31.59994707	-33.47236421	-38.803296	-35.9655958	-33.6060889	-31.69204655	-30.09604813	-28.91773774	-28.14076803	-27.91541594	-28.30570384	-29.42011696	-31.3920917	-38.36951655	-35.25539409	-32.66841967	-30.44075172	-28.59940303	-27.1252587	-26.10156732	-25.68136381	-25.98519302	-27.18097823	-29.41629924	-35.00047134	-32.07852756	-29.52628163	-27.2959858	-25.42465183	-24.00838903	-23.29399507	-23.51036258	-24.85949195	-31.96157487	-29.00582485	-26.30214529	-23.89827343	-21.93569344	-20.72453608	-20.71126015	-29.16515321	-25.87768508	-22.75860988	-19.928661	-17.84212793
	4250000	-42.04522614	-40.9979919	-40.4352441	-40.33694218	-40.73297708	-40.64705157	-39.16286141	-38.15353403	-37.56033324	-37.38608069	-37.6553674	-38.42683779	-40.19100276	-38.23727659	-36.78241542	-35.74924419	-35.10380163	-34.83339995	-35.02646091	-35.67898283	-36.92305672	-40.71694944	-38.17373198	-36.23012439	-34.73560635	-33.63530829	-32.8872703	-32.56894464	-32.65902977	-33.20076776	-34.35814647	-36.21137031	-39.08375001	-36.52038225	-34.51051078	-32.92180515	-31.71317991	-30.87607289	-30.43871151	-30.42405462	-30.93179356	-32.01979365	-33.83925976	-37.83354035	-35.17429315	-33.0320096	-31.29730488	-29.93262287	-28.91905483	-28.35919259	-28.2555584	-28.70040869	-29.76135927	-31.63088444	-36.96776366	-34.1208901	-31.76641329	-29.84844847	-28.24935706	-27.06890654	-26.29414697	-26.06868649	-26.45949993	-27.5761671	-29.55239008	-36.52863263	-33.41542669	-30.82436229	-28.59606971	-26.75431967	-25.27559535	-24.25417999	-23.83208042	-24.13997699	-25.33860597	-27.5765997	-33.1599588	-30.23301259	-27.6816935	-25.44855354	-23.57747215	-22.16223579	-21.44706795	-21.66446165	-23.01692983	-30.12202407	-27.16345705	-24.4588953	-22.05217475	-20.08838189	-18.87809828	-18.86854671	-27.32643004	-24.03645676	-20.91612923	-18.08401177	-15.9965352
	5100000	-40.57241584	-39.52336761	-38.95287021	-38.84269461	-39.24964295	-39.16570378	-37.68264076	-36.66597373	-36.0728466	-35.89949266	-36.16814229	-36.93793919	-38.70848946	-36.74935322	-35.29388274	-34.25656198	-33.61255343	-33.34349096	-33.5273189	-34.18723801	-35.43422073	-39.23921779	-36.68323266	-34.73635882	-33.242544	-32.13412953	-31.39279329	-31.07075224	-31.16471885	-31.70979294	-32.86911145	-34.72504218	-37.59395755	-35.03123306	-33.01380161	-31.42449833	-30.21264264	-29.37621422	-28.93973541	-28.92680028	-29.43498873	-30.52444744	-32.35477133	-36.34575781	-33.6805191	-31.53580653	-29.79937809	-28.43346573	-27.42126988	-26.85738649	-26.75496314	-27.20176761	-28.26707519	-30.14164032	-35.4781897	-32.63293807	-30.2693368	-28.34787726	-26.75179016	-25.56615189	-24.79250442	-24.56518821	-24.95944517	-26.07838794	-28.05938922	-35.04703283	-31.92111753	-29.32703679	-27.09954143	-25.25132821	-23.7726128	-22.75078927	-22.32835842	-22.63811621	-23.84008169	-26.08254568	-31.66775128	-28.7362951	-26.18332782	-23.94787144	-22.07401591	-20.66144499	-19.94565407	-20.1638182	-21.5196015	-28.63452432	-25.66703959	-22.95934639	-20.55225389	-18.58677048	-17.3762605	-17.36951923	-25.8334473	-22.54096393	-19.41747622	-16.58373468	-14.49624237
	5950000	-39.30450961	-38.25226503	-37.68524805	-37.58364118	-37.98849244	-37.89808445	-36.41150907	-35.397362	-34.80205033	-34.62659022	-34.89455602	-35.67119847	-37.44275742	-35.47749384	-34.02048118	-32.98242907	-32.33611173	-32.06825164	-32.25629868	-32.91536223	-34.16414265	-37.97606918	-35.41512084	-33.46297198	-31.96483546	-30.85969072	-30.11492106	-29.79363661	-29.88898495	-30.43470806	-31.59685457	-33.46062255	-36.32799007	-33.75781805	-31.74053121	-30.14902319	-28.93712567	-28.09950666	-27.66141848	-27.64953968	-28.16006232	-29.25407862	-31.0811272	-35.08281818	-32.40913714	-30.26084356	-28.52162251	-27.15569034	-26.14351327	-25.57992111	-25.47886907	-25.92484616	-26.99227685	-28.87009788	-34.21058538	-31.35786147	-28.99788178	-27.07138962	-25.47428492	-24.2881991	-23.51538139	-23.28683401	-23.68019561	-24.80331968	-26.79005043	-33.77814855	-30.65098604	-28.05217235	-25.82354476	-23.97354524	-22.49365315	-21.47154133	-21.05002202	-21.36170456	-22.56657816	-24.81289676	-30.39821353	-27.4644805	-24.9051508	-22.67169431	-20.79655983	-19.38339389	-18.66873487	-18.88731351	-20.24603541	-27.36489095	-24.39417558	-21.68427491	-19.27563974	-17.30889961	-16.09925322	-16.0957232	-24.56483939	-21.26893031	-18.14489406	-15.30953013	-13.22129641
	6800000	-38.19771436	-37.14382303	-36.57120046	-36.47467437	-36.88036332	-36.79060247	-35.29667464	-34.28064465	-33.68553694	-33.51064246	-33.78007606	-34.55930137	-36.33102916	-34.36376748	-32.90427763	-31.86697908	-31.22104359	-30.95277522	-31.14059663	-31.80096368	-33.05314833	-36.86260153	-34.30245164	-32.34769317	-30.84965805	-29.74300771	-29.001492	-28.67861818	-28.77288194	-29.32221137	-30.48082816	-32.3482099	-35.21552339	-32.64346484	-30.62590152	-29.03304188	-27.81704226	-26.9820791	-26.54464502	-26.53468504	-27.04396145	-28.13834265	-29.9680906	-33.96840495	-31.29504077	-29.14392353	-27.40519134	-26.03867129	-25.02803905	-24.46279762	-24.36084787	-24.80798292	-25.87982929	-27.75644092	-33.09632516	-30.24440882	-27.88137134	-25.93900489	-24.35866466	-23.16984137	-22.39761574	-22.16977335	-22.56314361	-23.68710474	-25.67618254	-32.66644599	-29.53687282	-26.93671555	-24.70882866	-22.85670682	-21.37511567	-20.35533765	-19.93100598	-20.2451829	-21.44921303	-23.70033664	-29.28584439	-26.34970414	-23.79027886	-21.55481273	-19.67882291	-18.26660047	-17.55207297	-17.77059575	-19.13163928	-26.25394975	-23.2797088	-20.56545345	-18.15920913	-16.19134063	-14.98292158	-14.96605867	-23.45325633	-20.15572217	-17.03036181	-14.19370379	-12.10675715
	7650000	-37.20758374	-36.15282368	-35.57621551	-35.488294	-35.86402941	-35.79490247	-34.29698714	-33.29810513	-32.69291342	-32.51867281	-32.79169795	-33.57977372	-35.33992999	-33.3622994	-31.91614943	-30.87189432	-30.23484122	-29.95471374	-30.15513557	-30.8096272	-32.0697103	-35.86428912	-33.31237586	-31.36216879	-29.85885596	-28.75641165	-28.00938914	-27.68671832	-27.78133694	-28.33240982	-29.47545383	-31.36098107	-34.21544309	-31.64078056	-29.6386026	-28.04542799	-26.83000484	-25.98524262	-25.54072657	-25.54928013	-26.05303311	-27.15379228	-28.9789231	-32.97713305	-30.29758252	-28.16074844	-26.41048761	-25.04010079	-24.0327812	-23.46948182	-23.36880509	-23.81302555	-24.8876718	-26.75495023	-32.10293508	-29.25042989	-26.88934305	-24.94933934	-23.36022944	-22.16110525	-21.4062942	-21.17734642	-21.57175117	-22.6966943	-24.68649407	-31.67366561	-28.54989103	-25.94328365	-23.71557831	-21.86518713	-20.36452086	-19.36191659	-18.93861101	-19.25115554	-20.46302031	-22.70716026	-28.27024808	-25.34825561	-22.80257353	-20.55208032	-18.69014425	-17.26319737	-16.55953683	-16.77850835	-18.12234782	-25.26368977	-22.27201372	-19.57613501	-17.15980247	-15.17463338	-13.98910495	-13.96883113	-22.46701281	-19.13015063	-16.03614649	-13.19866867	-11.11095726
	8500000	-36.29379832	-35.24002373	-34.66652462	-34.57071597	-34.96433333	-34.88256929	-33.39262051	-32.37948298	-31.78619654	-31.60580839	-31.87864777	-32.65835954	-34.42738044	-32.46139332	-31.00697472	-29.96819448	-29.32234888	-29.05071212	-29.24178009	-29.90121166	-31.1503915	-34.95491105	-32.39979887	-30.44800792	-28.94982391	-27.84332372	-27.10281316	-26.77554268	-26.8677368	-27.41828899	-28.57219221	-30.4508461	-33.30996767	-30.73785729	-28.72515704	-27.13492992	-25.91836526	-25.0809609	-24.63906884	-24.63203041	-25.14143256	-26.23965901	-28.06801997	-32.06488349	-29.38639515	-27.24468402	-25.50161392	-24.12909148	-23.12757513	-22.56365762	-22.4560048	-22.90342696	-23.97555556	-25.84927805	-31.19599368	-28.33969294	-25.96110306	-24.04383835	-22.45488997	-21.26448361	-20.50011888	-20.26821721	-20.66063584	-21.77831686	-23.77246498	-30.76438302	-27.63410448	-25.02896979	-22.80392805	-20.95600913	-19.46672884	-18.44890179	-18.02845512	-18.34300668	-19.54544258	-21.79413928	-27.36766532	-24.44093725	-21.8871833	-19.64733228	-17.773415	-16.35916426	-15.64859901	-15.86645094	-17.21950522	-24.35401935	-21.36745763	-18.66182683	-16.25318162	-14.27649533	-13.07243682	-13.06374076	-21.54853572	-18.23552945	-15.12390601	-12.28194583	-10.19266481
	9350000	-35.43567482	-34.38221317	-33.80962009	-33.70973754	-34.10930025	-34.02391763	-32.53890663	-31.52494505	-30.9304162	-30.75263796	-31.02203176	-31.80131319	-33.56912452	-31.60616673	-30.15216012	-29.11575301	-28.46946463	-28.20226558	-28.38917813	-29.04491805	-30.2904642	-34.09888966	-31.54427944	-29.5938148	-28.09769481	-26.99265713	-26.25319464	-25.9277878	-26.01690895	-26.57102721	-27.70557643	-29.59143801	-32.45059785	-29.88325071	-27.87297726	-26.28186667	-25.06940661	-24.23237112	-23.79100788	-23.78293098	-24.29150431	-25.38449675	-27.20765796	-31.20872415	-28.53292533	-26.39145231	-24.65365298	-23.28168455	-22.2791564	-21.71199511	-21.60653505	-22.05094905	-23.12415337	-24.99193716	-30.33820079	-27.48332813	-25.12554159	-23.19648437	-21.60713296	-20.4163408	-19.64930587	-19.41591741	-19.80646837	-20.91165408	-22.9129912	-29.90339845	-26.77655775	-24.17699979	-21.95637516	-20.10372413	-18.61782134	-17.59960387	-17.17502411	-17.48745087	-18.68882669	-20.93158849	-26.51295947	-23.58668634	-21.03282471	-18.79648926	-16.92081275	-15.50809829	-14.79338949	-15.00816017	-16.36180113	-23.49531405	-20.50158201	-17.80668676	-15.39638695	-13.42245217	-12.21482269	-12.20672769	-20.68694182	-17.38017607	-14.26218113	-11.42018564	-9.329329587
	10200000	-34.61877112	-33.57171854	-33.00098458	-32.90051295	-33.29619832	-33.2130772	-31.73012101	-30.71858531	-30.12481539	-29.94882216	-30.21587046	-30.99263542	-32.75775134	-30.80198588	-29.34774472	-28.31254011	-27.66650458	-27.40030169	-27.58409014	-28.23802674	-29.48033499	-33.2862807	-30.73747158	-28.78954885	-27.29492952	-26.19172505	-25.45338756	-25.12611119	-25.21572379	-25.76839602	-26.91131375	-28.77776609	-31.64176381	-29.07913936	-27.06829247	-25.48173031	-24.27022899	-23.43338619	-22.99255491	-22.98414366	-23.48895933	-24.57705318	-26.39738551	-30.39621578	-27.72974325	-25.59029085	-23.85228329	-22.48509484	-21.48153107	-20.91285347	-20.80738871	-21.24927768	-22.3189727	-24.18315287	-29.52439895	-26.67727902	-24.32728921	-22.39756223	-20.8092989	-19.61853118	-18.84942894	-18.6152992	-19.00361489	-20.11591616	-22.10176616	-29.08797371	-25.96962616	-23.37356757	-21.15450483	-19.30241087	-17.81800116	-16.79812276	-16.37147419	-16.68199043	-17.88069548	-20.11860327	-25.7045442	-22.77992595	-20.22857617	-17.9943564	-16.11788806	-14.70612409	-13.98762519	-14.19880095	-15.55111093	-22.68422055	-19.70478664	-16.99986166	-14.58873407	-12.61564368	-11.40504017	-11.3963892	-19.87127855	-16.57048402	-13.44941747	-10.60666114	-8.513491544
	11050000	-33.84957908	-32.80517379	-32.23368773	-32.13400939	-32.52862851	-32.44752174	-30.96699006	-29.9589024	-29.36480802	-29.18704223	-29.45448727	-30.22592807	-31.99331124	-30.03945944	-28.58800899	-27.55508494	-26.90933584	-26.64543663	-26.82381804	-27.47549859	-28.71448579	-32.51943254	-29.97499884	-28.02936667	-26.5387758	-25.43649715	-24.69876152	-24.3706059	-24.45927422	-25.01071392	-26.14933619	-28.00967411	-30.87362406	-28.31796374	-26.31014338	-24.72586928	-23.51697017	-22.67897652	-22.23912007	-22.23005366	-22.73127074	-23.81535726	-25.63027694	-29.62960327	-26.96859495	-24.83292124	-23.09885275	-21.73130865	-20.72967899	-20.1590811	-20.05284482	-20.49176715	-21.55908021	-23.41651201	-28.75692267	-25.91640884	-23.57156471	-21.64398047	-20.05630668	-18.86497194	-18.09445798	-17.85935127	-18.24423697	-19.35466931	-21.33317908	-28.31849469	-25.20591006	-22.61429075	-20.39810143	-18.54669394	-17.06236881	-16.04132246	-15.61354386	-15.92153949	-17.11652643	-19.34820901	-24.93917418	-22.01727562	-19.46786969	-17.23544514	-15.35909898	-13.94776469	-13.2272154	-13.43525135	-14.78269317	-21.91696086	-18.94196509	-16.23639468	-13.82586964	-11.85266426	-10.64005232	-10.62863895	-19.09958943	-15.80313796	-12.67986751	-9.836104276	-7.740229481
	11900000	-33.12339177	-32.07747727	-31.50982578	-31.40866362	-31.80114696	-31.7239099	-30.24669363	-29.23746259	-28.6462572	-28.46711323	-28.73207582	-29.50156668	-31.26806333	-29.31879823	-27.86902442	-26.83928919	-26.19395592	-25.93002691	-26.10853666	-26.75653182	-27.98954296	-31.78798973	-29.25068284	-27.31306726	-25.82271278	-24.7224901	-23.98634009	-23.65716167	-23.74419598	-24.29232256	-25.42755379	-27.28001929	-30.15117248	-27.5987294	-25.59373039	-24.01303588	-22.80376769	-21.96841614	-21.52712718	-21.51613949	-22.01523184	-23.0956321	-24.90280268	-28.90548343	-26.25060612	-24.11697185	-22.38507009	-21.0200281	-20.01973749	-19.44672444	-19.33952149	-19.77595824	-20.84015138	-22.69172705	-28.03140154	-25.19580362	-22.85619841	-20.93036658	-19.34515209	-18.15315139	-17.38313086	-17.14570865	-17.52742698	-18.6350478	-20.60744943	-27.58872401	-24.48356071	-21.89648775	-19.68328283	-17.83238033	-16.34947511	-15.32731503	-14.89753282	-15.20315999	-16.39383164	-18.61880868	-24.21352165	-21.29674367	-18.74969159	-16.51906511	-14.64274703	-13.23051641	-12.50771747	-12.71292677	-14.05635338	-21.19162808	-18.21922566	-15.51555309	-13.10435667	-11.13103472	-9.915354349	-9.90146623	-18.36998079	-15.07592988	-11.95204239	-9.107116166	-7.007852184
	12750000	-32.44110456	-31.39879258	-30.83072207	-30.72782863	-31.11848102	-31.04495735	-29.5676743	-28.5635663	-27.97167117	-27.79228714	-28.05335131	-28.8232793	-30.58331298	-28.63973511	-27.19368831	-26.16470273	-25.52114257	-25.25838467	-25.43171586	-26.0786727	-27.30831107	-31.10509301	-28.57319438	-26.63956615	-25.14856752	-24.05255044	-23.31752112	-22.98651421	-23.07262908	-23.61850924	-24.74684004	-26.59518098	-29.46945244	-26.92297522	-24.92082976	-23.34344657	-22.13513617	-21.30058076	-20.85841624	-20.84582667	-21.34130999	-22.41925723	-24.21937836	-28.22256652	-25.57579122	-23.44347085	-21.71518878	-20.3519777	-19.35157533	-18.77761536	-18.66920946	-19.10367175	-20.16455997	-22.0091462	-27.35026527	-24.51805422	-22.18545218	-20.2595766	-18.67705406	-17.48382595	-16.71353448	-16.47421769	-16.85362693	-17.95623221	-19.92408847	-26.90429162	-23.80143171	-21.2211503	-19.00914055	-17.15839415	-15.67484044	-14.65169275	-14.22012997	-14.52422728	-15.71332882	-17.93035494	-23.53173092	-20.61692823	-18.07397708	-15.84457861	-13.96774662	-12.5557598	-11.83132855	-12.032116	-13.37212974	-20.50899675	-17.53934835	-14.83604868	-12.42527234	-10.45175526	-9.234050596	-9.216476894	-17.68216288	-14.39185268	-11.26671185	-8.420376123	-6.318923539
	13600000	-31.79706721	-30.75611404	-30.19023796	-30.08918801	-30.47484019	-30.40368549	-28.93217762	-27.9305087	-27.33578581	-27.157035	-27.41634593	-28.18242012	-29.94609987	-28.00631257	-26.56150665	-25.53500899	-24.89370629	-24.62721234	-24.80352337	-25.44206623	-26.66698753	-30.46165658	-27.93396011	-26.00356794	-24.51956453	-23.42198115	-22.68776687	-22.35668117	-22.44038417	-22.98519024	-24.11233409	-25.95224409	-28.82737746	-26.28736996	-24.29217709	-22.71524772	-21.48525665	-20.6708217	-20.22872342	-20.21512317	-20.70898982	-21.78207168	-23.57798642	-27.58213444	-24.93999092	-22.81188337	-21.08444274	-19.72338064	-18.7239598	-18.14804762	-18.03928759	-18.47168958	-19.5287601	-21.36798569	-26.70732651	-23.88182091	-21.55304476	-19.62952171	-18.04789563	-16.85603895	-16.08444558	-15.84388669	-16.21977087	-17.3201821	-19.28098209	-26.2598032	-23.16633771	-20.58749313	-18.37912696	-16.5297333	-15.05201267	-14.02488903	-13.59065531	-13.89186401	-15.07497164	-17.28755783	-22.86595636	-19.98144231	-17.44328591	-15.21171461	-13.33461116	-11.92356287	-11.19524078	-11.39386728	-12.72924494	-19.86713656	-16.90060044	-14.17715648	-11.78734144	-9.813267777	-8.592886225	-8.573877722	-17.03683005	-13.74872515	-10.62207439	-7.774916424	-5.670409326
	14450000	-31.1779257	-30.138311	-29.59568377	-29.4931017	-29.88128286	-29.80962743	-28.3382779	-27.34065783	-26.72218377	-26.56931808	-26.82550116	-27.58628758	-29.35623119	-27.39332366	-25.97507944	-24.94777618	-24.28120037	-24.02115421	-24.18949568	-24.85093485	-26.05338587	-29.86682822	-27.32111667	-25.42126449	-23.91205723	-22.83430562	-22.1039386	-21.76745933	-21.85575082	-22.39729028	-23.52308316	-25.3586286	-28.2312742	-25.7018783	-23.69785141	-22.12805673	-20.92372175	-20.09024975	-19.65206605	-19.63496949	-20.09211836	-21.16447685	-22.98204789	-26.96545848	-24.35200938	-22.22580279	-20.48367266	-19.14399868	-18.11803434	-17.56816383	-17.45842813	-17.88764569	-18.91830382	-20.77675375	-26.11255225	-23.29134651	-20.95012295	-19.04988061	-17.46410137	-16.27316066	-15.50196971	-15.22859647	-15.6081965	-16.7073114	-18.66353677	-25.66679333	-22.55548025	-19.97312739	-17.77094073	-15.9210591	-14.46401428	-13.43724397	-12.97970127	-13.27815155	-14.48895384	-16.66569188	-22.28420573	-19.39483217	-16.83131728	-14.62733626	-12.75255101	-11.33562782	-10.59983457	-10.77749288	-12.13332027	-19.27170352	-16.30953485	-13.60245826	-11.19400986	-9.221822191	-7.999855393	-7.981679536	-16.43464227	-13.15385137	-10.02403814	-7.177421418	-5.046341401
	15300000	-30.6514807	-29.60548519	-29.04842236	-28.94980516	-29.32385577	-29.26586412	-27.7974836	-26.79236743	-26.19888468	-26.02507129	-26.27552247	-27.04077267	-28.80986328	-26.86658079	-25.43683345	-24.40595586	-23.75703037	-23.49311978	-23.66385483	-24.30427221	-25.5197536	-29.31787284	-26.79579173	-24.87525714	-23.39148279	-22.29759723	-21.56139998	-21.23148354	-21.31184064	-21.85458577	-22.97579632	-24.80703802	-27.6838786	-25.15519056	-23.15935457	-21.58809457	-20.37945103	-19.5293285	-19.1075212	-19.09214859	-19.5702182	-20.63971382	-22.4325492	-26.43377139	-23.80355691	-21.68035514	-19.95140984	-18.59993354	-17.59182124	-17.02523532	-16.88756077	-17.339901	-18.39207096	-20.22925895	-25.56345795	-22.74313003	-20.4167417	-18.50605553	-16.92509623	-15.71603544	-14.96116685	-14.71021398	-15.08068254	-16.17770288	-18.13676847	-25.11742748	-22.02385947	-19.44881659	-17.24442724	-15.39749233	-13.91845984	-12.89372972	-12.4526586	-12.75259288	-13.93768109	-16.13136936	-21.7455344	-18.84837751	-16.30321717	-14.08281894	-12.20420286	-10.79262872	-10.063782	-10.24747319	-11.56955007	-18.70808752	-15.76382214	-13.05720066	-10.64921936	-8.670074031	-7.456016439	-7.432100154	-15.89087208	-12.60474901	-9.459643425	-6.63168822	-4.518076938
	16150000	-30.14106032	-29.10023953	-28.538436	-28.43596739	-28.82177851	-28.75408116	-27.28579598	-26.281664	-25.6895562	-25.51662653	-25.76976129	-26.53128687	-28.29819186	-26.34006002	-24.92255551	-23.89524852	-23.24777328	-22.96355775	-23.15525727	-23.79683507	-25.01187063	-28.80714243	-26.2859448	-24.36401049	-22.87930988	-21.78648803	-21.05440781	-20.69732226	-20.79899862	-21.33940035	-22.46537414	-24.29786371	-27.17760446	-24.64345957	-22.64780601	-21.07546035	-19.86984757	-19.03284904	-18.59579859	-18.57999956	-19.06568855	-20.13121453	-21.92547204	-25.92831508	-23.29607372	-21.17035455	-19.44748113	-18.08898507	-17.08816603	-16.51344131	-16.39563297	-16.83288371	-17.86087965	-19.71791022	-25.05665258	-22.23719233	-19.91057913	-17.99475198	-16.41422138	-15.21904122	-14.44972257	-14.20167126	-14.57348396	-15.66958439	-17.62581873	-24.60533502	-21.51540292	-18.91573056	-16.73988605	-14.88793011	-13.41163877	-12.36153293	-11.94309662	-12.22698065	-13.42622081	-15.62746112	-21.23591482	-18.33667866	-15.79400336	-13.57046305	-11.6930812	-10.28166243	-9.550849118	-9.738411617	-11.07203882	-18.21175608	-15.25232609	-12.54704862	-10.1373918	-8.163778008	-6.941764165	-6.91913256	-15.37903808	-12.0934107	-8.961983512	-6.117590184	-4.005358238
	17000000	-29.66428488	-28.62553395	-28.05957748	-27.95844732	-28.34480646	-28.27632349	-26.80799414	-25.80357622	-25.21055401	-25.03569177	-25.29205698	-26.05529344	-27.81970631	-25.87665882	-24.4421782	-23.41580696	-22.76900377	-22.50363218	-22.67710807	-23.31863668	-24.53491587	-28.32927159	-25.80875326	-23.88295606	-22.39960951	-21.3056037	-20.57373542	-20.23378117	-20.31985754	-20.86500116	-21.98860925	-23.82070444	-26.69821022	-24.16357743	-22.16676145	-20.59349203	-19.38796835	-18.55228297	-18.11237073	-18.09708095	-18.58435043	-19.65255938	-21.44597248	-25.44984421	-22.81675885	-20.68984601	-18.96527311	-17.6067434	-16.60713068	-16.030219	-15.915365	-16.3500993	-17.39786942	-19.23645203	-24.57716469	-21.75692254	-19.43082509	-17.51204564	-15.9314009	-14.73669449	-13.96811383	-13.71996693	-14.09191927	-15.1914859	-17.1453796	-24.12681682	-21.03631159	-18.45390269	-16.25773585	-14.40665809	-12.92901007	-11.8970136	-11.46294176	-11.76005226	-12.94467455	-15.14757286	-20.75639143	-17.85420173	-15.31278495	-13.08733925	-11.21035952	-9.798245374	-9.067546073	-9.257273529	-10.5912591	-17.73250571	-14.77286373	-12.06589889	-9.654530949	-7.680493223	-6.457981585	-6.436458119	-14.8969716	-11.61156074	-8.480326657	-5.633844208	-3.522385188
	17850000	-29.21450762	-28.17632241	-27.61026773	-27.50795461	-27.89482168	-27.82720781	-26.35740082	-25.35265194	-24.76125336	-24.58504174	-24.84191148	-25.60483817	-27.36983444	-25.4286577	-23.99197232	-22.96618321	-22.32024844	-22.05568192	-22.22701917	-22.8676279	-24.0847861	-27.87950906	-25.35761	-23.43192479	-21.94936628	-20.85462744	-20.12326452	-19.78585893	-19.8698972	-20.4149994	-21.53720171	-23.36928162	-26.24776549	-23.71257802	-21.71643256	-20.14260483	-18.93818098	-18.10219768	-17.66160525	-17.6462506	-18.13361613	-19.20186719	-20.99398317	-24.99898988	-22.36657569	-20.23925538	-18.51472798	-17.15516995	-16.15717979	-15.57935607	-15.46575573	-15.89881733	-16.94945426	-18.78544092	-24.12670475	-21.30525215	-18.98161952	-17.06125401	-15.48140234	-14.28612994	-13.51686117	-13.26994986	-13.64165861	-14.73993315	-16.69392499	-23.67746249	-20.58661549	-18.0064084	-15.80767843	-13.95615137	-12.4779484	-11.44815637	-11.01181457	-11.31015595	-12.49305375	-14.69621146	-20.3063903	-17.40306842	-14.8618372	-12.63607221	-10.75820307	-9.347080615	-8.615449043	-8.806141244	-10.13940033	-17.28183626	-14.31892099	-11.61401638	-9.201807736	-7.228490122	-6.005055165	-5.98333491	-14.44505134	-11.15986405	-8.028270277	-5.180337824	-3.069049564
	18700000	-28.78633592	-27.74956032	-27.18437807	-27.08089868	-27.467577	-27.40114704	-25.93220917	-24.92845143	-24.33698109	-24.16039815	-24.41694613	-25.17865358	-26.9433487	-25.00481767	-23.56760026	-22.54298832	-21.89723475	-21.63508331	-21.80373364	-22.44430715	-23.66010344	-27.4514663	-24.93367441	-23.00861754	-21.52580417	-20.43263969	-19.70109475	-19.36468282	-19.44720082	-19.99116602	-21.11165249	-22.94321548	-25.82038561	-23.28824262	-21.29205264	-19.71911953	-18.5159998	-17.68022033	-17.23963192	-17.22370653	-17.71086858	-18.77856068	-20.56799877	-24.57359646	-21.94213148	-19.81637376	-18.0924153	-16.73373516	-15.73622792	-15.15665962	-15.04455411	-15.47551682	-16.52687642	-18.35963302	-23.70101689	-20.88156489	-18.55949448	-16.63874813	-15.05989033	-13.86528633	-13.09510751	-12.848426	-13.2187064	-14.31546692	-16.26809838	-23.25055987	-20.1624492	-17.5841818	-15.38528671	-13.53422582	-12.05621424	-11.02642028	-10.59021522	-10.88732521	-12.06808152	-14.27013435	-19.8799566	-16.97885661	-14.43810162	-12.21287381	-10.33447014	-8.924030599	-8.191434203	-8.381793538	-9.713112066	-16.8553882	-13.8930038	-11.18916151	-8.7768974	-6.802992093	-5.579009327	-5.556766381	-14.01680367	-10.73266825	-7.601602249	-4.752787645	-2.641016721
	19550000	-28.37866381	-27.34316472	-26.7795117	-26.67614512	-27.06016168	-26.9953736	-25.52756081	-24.52448397	-23.93454301	-23.75811839	-24.01416955	-24.7740931	-26.53848467	-24.60223276	-23.16518885	-22.14234241	-21.49754482	-21.23524826	-21.4037398	-22.04176103	-23.25576436	-27.04561626	-24.53023221	-22.6061863	-21.12575393	-20.03392607	-19.30275865	-18.9661917	-19.04779057	-19.59095215	-20.70875883	-22.53745514	-25.41653537	-22.88704948	-20.89079959	-19.32075701	-18.11853611	-17.28410049	-16.84202964	-16.82545115	-17.31261533	-18.3778376	-20.16379037	-24.16917221	-21.54010341	-19.41661732	-17.69434227	-16.33649675	-15.341252	-14.7605003	-14.64881172	-15.07839438	-16.1293052	-17.95794508	-23.29651116	-20.48022664	-18.16050862	-16.24197503	-14.66478201	-13.4708302	-12.69996742	-12.45322427	-12.82204784	-13.91695832	-15.86650782	-22.84600802	-19.76171616	-17.18630748	-14.98880255	-13.13798226	-11.66033137	-10.63214581	-10.19499937	-10.49111322	-11.66928462	-13.86911352	-19.47759656	-16.57944405	-14.04135932	-11.81565438	-9.938162825	-8.527421565	-7.794661744	-7.98397535	-9.313422548	-16.45359857	-13.49333785	-10.79059207	-8.377962265	-6.404817873	-5.18033359	-5.156491552	-13.61427332	-10.33287581	-7.200767256	-4.351755078	-2.240020833
	20400000	-28.00445918	-26.97117128	-26.40669187	-26.2809931	-26.68741286	-26.62185823	-25.15445548	-24.15086976	-23.56120876	-23.38529667	-23.64142173	-24.40193065	-26.16478299	-24.22928537	-22.79207876	-21.77018735	-21.10500094	-20.86375903	-21.01061715	-21.66916966	-22.88399147	-26.67135982	-24.15727125	-22.23329362	-20.75329281	-19.66187332	-18.92988105	-18.59504953	-18.67596814	-19.21861202	-20.33614082	-22.16492374	-25.0433787	-22.51471113	-20.52123033	-18.9279556	-17.74737617	-16.9131776	-16.47085299	-16.45284298	-16.94153143	-18.00685074	-19.79299636	-23.79642176	-21.16817513	-19.04512949	-17.32292469	-15.96506744	-14.97023538	-14.38740965	-14.27715367	-14.70669704	-15.7577283	-17.58524765	-22.92484262	-20.10741994	-17.78818924	-15.86836269	-14.29195713	-13.09778508	-12.32796061	-12.0823907	-12.45011588	-13.54467527	-15.49323498	-22.4735391	-19.38928571	-16.81394255	-14.61563249	-12.76647539	-11.26710104	-10.26079636	-9.823302643	-10.11928313	-11.29685482	-13.49641536	-19.10535972	-16.20676859	-13.66408354	-11.44292451	-9.565364817	-8.155783662	-7.423232115	-7.612713017	-8.941556488	-16.08015348	-13.11905441	-10.41828827	-8.00509571	-6.032392239	-4.808386198	-4.784502746	-13.24004176	-9.959865208	-6.82685721	-3.97904312	-1.867670723
	21250000	-27.63899309	-26.60675797	-26.04315566	-25.93423102	-26.32819727	-26.25323029	-24.76573652	-23.79364342	-23.19553274	-23.02036028	-23.27612029	-24.04384209	-25.79516788	-23.86155896	-22.42756118	-21.40319422	-20.75667386	-20.50332153	-20.66288379	-21.30434407	-22.52586579	-26.30806905	-23.78889472	-21.84862136	-20.38730812	-19.2991684	-18.56397777	-18.23045414	-18.31686248	-18.85451863	-19.97513404	-21.80482451	-24.66845934	-22.12170652	-20.14886119	-18.57481179	-17.38146341	-16.54418625	-16.09637311	-16.05683439	-16.57381257	-17.64218762	-19.42485129	-23.42032997	-20.79213028	-18.67410219	-16.95875359	-15.59538949	-14.60272678	-14.01994619	-13.91638641	-14.33952508	-15.39106499	-17.22363102	-22.55223652	-19.73742446	-17.42361433	-15.5030216	-13.9242817	-12.73402048	-11.96340864	-11.71482725	-12.0855746	-13.18099177	-15.12622529	-22.10064977	-19.02151677	-16.44561749	-14.22565688	-12.3942699	-10.91629083	-9.869090793	-9.459214205	-9.752317386	-10.93537895	-13.12973775	-18.71435125	-15.84194675	-13.30107663	-11.05661336	-9.207209359	-7.796852634	-7.033258859	-7.249437412	-8.578683644	-15.71362542	-12.75507574	-10.06157019	-7.640153681	-5.669375716	-4.444135375	-4.423649496	-12.87982859	-9.603368128	-6.464579742	-3.616985497	-1.505037402
