BPM Serial No.	16elec																																																																																																	
BPM Size	110																																																																																																	
"Experi,menter"	Toyama      Hanamura      Kawachi      																																																																																																	
Meas. Start Time	2019/08/2914:39																																																																																																	
Meas. Finish Time	2019/08/2915:27																																																																																																	
Linear Scale Origin X(mm)	-99.334																																																																																																	
Linear Scale Origin Y(mm)	88.445																																																																																																	
note																																																																																																		
																																																																																																		
																																																																																																		
Data Point Number		1	2	3	4	5	6	7	8	9	10	11	12	13	14	15	16	17	18	19	20	21	22	23	24	25	26	27	28	29	30	31	32	33	34	35	36	37	38	39	40	41	42	43	44	45	46	47	48	49	50	51	52	53	54	55	56	57	58	59	60	61	62	63	64	65	66	67	68	69	70	71	72	73	74	75	76	77	78	79	80	81	82	83	84	85	86	87	88	89	90	91	92	93	94	95	96	97
Linear Scale X (mm)		-119.336	-109.338	-99.337	-89.336	-79.335	-129.337	-119.338	-109.338	-99.337	-89.336	-79.335	-69.334	-139.338	-129.339	-119.339	-109.338	-99.337	-89.336	-79.335	-69.334	-59.333	-149.339	-139.341	-129.339	-119.339	-109.338	-99.337	-89.337	-79.335	-69.334	-59.333	-49.332	-149.339	-139.341	-129.339	-119.339	-109.338	-99.337	-89.336	-79.335	-69.334	-59.333	-49.332	-149.339	-139.341	-129.339	-119.338	-109.338	-99.337	-89.336	-79.335	-69.334	-59.333	-49.332	-149.339	-139.341	-129.339	-119.339	-109.338	-99.337	-89.336	-79.335	-69.334	-59.333	-49.332	-149.339	-139.341	-129.339	-119.339	-109.338	-99.337	-89.337	-79.335	-69.334	-59.333	-49.332	-139.338	-129.339	-119.338	-109.338	-99.337	-89.336	-79.335	-69.334	-59.333	-129.337	-119.338	-109.338	-99.337	-89.336	-79.335	-69.334	-119.336	-109.338	-99.337	-89.336	-79.335
Linear Scale Y (mm)		38.449	38.449	38.449	38.449	38.449	48.445	48.445	48.445	48.445	48.445	48.445	48.445	58.444	58.444	58.444	58.444	58.444	58.444	58.444	58.444	58.444	68.444	68.444	68.444	68.444	68.444	68.444	68.444	68.444	68.444	68.444	68.444	78.443	78.443	78.443	78.443	78.443	78.443	78.443	78.443	78.443	78.443	78.443	88.443	88.443	88.443	88.443	88.443	88.443	88.443	88.443	88.443	88.443	88.443	98.442	98.443	98.443	98.443	98.443	98.443	98.442	98.442	98.443	98.443	98.443	108.443	108.443	108.443	108.443	108.443	108.443	108.443	108.443	108.443	108.443	108.443	118.442	118.442	118.442	118.442	118.442	118.442	118.442	118.442	118.442	128.442	128.442	128.442	128.442	128.442	128.442	128.442	138.442	138.442	138.442	138.442	138.442
R(beam)[mm]		20.002	10.004	0.003	-9.998	-19.999	30.003	20.004	10.004	0.003	-9.998	-19.999	-30	40.004	30.005	20.005	10.004	0.003	-9.998	-19.999	-30	-40.001	50.005	40.007	30.005	20.005	10.004	0.003	-9.997	-19.999	-30	-40.001	-50.002	50.005	40.007	30.005	20.005	10.004	0.003	-9.998	-19.999	-30	-40.001	-50.002	50.005	40.007	30.005	20.004	10.004	0.003	-9.998	-19.999	-30	-40.001	-50.002	50.005	40.007	30.005	20.005	10.004	0.003	-9.998	-19.999	-30	-40.001	-50.002	50.005	40.007	30.005	20.005	10.004	0.003	-9.997	-19.999	-30	-40.001	-50.002	40.004	30.005	20.004	10.004	0.003	-9.998	-19.999	-30	-40.001	30.003	20.004	10.004	0.003	-9.998	-19.999	-30	20.002	10.004	0.003	-9.998	-19.999
Y(beam)[mm]		-49.996	-49.996	-49.996	-49.996	-49.996	-40	-40	-40	-40	-40	-40	-40	-30.001	-30.001	-30.001	-30.001	-30.001	-30.001	-30.001	-30.001	-30.001	-20.001	-20.001	-20.001	-20.001	-20.001	-20.001	-20.001	-20.001	-20.001	-20.001	-20.001	-10.002	-10.002	-10.002	-10.002	-10.002	-10.002	-10.002	-10.002	-10.002	-10.002	-10.002	-0.002	-0.002	-0.002	-0.002	-0.002	-0.002	-0.002	-0.002	-0.002	-0.002	-0.002	9.997	9.998	9.998	9.998	9.998	9.998	9.997	9.997	9.998	9.998	9.998	19.998	19.998	19.998	19.998	19.998	19.998	19.998	19.998	19.998	19.998	19.998	29.997	29.997	29.997	29.997	29.997	29.997	29.997	29.997	29.997	39.997	39.997	39.997	39.997	39.997	39.997	39.997	49.997	49.997	49.997	49.997	49.997
Net Ana Temperature[℃]		22.41776422	22.41884705	22.38851986	22.38303038	22.39049338	22.4011114	22.38736432	22.38341989	22.37671774	22.3750766	22.36914568	22.37649701	22.35100753	22.34203583	22.32622695	22.32244871	22.32028304	22.32555959	22.33228252	22.33016619	22.33603739	22.34295767	22.34381459	22.33791223	22.36072968	22.36812776	22.37478837	22.37683719	22.3915866	22.40671514	22.41931187	22.40286419	22.3900831	22.3930122	22.40431836	22.40028824	22.3778551	22.34512075	22.31916126	22.33325889	22.33244352	22.33312386	22.312537	22.34024669	22.34612049	22.33131135	22.31884446	22.30948585	22.30829135	22.28867827	22.28994287	22.29446118	22.28692028	22.28552584	22.32351597	22.33513633	22.33177097	22.3238925	22.32272656	22.31697741	22.31794858	22.29520384	22.27076863	22.2780187	22.29222799	22.31431836	22.31554142	22.33465593	22.35209556	22.34310828	22.33810439	22.33380161	22.30580628	22.25985458	22.26170086	22.28180213	22.26956635	22.28309011	22.28819787	22.28527395	22.30549208	22.28417035	22.28792521	22.30167229	22.30071929	22.24787068	22.25139964	22.2649208	22.2651597	22.24329784	22.23176578	22.24450013	22.20752012	22.21580628	22.20524799	22.20489483	22.20061802
BPM Temperature[℃]		20.39366398	20.3845235	20.37141002	20.36772267	20.3702415	20.34136588	20.3380161	20.37933004	20.35497273	20.35271358	20.3156323	20.30490782	20.31311348	20.39374189	20.39057388	20.40633602	20.39877954	20.36712542	20.36149052	20.36455466	20.35515451	20.34832511	20.34159958	20.3407167	20.37122825	20.48010906	20.59550766	20.6462737	20.68423786	20.65780317	20.60890678	20.56312646	20.46704752	20.4282524	20.41077642	20.35523241	20.32443521	20.2902363	20.28439366	20.28924955	20.31023111	20.29820826	20.32272137	20.36751493	20.35647884	20.35401194	20.34253441	20.34700078	20.35780317	20.37688912	20.37527915	20.36741106	20.38766554	20.37886263	20.38828876	20.39813036	20.40457024	20.40171384	20.41594391	20.39226175	20.36759283	20.35590756	20.33663983	20.32443521	20.34261231	20.39968839	20.40264866	20.41630745	20.4015061	20.39597507	20.35964684	20.33469229	20.3082576	20.29678006	20.3167489	20.29745521	20.36369774	20.38397819	20.36543755	20.3689691	20.36328226	20.35601143	20.35009089	20.33323812	20.32337055	20.3338094	20.31651519	20.32264347	20.30324591	20.3012724	20.31017917	20.31207479	20.28935341	20.27945988	20.26795637	20.29485848	20.27512334
Frequency (Hz) / Data (dB)	850000	-49.47303681	-50.71099208	-52.16908478	-53.83311917	-55.58393777	-45.45279649	-46.69395256	-48.0810713	-49.7195723	-51.46538897	-53.35240599	-55.85772977	-41.41524178	-42.7793014	-44.40183219	-46.06629415	-47.87087437	-49.73628995	-51.70139805	-53.96439699	-56.55225366	-37.06628424	-38.87845565	-40.7678254	-42.73525438	-44.63977208	-46.61176917	-48.56391038	-50.73011857	-52.87638604	-55.3988899	-58.17821222	-34.72841326	-37.26845963	-39.56246833	-41.74650791	-43.82753196	-45.78344076	-47.83704078	-49.93899105	-52.25918578	-54.7069969	-57.57894654	-33.84550733	-36.6785595	-39.11339662	-41.39918845	-43.52323026	-45.59925115	-47.61651172	-49.75488988	-51.97493843	-54.42779665	-57.30002719	-34.67955108	-37.24299787	-39.52740658	-41.71924627	-43.78814017	-45.79536134	-47.83619869	-49.89502187	-52.23290294	-54.70228906	-57.65716065	-36.98906811	-38.85062065	-40.78121859	-42.70096896	-44.60072455	-46.55655901	-48.44902309	-50.56198847	-52.81731811	-55.33677229	-58.33523745	-41.33186029	-42.69866943	-44.28603793	-45.96627778	-47.74764654	-49.66745871	-51.65170012	-53.92668748	-56.50534686	-45.33246434	-46.47687448	-47.94378402	-49.5551543	-51.21752206	-53.26000782	-55.58321612	-49.3954263	-50.54227586	-51.91872362	-53.62991734	-55.70566005
	1700000	-43.55985261	-44.60029361	-45.97801896	-47.59442267	-49.5907678	-39.53840788	-40.66620138	-42.04903431	-43.62341147	-45.39154112	-47.36621532	-49.65640629	-35.55652686	-36.88653095	-38.45572861	-40.11874461	-41.89900791	-43.75192675	-45.76161061	-47.98478775	-50.57529923	-31.22105701	-33.03484391	-34.9178354	-36.8642742	-38.73614809	-40.64960816	-42.60938979	-44.70648196	-46.96478205	-49.46435634	-52.35249067	-28.88328569	-31.42463045	-33.71315791	-35.85479469	-37.93473265	-39.9288325	-41.99973403	-44.10835584	-46.35304354	-48.81683774	-51.73352782	-28.01642958	-30.85070631	-33.28791957	-35.54654341	-37.66602965	-39.72259843	-41.77162951	-43.84884227	-46.14440171	-48.58934382	-51.41990288	-28.846245	-31.40848847	-33.69913865	-35.87135386	-37.93628225	-39.94931014	-41.9952477	-44.06428252	-46.33723403	-48.8153275	-51.7965674	-31.15783274	-33.01972565	-34.92780661	-36.83516642	-38.73911595	-40.67016221	-42.63187274	-44.71421545	-46.92583817	-49.48605353	-52.4410471	-35.51035282	-36.8839912	-38.44237357	-40.12075584	-41.89882004	-43.77462022	-45.81846616	-48.06698397	-50.66061105	-39.49384323	-40.61773664	-42.03595901	-43.62414409	-45.37335484	-47.39831432	-49.68368062	-43.54393843	-44.61593388	-46.00820371	-47.68149684	-49.64809096
	2550000	-40.26728728	-41.3199948	-42.69675758	-44.34131488	-46.33444144	-36.23071005	-37.36389997	-38.74870958	-40.33470489	-42.10287149	-44.08505734	-46.37278131	-32.23266585	-33.57366942	-35.14373009	-36.80711821	-38.58749817	-40.45075371	-42.47122544	-44.71183054	-47.30564896	-27.89116676	-29.71251198	-31.59687885	-33.53421319	-35.42311209	-37.34416667	-39.30320623	-41.40317683	-43.6617076	-46.16766489	-49.12723705	-25.54684858	-28.0901585	-30.38669853	-32.53585869	-34.60917025	-36.60837586	-38.67185772	-40.78937491	-43.03843271	-45.51258078	-48.4190762	-24.67570396	-27.5141686	-29.95915257	-32.21563327	-34.33572415	-36.39391557	-38.44995602	-40.54961349	-42.82370197	-45.29549647	-48.18003319	-25.50734359	-28.07259109	-30.36928775	-32.54121179	-34.60633321	-36.62682057	-38.66671523	-40.75450483	-43.03200077	-45.52896397	-48.4501178	-27.82356254	-29.68855963	-31.60096444	-33.50979757	-35.41654309	-37.35062803	-39.31140049	-41.40152169	-43.63963896	-46.17610559	-49.17531574	-32.18227389	-33.55385033	-35.11723217	-36.79692513	-38.57405568	-40.45254197	-42.49739802	-44.74709983	-47.33969242	-36.18338238	-37.30635608	-38.72092271	-40.31721846	-42.07508169	-44.08931082	-46.38486971	-40.23501171	-41.30752233	-42.70238035	-44.37988988	-46.36677938
	3400000	-37.94804339	-39.00299493	-40.39152569	-42.0358206	-44.04442675	-33.90234728	-35.03400059	-36.42649241	-38.00786928	-39.7834256	-41.77831308	-44.07662762	-29.90320404	-31.24212136	-32.80653005	-34.47852302	-36.25280822	-38.12355826	-40.14534471	-42.40428004	-45.01719108	-25.55350654	-27.37408906	-29.26190603	-31.19398988	-33.08967387	-35.0101615	-36.9768557	-39.08241854	-41.33220273	-43.84983427	-46.82819723	-23.20429886	-25.7458174	-28.04503042	-30.19784108	-32.27076809	-34.27157168	-36.33289549	-38.4550512	-40.71055509	-43.18369215	-46.11578843	-22.32937992	-25.16774278	-27.61627869	-29.87091259	-31.99225103	-34.05471411	-36.11156159	-38.21224604	-40.49717315	-42.97153654	-45.85828464	-23.16290876	-25.72715517	-28.02903489	-30.19689717	-32.26416816	-34.28437782	-36.3236722	-38.42033442	-40.69382862	-43.20331359	-46.12589165	-25.48609825	-27.34613566	-29.25797575	-31.1687787	-33.07854279	-35.01489388	-36.9697149	-39.06380249	-41.31023555	-43.86092051	-46.84632808	-29.84578869	-31.21415259	-32.77992652	-34.4592513	-36.23485622	-38.12060298	-40.15813763	-42.42725568	-45.02462091	-33.85450662	-34.97224174	-36.38797068	-37.98439726	-39.74444748	-41.76624496	-44.06808584	-37.91025301	-38.98071818	-40.37262699	-42.04787039	-44.04968889
	4250000	-36.15195128	-37.20820365	-38.59462066	-40.25036647	-42.25638052	-32.10240573	-33.23197667	-34.62104351	-36.20919076	-37.98280958	-39.98170853	-42.28528879	-28.09686041	-29.43576395	-31.00086259	-32.67076527	-34.44960702	-36.32222249	-38.34861754	-40.61639925	-43.22234719	-23.74632639	-25.56704721	-27.45206819	-29.3811327	-31.2793734	-33.20406286	-35.17233951	-37.27735789	-39.52714568	-42.05085503	-45.0472849	-21.3929857	-23.93502971	-26.23536728	-28.38949878	-30.45824388	-32.46048922	-34.52453634	-36.64382108	-38.90314569	-41.38779081	-44.31183958	-20.51657939	-23.35411499	-25.8042129	-28.05869614	-30.17930806	-32.24456902	-34.299112	-36.40760394	-38.68731579	-41.1669492	-44.07801432	-21.35075916	-23.91435181	-26.21658422	-28.38450738	-30.44988452	-32.47258848	-34.50747682	-36.61620847	-38.89042132	-41.3949278	-44.32914499	-23.67792144	-25.53558991	-27.44776121	-29.35921944	-31.26702452	-33.20123938	-35.16376866	-37.26067041	-39.50818835	-42.05727827	-45.05883963	-28.03838028	-29.40166573	-30.96950514	-32.64816299	-34.42676817	-36.30888529	-38.35741538	-40.62352236	-43.22157881	-32.05172022	-33.17268732	-34.57952052	-36.17964638	-37.94745845	-39.96630899	-42.26813476	-36.11512024	-37.18281295	-38.57286709	-40.24889602	-42.24381229
	5100000	-34.69053973	-35.74501329	-37.13121919	-38.79132292	-40.8012913	-30.63759237	-31.76610798	-33.1547586	-34.74319793	-36.51510464	-38.52660116	-40.82409722	-26.63064752	-27.96878563	-29.53008258	-31.19933661	-32.97701156	-34.8533046	-36.88285457	-39.15515341	-41.76660949	-22.27913655	-24.09835535	-25.98210815	-27.90948975	-29.8085656	-31.73236493	-33.70506393	-35.80722398	-38.0549703	-40.58568887	-43.59181877	-19.92248401	-22.46183965	-24.76301644	-26.91633488	-28.98539566	-30.98878561	-33.05214265	-35.16995599	-37.43638236	-39.92453353	-42.85086876	-19.04448591	-21.87977907	-24.33155612	-26.5828689	-28.70500956	-30.77137634	-32.82541767	-34.93834115	-37.21953337	-39.70408625	-42.6179786	-19.88003337	-22.4414094	-24.74457338	-26.90977256	-28.97537958	-30.99926704	-33.03734993	-35.14540989	-37.41861928	-39.93425749	-42.85302533	-22.21068648	-24.06469986	-25.97472941	-27.88578609	-29.79265131	-31.72797192	-33.69362502	-35.79058862	-38.03909872	-40.59172148	-43.59632712	-26.5712222	-27.93137565	-29.49745081	-31.17644521	-32.95494415	-34.8410701	-36.88901587	-39.14952542	-41.76142923	-30.5828861	-31.70673499	-33.11100908	-34.71105004	-36.48060841	-38.4993751	-40.80375176	-34.65055964	-35.71774043	-37.10582766	-38.78860005	-40.78459317
	5950000	-33.48109227	-34.53294488	-35.92033789	-37.58166384	-39.59411933	-29.42374343	-30.55291123	-31.93942878	-33.52720879	-35.29948225	-37.31124523	-39.61503166	-25.4155154	-26.751804	-28.31078339	-29.98103802	-31.75887423	-33.63652293	-35.66539836	-37.94074151	-40.55690144	-21.06451736	-22.88137785	-24.76436271	-26.68905083	-28.58709967	-30.5139692	-32.48368757	-34.58990396	-36.83901842	-39.37315672	-42.37849544	-18.70494845	-21.24273039	-23.54307707	-25.69627975	-27.76273581	-29.77013621	-31.8295836	-33.95209619	-36.21332708	-38.71094881	-41.64632615	-17.82593556	-20.65960663	-23.11027364	-25.36147773	-27.48100748	-29.54446604	-31.60336232	-33.71759534	-35.99992037	-38.49004191	-41.39643444	-18.66178201	-21.22175453	-23.52346025	-25.68793578	-27.75377887	-29.7776011	-31.81791256	-33.92547596	-36.20548809	-38.7150554	-41.64980732	-20.99517104	-22.84549157	-24.75552097	-26.66602223	-28.57180311	-30.50813905	-32.47239837	-34.57074332	-36.82657754	-39.38119374	-42.39231524	-25.35665218	-26.71440428	-28.27808516	-29.95705129	-31.73495925	-33.62202025	-35.66973308	-37.93855205	-40.55024856	-29.37126204	-30.49181254	-31.89638699	-33.49301106	-35.26708085	-37.28345472	-39.59491947	-33.43890185	-34.50578394	-35.89393322	-37.57370904	-39.57462414
	6800000	-32.46680503	-33.51708318	-34.90666806	-36.56462639	-38.57818354	-28.40667964	-29.53180359	-30.91875181	-32.50727387	-34.28066714	-36.29082351	-38.59496086	-24.39734273	-25.73057535	-27.28653356	-28.95815266	-30.73324122	-32.61432311	-34.64874197	-36.92645909	-39.53975082	-20.04623598	-21.85998567	-23.74010879	-25.66351774	-27.56357172	-29.49004964	-31.46180188	-33.56619529	-35.81827022	-38.3544291	-41.36279002	-17.68437057	-20.21886183	-22.51795337	-24.67082784	-26.73577338	-28.74264979	-30.8031502	-32.92433618	-35.18939951	-37.68104464	-40.62686492	-16.80375737	-19.63440743	-22.08474816	-24.33411116	-26.45366201	-28.51851267	-30.57669444	-32.6924077	-34.97488506	-37.46734249	-40.38533006	-17.64009258	-20.19665549	-22.49829815	-24.66027954	-26.72560914	-28.75033069	-30.79140231	-32.9028945	-35.17909955	-37.69637408	-40.63175258	-19.97570046	-21.82307474	-23.72979452	-25.63947135	-27.54573338	-29.48066238	-31.44735637	-33.54441004	-35.80057438	-38.36063864	-41.37026358	-24.3364462	-25.69134843	-27.25444856	-28.93198705	-30.70795748	-32.59741107	-34.64722339	-36.9170845	-39.5330662	-28.35160976	-29.47198219	-30.87317648	-32.47288098	-34.24482295	-36.26505103	-38.5776256	-32.42643504	-33.48685355	-34.87272467	-36.56010096	-38.55958117
	7650000	-31.61179564	-32.66483829	-34.0535012	-35.71436757	-37.73172876	-27.55156384	-28.67313523	-30.0593682	-31.64753238	-33.42323037	-35.43590949	-37.74293576	-23.54075302	-24.87280848	-26.42776482	-28.09576868	-29.87055673	-31.75522838	-33.78668038	-36.06679444	-38.6836377	-19.19039162	-21.00203663	-22.88072284	-24.79945172	-26.70230993	-28.62659151	-30.59828695	-32.70448904	-34.95862754	-37.49585802	-40.5158553	-16.82636445	-19.35778862	-21.65626449	-23.80773053	-25.87137044	-27.87823586	-29.94036055	-32.06251463	-34.32829533	-36.8332119	-39.77501763	-15.94545233	-18.77315807	-21.22317333	-23.46810996	-25.58856504	-27.65198777	-29.71307591	-31.83088267	-34.11592093	-36.60929352	-39.53537174	-16.78236178	-19.33491534	-21.63598967	-23.79637168	-25.86151753	-27.8835494	-29.92734149	-32.03974483	-34.31770657	-36.83873031	-39.77869411	-19.12094902	-20.96350648	-22.86830946	-24.77536694	-26.68297654	-28.61644401	-30.58766834	-32.68353051	-34.94443207	-37.50468853	-40.52205072	-23.48051175	-24.83093973	-26.39303722	-28.06954614	-29.84622433	-31.73379987	-33.78611964	-36.05822837	-38.66620712	-27.49518922	-28.61466672	-30.01689347	-31.61270438	-33.38547115	-35.40865735	-37.71888656	-31.57018826	-32.63225033	-34.02060715	-35.7027988	-37.70869233
	8500000	-30.89908604	-31.94968171	-33.33667069	-35.00205563	-37.01629798	-26.83274348	-27.95426699	-29.33936909	-30.92883172	-32.69973261	-34.71809006	-37.02332907	-22.82195706	-24.15183514	-25.70360934	-27.37243131	-29.14682992	-31.03333392	-33.06900804	-35.34944819	-37.97045411	-18.47344624	-20.2813975	-22.15881871	-24.07549692	-25.97721439	-27.90291999	-29.87785014	-31.98005754	-34.23318307	-36.77871356	-39.7983124	-16.10750231	-18.63501319	-20.93292392	-23.08391635	-25.14527847	-27.15249423	-29.21451108	-31.33780564	-33.6034497	-36.10715044	-39.06112219	-15.2251826	-18.04965192	-20.49779886	-22.74144598	-24.86144465	-26.92409745	-28.9884758	-31.10761781	-33.39071744	-35.88605849	-38.81858726	-16.06283075	-18.61294412	-20.91299981	-23.07109277	-25.13434098	-27.15957251	-29.19983123	-31.31852171	-33.59378417	-36.11746519	-39.0567122	-18.40372446	-20.24155868	-22.14532758	-24.0512574	-25.95600255	-27.89059092	-29.86166638	-31.96002025	-34.2225346	-36.78301099	-39.80473934	-22.76203893	-24.10881909	-25.66927434	-27.34616542	-29.12287438	-31.01058848	-33.06405166	-35.34010557	-37.9546463	-26.77823556	-27.89679004	-29.29510134	-30.89064902	-32.66640793	-34.6880842	-37.00147645	-30.85636629	-31.91472488	-33.3048338	-34.98606025	-36.98710892
	9350000	-30.28538243	-31.33477129	-32.72432374	-34.38927804	-36.40574192	-26.21858183	-27.33668355	-28.72063533	-30.30842315	-32.0852857	-34.10219833	-36.41514202	-22.20657782	-23.53428759	-25.08471612	-26.75371205	-28.52732322	-30.41610531	-32.45309387	-34.73890953	-37.36089674	-17.85834844	-19.66483285	-21.54088523	-23.4551556	-25.355948	-27.28272077	-29.25855838	-31.36354355	-33.61792741	-36.16580357	-39.18996641	-15.4905854	-18.0163311	-20.3129349	-22.46340888	-24.52313173	-26.53249029	-28.59090359	-30.71531804	-32.98759446	-35.49151186	-38.4443047	-14.6075217	-17.4295602	-19.87884397	-22.12027697	-24.23885872	-26.30142692	-28.36526398	-30.48674988	-32.77291363	-35.27147379	-38.20596372	-15.44578821	-17.99264296	-20.29266634	-22.44924015	-24.51183847	-26.53732151	-28.57955462	-30.69797068	-32.97500698	-35.50151231	-38.44052444	-17.78812548	-19.62318145	-21.52472879	-23.43089763	-25.33503132	-27.27037444	-29.24276275	-31.3387281	-33.60515043	-36.16521665	-39.1964451	-22.14645862	-23.49126553	-25.05007475	-26.72474534	-28.50305106	-30.39319745	-32.44528929	-34.72447509	-37.34758524	-26.16290669	-27.28104874	-28.67596437	-30.27249864	-32.04981738	-34.07149292	-36.39582538	-30.24197755	-31.3016891	-32.68898978	-34.37145689	-36.38389811
	10200000	-29.73807297	-30.78753694	-32.17129038	-33.8462933	-35.8634541	-25.66968209	-26.78728289	-28.17030876	-29.75877397	-31.53654772	-33.55516318	-35.86484687	-21.65706958	-22.98382391	-24.53282258	-26.20117565	-27.97525641	-29.86272078	-31.90181609	-34.18825179	-36.81721744	-17.30929076	-19.11499148	-20.98931852	-22.90223706	-24.80379419	-26.73044561	-28.70596032	-30.81092415	-33.06970042	-35.61887254	-38.64633053	-14.93916113	-17.46378134	-19.76133721	-21.91020206	-23.9694161	-25.97918658	-28.03869507	-30.16250207	-32.43479103	-34.94441954	-37.89924675	-14.05591861	-16.87716475	-19.32487053	-21.56584264	-23.68376828	-25.74669141	-27.8110494	-29.93324051	-32.21688272	-34.7237038	-37.6607206	-14.89439164	-17.43985826	-19.73993028	-21.89604881	-23.95807695	-25.98314371	-28.02386638	-30.14409987	-32.42281213	-34.95357243	-37.89948157	-17.23906401	-19.07101865	-20.970955	-22.87760847	-24.7822582	-26.71421042	-28.69097944	-30.78612137	-33.05834825	-35.61558761	-38.64842676	-21.59672252	-22.93948249	-24.49774973	-26.17221307	-27.94937846	-29.8388116	-31.89397586	-34.17455541	-36.79643764	-25.61384096	-26.72993042	-28.12407283	-29.72300198	-31.50328508	-33.52181913	-35.84470779	-29.69353742	-30.75216816	-32.13722711	-33.82566967	-35.83521815
	11050000	-29.21858672	-30.26824886	-31.65385494	-33.32656814	-35.34379835	-25.1513437	-26.26782769	-27.64945219	-29.23955786	-31.01592592	-33.03633111	-35.34560222	-21.13752928	-22.46396481	-24.01443111	-25.6837669	-27.45549412	-29.34442177	-31.38330414	-33.6725219	-36.29724118	-16.78924143	-18.59475133	-20.4702624	-22.38122546	-24.28422169	-26.21056768	-28.18780799	-30.28905425	-32.54779351	-35.10481434	-38.12946801	-14.41880114	-16.94295191	-19.24021768	-21.39134226	-23.44916652	-25.46050239	-27.51772437	-29.6418004	-31.91711509	-34.42833331	-37.38253884	-13.53467901	-16.3553854	-18.80546183	-21.04532589	-23.16240635	-25.22518477	-27.29126392	-29.41531089	-31.69979575	-34.20727094	-37.13759683	-14.37291386	-16.91859049	-19.22054382	-21.374479	-23.4377452	-25.46370075	-27.50459752	-29.62638136	-31.90742769	-34.43127265	-37.38418831	-16.718816	-18.54952701	-20.45073655	-22.35716731	-24.26203676	-26.19521803	-28.17271149	-30.26944283	-32.53729691	-35.10237674	-38.13422397	-21.07876492	-22.41965807	-23.978119	-25.65357086	-27.43106538	-29.31994467	-31.3709472	-33.65391352	-36.276927	-25.09557967	-26.21359662	-27.60619036	-29.20243088	-30.98349394	-33.00217145	-35.32857733	-29.1746627	-30.23285659	-31.62167262	-33.30610455	-35.31904114
	11900000	-28.7042184	-29.75637967	-31.14105849	-32.81562502	-34.82703128	-24.63658587	-25.75537674	-27.13593855	-28.72807882	-30.50042887	-32.52147768	-34.83324886	-20.62422759	-21.95083085	-23.50030089	-25.16906688	-26.94225522	-28.83185059	-30.8724015	-33.16047054	-35.78478229	-16.27428249	-18.08083282	-19.95720759	-21.86844507	-23.77149774	-25.70044316	-27.67724286	-29.78143877	-32.03642247	-34.58528863	-37.61871281	-13.90288232	-16.4283312	-18.72762306	-20.87896708	-22.93564356	-24.94902637	-27.00551393	-29.12799301	-31.40198342	-33.91179439	-36.86375525	-13.01849919	-15.84048534	-18.29077832	-20.53192698	-22.65023761	-24.71374535	-26.77722382	-28.90253116	-31.18325289	-33.69736053	-36.62591824	-13.8561735	-16.40302823	-18.7065775	-20.86124171	-22.92349057	-24.94981076	-26.99341197	-29.11197993	-31.39314813	-33.91920666	-36.86236136	-16.20275187	-18.03509183	-19.93696577	-21.84422628	-23.75005328	-25.68130389	-27.65955802	-29.75500706	-32.02481343	-34.59015956	-37.61656342	-20.56471924	-21.90614468	-23.46551165	-25.13970933	-26.9171359	-28.80718425	-30.85889877	-33.14285974	-35.76762618	-24.5820262	-25.70127885	-27.09187343	-28.68911702	-30.47139023	-32.49283252	-34.8173541	-28.66246425	-29.71807612	-31.10669804	-32.79021198	-34.8004494
	12750000	-28.18613175	-29.2378263	-30.62227364	-32.29702691	-34.31109301	-24.11781659	-25.23737431	-26.61960399	-28.20948657	-29.98493734	-32.00447496	-34.31435787	-20.10417676	-21.43207105	-22.98251892	-24.65257954	-26.4238794	-28.31590174	-30.35406294	-32.64007457	-35.26492131	-15.7534925	-17.56196788	-19.43891011	-21.35195888	-23.25505623	-25.1836128	-27.16067216	-29.26306719	-31.5205669	-34.06970842	-37.09948646	-13.38174968	-15.90899723	-18.2097781	-20.36233401	-22.41996868	-24.4327496	-26.48938637	-28.61130305	-30.88311843	-33.40035308	-36.34843422	-12.49730083	-15.32089226	-17.77286243	-20.0139306	-22.13337475	-24.19894805	-26.26183586	-28.3865765	-30.66772382	-33.17716986	-36.10708965	-13.3351873	-15.88416714	-18.18827428	-20.34489016	-22.40693501	-24.43488632	-26.47547545	-28.59766722	-30.87438885	-33.40279611	-36.3496688	-15.68200889	-17.51637532	-19.41790702	-21.32518305	-23.2326604	-25.16528438	-27.14399449	-29.2397363	-31.50892703	-34.07154637	-37.10357647	-20.04610944	-21.38868978	-22.94673768	-24.62345395	-26.40048843	-28.28961414	-30.34306447	-32.62627564	-35.2454616	-24.06535381	-25.18177551	-26.57605077	-28.1733137	-29.95272596	-31.97336851	-34.29485242	-28.14427695	-29.20184956	-30.58919997	-32.27594967	-34.28381786
	13600000	-27.65668849	-28.70420591	-30.09081023	-31.7700364	-33.77991088	-23.58632963	-24.70718886	-26.08895653	-27.67722524	-29.45622494	-31.47452506	-33.78331505	-19.57296837	-20.90178604	-22.4529692	-24.12416498	-25.89579453	-27.7869008	-29.82623718	-32.11270711	-34.73212174	-15.22018651	-17.03128323	-18.90976639	-20.82217631	-22.72650764	-24.65526687	-26.63173639	-28.73278834	-30.99215876	-33.54250643	-36.56928154	-12.84851916	-15.37763044	-17.67893718	-19.83331408	-21.89048167	-23.90451992	-25.96118441	-28.08430069	-30.35726226	-32.8654234	-35.81761197	-11.96351767	-14.78965117	-17.24314645	-19.48489119	-21.6048095	-23.66704877	-25.73509319	-27.85938016	-30.13818103	-32.64679075	-35.57787832	-12.80136083	-15.3513954	-17.65842954	-19.81566543	-21.8779806	-23.90607274	-25.947756	-28.07141222	-30.3439307	-32.87425867	-35.81491743	-15.14953477	-16.98319398	-18.88833286	-20.79662536	-22.70448966	-24.63701221	-26.61674613	-28.71118933	-30.97816058	-33.5388649	-36.57400147	-19.51463374	-20.85732761	-22.41779144	-24.09413398	-25.87046873	-27.76250514	-29.81399433	-32.09765819	-34.71831174	-23.53293334	-24.65325507	-26.04659858	-27.64214014	-29.42436739	-31.44475849	-33.7651128	-27.61196657	-28.67055047	-30.05704613	-31.74566059	-33.7534209
	14450000	-27.12346942	-28.17642749	-29.56043383	-31.23173937	-33.24761892	-23.05463258	-24.17649934	-25.5594464	-27.14840804	-28.92590336	-30.94340792	-33.25473497	-19.04178789	-20.37152189	-21.92337591	-23.59301429	-25.36580268	-27.25683985	-29.29871749	-31.5844421	-34.20361807	-14.68746223	-16.500428	-18.38027957	-20.29265542	-22.19852803	-24.12652561	-26.10349128	-28.20522255	-30.46248139	-33.01239431	-36.03440863	-12.31574352	-14.84642609	-17.14968085	-19.30423676	-21.36175942	-23.37792604	-25.43260206	-27.55533798	-29.82719015	-32.33882622	-35.28873825	-11.43055523	-14.25842937	-16.71349182	-18.95509118	-21.07553776	-23.1389829	-25.20729071	-27.33234952	-29.61292558	-32.11937908	-35.04555623	-12.26858263	-14.82136362	-17.12874326	-19.28533176	-21.34899513	-23.37689304	-25.41988609	-27.54437762	-29.81675083	-32.34389308	-35.28627833	-14.61569277	-16.4518657	-18.35771971	-20.26773298	-22.17410773	-24.10702269	-26.08986231	-28.1792186	-30.45226612	-33.0098528	-36.03719295	-18.98462086	-20.32774857	-21.8868349	-23.56340807	-25.34314841	-27.23462121	-29.28398909	-31.5671233	-34.18749601	-23.00252346	-24.124804	-25.514522	-27.11148837	-28.89429326	-30.91169941	-33.23805713	-27.08158015	-28.14244939	-29.52739112	-31.21439602	-33.22655576
	15300000	-26.60241928	-27.65240877	-29.03684563	-30.71661611	-32.72810331	-22.53265447	-23.65525189	-25.0383449	-26.62689846	-28.40451276	-30.42187463	-32.73379388	-18.51901856	-19.85010327	-21.40317239	-23.07456018	-24.84535976	-26.73625195	-28.77542652	-31.06204467	-33.68023737	-14.16460368	-15.97905159	-17.86124972	-19.77285452	-21.68058822	-23.6070876	-25.58740519	-27.68753491	-29.94342515	-32.49450395	-35.51950352	-11.79261042	-14.32536882	-16.6295244	-18.78508935	-20.8435732	-22.85943556	-24.91446277	-27.03540248	-29.3060325	-31.81926691	-34.76485485	-10.907974	-13.73740705	-16.19353945	-18.43556374	-20.55743554	-22.61934022	-24.68778624	-26.81684731	-29.09131926	-31.59629575	-34.52788945	-11.74529665	-14.29844001	-16.60849279	-18.76655002	-20.82966919	-22.86010366	-24.90073055	-27.02492448	-29.29803363	-31.82355048	-34.76200106	-14.09365155	-15.93057548	-17.8373499	-19.7489742	-21.65694958	-23.58805527	-25.57031207	-27.66303861	-29.93146785	-32.48784724	-35.51492545	-18.46274461	-19.8079783	-21.36722014	-23.04491077	-24.82381931	-26.71185779	-28.7626927	-31.0471948	-33.66204334	-22.48326071	-23.60530842	-24.99353349	-26.59211104	-28.3769794	-30.3905811	-32.71300022	-26.56099374	-27.62047617	-29.00734648	-30.69168031	-32.6996959
	16150000	-26.11070626	-27.16069422	-28.54808534	-30.22616006	-32.23643459	-22.04183963	-23.16485087	-24.54795118	-26.13787393	-27.91362495	-29.93430804	-32.24038463	-18.02864739	-19.36065967	-20.91301487	-22.58529898	-24.35760531	-26.24975457	-28.28818762	-30.57204424	-33.19315603	-13.67202624	-15.48838113	-17.3722075	-19.28437516	-21.19182869	-23.12039279	-25.09737286	-27.19811617	-29.45430679	-32.00460396	-35.02548447	-11.30109097	-13.83461688	-16.14078313	-18.29794361	-20.35502784	-22.37136872	-24.42616401	-26.54879291	-28.81834626	-31.32866648	-34.27461642	-10.41609519	-13.2472552	-15.70439966	-17.94701172	-20.06900846	-22.13286026	-24.19958857	-26.32724513	-28.6015507	-31.11100977	-34.03609693	-11.25421348	-13.80919136	-16.12104253	-18.27883347	-20.34238287	-22.37113688	-24.41427206	-26.53896955	-28.80818577	-31.33485705	-34.27596211	-13.60100335	-15.44005166	-17.34750159	-19.25929568	-21.16850294	-23.10001139	-25.08348403	-27.17433877	-29.44130089	-32.00009328	-35.02876505	-17.97335832	-19.31850811	-20.87884799	-22.55616578	-24.33366702	-26.22501094	-28.27561646	-30.556822	-33.17590499	-21.99326015	-23.1152974	-24.50642472	-26.10309849	-27.88764046	-29.90303217	-32.22079856	-26.06993108	-27.13102496	-28.51655204	-30.2013862	-32.21123028
	17000000	-25.65094324	-26.70021132	-28.08695708	-29.76701672	-31.77370152	-21.5804375	-22.70506139	-24.08896736	-25.67721051	-27.45468171	-29.47313125	-31.78042353	-17.56758732	-18.9021139	-20.45381301	-22.12811661	-23.89846834	-25.79212084	-27.83104544	-30.11498358	-32.7308403	-13.21106477	-15.02929682	-16.914157	-18.82585411	-20.73369565	-22.66432947	-24.64143612	-26.74066105	-28.99795343	-31.54280866	-34.56850103	-10.83917222	-13.37576479	-15.68299229	-17.84040112	-19.89766196	-21.91526578	-23.96853612	-26.09094441	-28.36360059	-30.86992068	-33.8146066	-9.954939463	-12.78749824	-15.24654201	-17.49031996	-19.61141752	-21.67449842	-23.74226917	-25.87207041	-28.1431834	-30.65388421	-33.57598195	-10.79197956	-13.34831616	-15.66223914	-17.82072971	-19.88503868	-21.91446624	-23.95609376	-26.07986281	-28.35369446	-30.87740994	-33.8124627	-13.1396223	-14.97956725	-16.88916124	-18.8014236	-20.71130389	-22.64338879	-24.62787704	-26.716389	-28.98402912	-31.53887704	-34.56601229	-17.51302516	-18.85957476	-20.42016825	-22.09637357	-23.87923575	-25.76784284	-27.81696103	-30.09877417	-32.71661728	-21.53306646	-22.65686711	-24.04862099	-25.64288222	-27.43042966	-29.44321671	-31.76328201	-25.60964885	-26.6677816	-28.05501356	-29.7425345	-31.74861626
	17850000	-25.19971405	-26.25166498	-27.63706363	-29.314857	-31.32544534	-21.13058967	-22.25599829	-23.64009319	-25.23118762	-27.00753554	-29.02520929	-31.33145428	-17.11768209	-18.45228062	-20.00657116	-21.68031922	-23.45082886	-25.34466402	-27.38517034	-29.66562848	-32.28196988	-12.75978408	-14.58013027	-16.46648636	-18.37900888	-20.28768915	-22.21731261	-24.19528972	-26.2929908	-28.55287201	-31.09380294	-34.12107321	-10.38897208	-12.92631211	-15.23536365	-17.3931278	-19.45004565	-21.46866817	-23.5223479	-25.64259243	-27.91497852	-30.42555824	-33.36841767	-9.50446049	-12.33890563	-14.79937651	-17.04246455	-19.1646542	-21.22854015	-23.29770854	-25.42480339	-27.69751167	-30.20411826	-33.1236969	-10.34174605	-12.89987882	-15.21521396	-17.3739788	-19.43834253	-21.46901452	-23.51053104	-25.63327728	-27.90515859	-30.42645512	-33.36085334	-12.68837832	-14.53024093	-16.44117569	-18.35409472	-20.26608049	-22.19629095	-24.18115095	-26.27023307	-28.5366767	-31.0897342	-34.11539662	-17.06463236	-18.41112022	-19.97209019	-21.64970318	-23.43051694	-25.3206691	-27.36757848	-29.6497144	-32.26508981	-21.08477037	-22.20911398	-23.5996729	-25.19666806	-26.98262323	-28.99442416	-31.31282891	-25.16000416	-26.22035797	-27.60603113	-29.29100761	-31.30134652
	18700000	-24.77029039	-25.8229901	-27.21062053	-28.89004067	-30.89593872	-20.70331766	-21.82962545	-23.21270008	-24.80441043	-26.58057301	-28.597102	-30.90503723	-16.69071252	-18.02714609	-19.58160952	-21.25598502	-23.02631308	-24.91994716	-26.96084083	-29.24180972	-31.8518068	-12.33160189	-14.15521781	-16.04248716	-17.95538589	-19.86431428	-21.79426766	-23.7713149	-25.86867997	-28.12617603	-30.66727758	-33.69200204	-9.961068824	-12.50079114	-14.81102218	-16.97102371	-19.02766056	-21.04839996	-23.09941804	-25.21891029	-27.48972823	-29.99859689	-32.93808866	-9.077130418	-11.91301727	-14.37534514	-16.61981722	-18.74163271	-20.80541457	-22.87329089	-25.00123943	-27.27209591	-29.78100867	-32.69779784	-9.913544054	-12.47391444	-14.79092253	-16.95057816	-19.01469082	-21.04530895	-23.08692516	-25.21179204	-27.48171075	-30.00180878	-32.9357149	-12.26074726	-14.10353898	-16.01616736	-17.93054118	-19.84211372	-21.77230525	-23.75908611	-25.84603837	-28.11169536	-30.66463495	-33.69169258	-16.63821266	-17.98686738	-19.54757724	-21.22701393	-23.00653535	-24.89822561	-26.94500072	-29.22504372	-31.83881542	-20.65827129	-21.78536125	-23.17487645	-24.76959483	-26.55693027	-28.5683807	-30.88727168	-24.73289225	-25.79239132	-27.18021666	-28.86626071	-30.87521534
	19550000	-24.37023198	-25.42075773	-26.80701274	-28.48833217	-30.49401182	-20.30056624	-21.42719483	-22.81115331	-24.40129669	-26.17932859	-28.19426926	-30.49907719	-16.28821645	-17.62518374	-19.17896406	-20.85321646	-22.62291018	-24.51796102	-26.56051599	-28.83922858	-31.45153471	-11.92935006	-13.75218075	-15.64000382	-17.55324582	-19.4626202	-21.39350341	-23.37203889	-25.46712884	-27.725812	-30.26709497	-33.28875331	-9.558790563	-12.09832096	-14.40913344	-16.56898212	-18.62577849	-20.64665824	-22.69707524	-24.81811338	-27.08805166	-29.59575149	-32.53728535	-8.674890218	-11.51071671	-13.97312005	-16.21670084	-18.33943482	-20.40404832	-22.4730231	-24.6034439	-26.87186	-29.37881234	-32.29561201	-9.511687933	-12.07122261	-14.38961976	-16.54879993	-18.61245584	-20.64362006	-22.68500031	-24.81162704	-27.08002872	-29.60187462	-32.53472548	-11.8580049	-13.70173102	-15.61376685	-17.52947003	-19.44098516	-21.37072904	-23.35816493	-25.44403417	-27.70909832	-30.26122841	-33.28724092	-16.23656177	-17.58603299	-19.14649827	-20.82460626	-22.60611718	-24.49666016	-26.54294751	-28.82346807	-31.43821802	-20.25879042	-21.38311189	-22.77318694	-24.36936554	-26.15647944	-28.16533574	-30.48535951	-24.3318312	-25.39185967	-26.77776147	-28.46252203	-30.47231208
	20400000	-24.04790858	-25.09972898	-26.48462974	-28.16781274	-30.17330612	-19.9777354	-21.10219049	-22.48672473	-24.07570905	-25.85398941	-27.86884057	-30.17928243	-15.96519536	-17.30114368	-18.85426113	-20.5283069	-22.2985042	-24.19335086	-26.2355002	-28.5155337	-31.12748395	-11.60743949	-13.42910458	-15.31626153	-17.22727292	-19.13676777	-21.06816995	-23.04531519	-25.14010668	-27.39934786	-29.94462196	-32.96759643	-9.234998552	-11.7733555	-14.08336395	-16.24250699	-18.29866495	-20.31990215	-22.37117173	-24.49170316	-26.76304251	-29.27629934	-32.21533859	-8.351258173	-11.18575869	-13.64878488	-15.89031944	-18.01254539	-20.07644865	-22.14584086	-24.27527955	-26.54760921	-29.05689642	-31.97318191	-9.188214768	-11.74659127	-14.06413379	-16.22233173	-18.28650588	-20.31802358	-22.3600025	-24.48654952	-26.75759205	-29.27308209	-32.21320365	-11.53628978	-13.37736858	-15.28972252	-17.20362254	-19.11525989	-21.04432274	-23.03351552	-25.1205197	-27.38886689	-29.93907403	-32.96644491	-15.91499795	-17.26233809	-18.82153439	-20.49927386	-22.28161594	-24.17103317	-26.21889878	-28.5000139	-31.11570591	-19.93732276	-21.0624219	-22.45040271	-24.04538063	-25.83313289	-27.84334034	-30.16245351	-24.01221322	-25.06993175	-26.45652065	-28.14256952	-30.15207779
	21250000	-23.82540413	-24.87290668	-26.258048	-27.94154668	-29.94674314	-19.75030488	-20.87405836	-22.25666575	-23.84693467	-25.6250459	-27.64134359	-29.95116264	-15.7391678	-17.07348463	-18.62394005	-20.2976237	-22.06684831	-23.96370547	-26.00661238	-28.28938387	-30.90204535	-11.38246443	-13.20169397	-15.08874135	-16.99640446	-18.90730084	-20.83654851	-22.81532288	-24.90991797	-27.17243566	-29.71874748	-32.74662279	-9.008781921	-11.54479897	-13.85479059	-16.01113016	-18.06610821	-20.08892935	-22.14005139	-24.26093279	-26.53271953	-29.04756944	-31.98959619	-8.125158399	-10.95725207	-13.4191399	-15.65959467	-17.78029981	-19.84387441	-21.91533456	-24.04686777	-26.31737809	-28.82947332	-31.74763639	-8.962765592	-11.51825882	-13.83568504	-15.99275414	-18.05477245	-20.08685978	-22.12922949	-24.25764756	-26.52599654	-29.04775857	-31.98639162	-11.31166577	-13.15012802	-15.0601639	-16.97397061	-18.88504418	-20.81322996	-22.80348114	-24.89109216	-27.1589438	-29.71090532	-32.74195362	-15.69024132	-17.03575763	-18.59339625	-20.26999901	-22.05166622	-23.9408887	-25.98953512	-28.27277954	-30.89161485	-19.71223266	-20.83570863	-22.22207094	-23.81765635	-25.60703695	-27.61678812	-29.93618943	-23.78711546	-24.84560352	-26.23022792	-27.91533349	-29.92875804
