BPM Serial No.	16elec																																																																																																	
BPM Size	110																																																																																																	
"Experi,menter"	Toyama      Hanamura      Kawachi      																																																																																																	
Meas. Start Time	2019/08/2914:39																																																																																																	
Meas. Finish Time	2019/08/2915:27																																																																																																	
Linear Scale Origin X(mm)	-99.334																																																																																																	
Linear Scale Origin Y(mm)	88.445																																																																																																	
note																																																																																																		
																																																																																																		
																																																																																																		
Data Point Number		1	2	3	4	5	6	7	8	9	10	11	12	13	14	15	16	17	18	19	20	21	22	23	24	25	26	27	28	29	30	31	32	33	34	35	36	37	38	39	40	41	42	43	44	45	46	47	48	49	50	51	52	53	54	55	56	57	58	59	60	61	62	63	64	65	66	67	68	69	70	71	72	73	74	75	76	77	78	79	80	81	82	83	84	85	86	87	88	89	90	91	92	93	94	95	96	97
Linear Scale X (mm)		-119.336	-109.338	-99.337	-89.336	-79.335	-129.337	-119.338	-109.338	-99.337	-89.336	-79.335	-69.334	-139.338	-129.339	-119.339	-109.338	-99.337	-89.336	-79.335	-69.334	-59.333	-149.339	-139.341	-129.339	-119.339	-109.338	-99.337	-89.337	-79.335	-69.334	-59.333	-49.332	-149.339	-139.341	-129.339	-119.339	-109.338	-99.337	-89.336	-79.335	-69.334	-59.333	-49.332	-149.339	-139.341	-129.339	-119.338	-109.338	-99.337	-89.336	-79.335	-69.334	-59.333	-49.332	-149.339	-139.341	-129.339	-119.339	-109.338	-99.337	-89.336	-79.335	-69.334	-59.333	-49.332	-149.339	-139.341	-129.339	-119.339	-109.338	-99.337	-89.337	-79.335	-69.334	-59.333	-49.332	-139.338	-129.339	-119.338	-109.338	-99.337	-89.336	-79.335	-69.334	-59.333	-129.337	-119.338	-109.338	-99.337	-89.336	-79.335	-69.334	-119.336	-109.338	-99.337	-89.336	-79.335
Linear Scale Y (mm)		38.449	38.449	38.449	38.449	38.449	48.445	48.445	48.445	48.445	48.445	48.445	48.445	58.444	58.444	58.444	58.444	58.444	58.444	58.444	58.444	58.444	68.444	68.444	68.444	68.444	68.444	68.444	68.444	68.444	68.444	68.444	68.444	78.443	78.443	78.443	78.443	78.443	78.443	78.443	78.443	78.443	78.443	78.443	88.443	88.443	88.443	88.443	88.443	88.443	88.443	88.443	88.443	88.443	88.443	98.442	98.443	98.443	98.443	98.443	98.443	98.442	98.442	98.443	98.443	98.443	108.443	108.443	108.443	108.443	108.443	108.443	108.443	108.443	108.443	108.443	108.443	118.442	118.442	118.442	118.442	118.442	118.442	118.442	118.442	118.442	128.442	128.442	128.442	128.442	128.442	128.442	128.442	138.442	138.442	138.442	138.442	138.442
R(beam)[mm]		20.002	10.004	0.003	-9.998	-19.999	30.003	20.004	10.004	0.003	-9.998	-19.999	-30	40.004	30.005	20.005	10.004	0.003	-9.998	-19.999	-30	-40.001	50.005	40.007	30.005	20.005	10.004	0.003	-9.997	-19.999	-30	-40.001	-50.002	50.005	40.007	30.005	20.005	10.004	0.003	-9.998	-19.999	-30	-40.001	-50.002	50.005	40.007	30.005	20.004	10.004	0.003	-9.998	-19.999	-30	-40.001	-50.002	50.005	40.007	30.005	20.005	10.004	0.003	-9.998	-19.999	-30	-40.001	-50.002	50.005	40.007	30.005	20.005	10.004	0.003	-9.997	-19.999	-30	-40.001	-50.002	40.004	30.005	20.004	10.004	0.003	-9.998	-19.999	-30	-40.001	30.003	20.004	10.004	0.003	-9.998	-19.999	-30	20.002	10.004	0.003	-9.998	-19.999
Y(beam)[mm]		-49.996	-49.996	-49.996	-49.996	-49.996	-40	-40	-40	-40	-40	-40	-40	-30.001	-30.001	-30.001	-30.001	-30.001	-30.001	-30.001	-30.001	-30.001	-20.001	-20.001	-20.001	-20.001	-20.001	-20.001	-20.001	-20.001	-20.001	-20.001	-20.001	-10.002	-10.002	-10.002	-10.002	-10.002	-10.002	-10.002	-10.002	-10.002	-10.002	-10.002	-0.002	-0.002	-0.002	-0.002	-0.002	-0.002	-0.002	-0.002	-0.002	-0.002	-0.002	9.997	9.998	9.998	9.998	9.998	9.998	9.997	9.997	9.998	9.998	9.998	19.998	19.998	19.998	19.998	19.998	19.998	19.998	19.998	19.998	19.998	19.998	29.997	29.997	29.997	29.997	29.997	29.997	29.997	29.997	29.997	39.997	39.997	39.997	39.997	39.997	39.997	39.997	49.997	49.997	49.997	49.997	49.997
Net Ana Temperature[℃]		22.41728123	22.4101558	22.38637237	22.38526616	22.39518307	22.4016697	22.38973773	22.37244092	22.37052454	22.37348221	22.36602441	22.38257076	22.34822903	22.3303142	22.31984939	22.31886783	22.3181745	22.33098156	22.33604778	22.32691768	22.32186705	22.34720332	22.34224098	22.34320436	22.36994547	22.36490522	22.37721111	22.38132173	22.39915347	22.41557777	22.41673591	22.4069852	22.39651779	22.39738509	22.40551805	22.38834588	22.36471306	22.32999221	22.31929109	22.33094781	22.32992729	22.32105167	22.31735913	22.34253441	22.33577512	22.31737211	22.31466632	22.31657232	22.30276811	22.28901065	22.28945469	22.29522462	22.28281485	22.29368995	22.32520125	22.33470787	22.32813295	22.31932745	22.31869904	22.31546611	22.30997923	22.28169566	22.27577772	22.27566087	22.29595949	22.31150091	22.31888081	22.33955596	22.34669956	22.3443677	22.33974292	22.32749156	22.2939678	22.25604518	22.26967801	22.27915087	22.27656972	22.28391067	22.28423526	22.29092444	22.30083874	22.2845209	22.29626331	22.30770709	22.28457024	22.25140743	22.2484134	22.26966762	22.26160478	22.24011945	22.23673332	22.24742664	22.21260712	22.20937679	22.20525318	22.19743963	22.20591535
BPM Temperature[℃]		20.38390029	20.38558816	20.36533368	20.36980005	20.36857959	20.33609452	20.35990652	20.37883667	20.35544015	20.34359907	20.31002337	20.30283043	20.32747338	20.40215528	20.39511815	20.40693326	20.3900026	20.35933524	20.36128278	20.35959491	20.3604778	20.34471566	20.33965204	20.34074266	20.40116853	20.52363023	20.61931966	20.64967541	20.67938198	20.64616983	20.58628928	20.55759543	20.46226954	20.41874838	20.39028824	20.35458323	20.31030901	20.28392625	20.28013503	20.29719553	20.30490782	20.29945469	20.33799013	20.36146455	20.35344066	20.35172682	20.34253441	20.35120748	20.3648403	20.37855103	20.369047	20.36857959	20.39153467	20.37613607	20.38758764	20.4030122	20.39901324	20.40462218	20.41485328	20.38374448	20.36169826	20.34946767	20.33354973	20.32311088	20.34687094	20.40553103	20.40654375	20.41300961	20.40109063	20.38860036	20.35240197	20.32113737	20.30192158	20.30955596	20.31371072	20.29833809	20.37613607	20.37501948	20.36312646	20.36452869	20.36452869	20.35120748	20.34868865	20.32630486	20.32207219	20.32734355	20.31609971	20.31745001	20.29670216	20.30830953	20.30633602	20.31900805	20.28434173	20.28073228	20.27488964	20.29509218	20.25993249
Frequency (Hz) / Data (dB)	850000	-37.10748115	-34.84390277	-33.96912389	-34.87154768	-37.21652856	-41.53822905	-39.05084991	-37.42534286	-36.82353607	-37.42792407	-39.07536186	-41.58959494	-45.53383582	-42.8911405	-40.90226502	-39.73758843	-39.31342604	-39.73749954	-40.96402177	-42.95703105	-45.55383994	-49.63332406	-46.62027926	-44.43113952	-42.83483217	-41.87030778	-41.56446046	-41.87323176	-42.84713292	-44.42746571	-46.6233601	-49.58775268	-50.62509165	-48.07290285	-46.1381234	-44.80678729	-43.95086203	-43.63611658	-43.90463885	-44.74394852	-46.09015896	-48.04914224	-50.63227955	-51.99593329	-49.61447517	-47.88134088	-46.69160594	-45.9589079	-45.67691746	-45.93624015	-46.69174746	-47.83483594	-49.65161672	-52.08906529	-53.70823193	-51.44273342	-49.79737392	-48.67687898	-47.93160524	-47.71470413	-47.96487612	-48.63761518	-49.83591833	-51.44715757	-53.68557381	-55.70330228	-53.42730675	-51.83867047	-50.70848378	-50.12144221	-49.95213588	-50.01459235	-50.75564709	-51.85631412	-53.48652188	-55.77517085	-55.756587	-54.03656519	-53.03456455	-52.38207671	-52.13349721	-52.40518831	-53.01924054	-54.11233448	-55.67423515	-56.74663606	-55.60975929	-54.9884255	-54.77279441	-54.93861721	-55.61032648	-56.76402092	-58.68334788	-57.94605866	-57.67726698	-57.86446266	-58.72546473
	1700000	-31.24943501	-28.9581864	-28.09619508	-28.98167008	-31.33600128	-35.63212329	-33.1402704	-31.52764752	-30.93545957	-31.54350874	-33.1805764	-35.68347171	-39.62735181	-36.98213445	-35.01825602	-33.83518778	-33.43037778	-33.84635805	-35.06987832	-37.02518906	-39.63522122	-43.66308842	-40.71937489	-38.53708839	-36.96011665	-35.98170973	-35.65498464	-35.99046645	-36.94787487	-38.58357746	-40.76068656	-43.68595089	-44.69781811	-42.15632701	-40.22710101	-38.86092132	-38.05118931	-37.77157373	-38.06407788	-38.8963907	-40.23192246	-42.18127473	-44.77164888	-46.12139026	-43.75762433	-41.99447457	-40.78783572	-40.07552227	-39.80242973	-40.08157058	-40.80326175	-41.99375192	-43.7704328	-46.14655731	-47.79326479	-45.53647658	-43.88156089	-42.7706435	-42.08482301	-41.85481506	-42.12569453	-42.77544472	-43.91411428	-45.55640776	-47.84029197	-49.78166582	-47.48657031	-45.87778487	-44.80430102	-44.22274773	-44.01124219	-44.18888999	-44.85213523	-45.93509952	-47.545404	-49.81251257	-49.81794733	-48.20930636	-47.09945179	-46.47614455	-46.23900503	-46.48249998	-47.10890414	-48.20599099	-49.79916216	-50.75025658	-49.59742947	-48.9505302	-48.75380245	-48.95278001	-49.62403525	-50.77056622	-52.60075448	-51.85488106	-51.60892751	-51.82921017	-52.58358547
	2550000	-27.92912733	-25.62930957	-24.77005032	-25.65135145	-28.01162992	-32.31229018	-29.8168097	-28.19898684	-27.61251473	-28.21449508	-29.85725514	-32.36866481	-36.31369652	-33.66997626	-31.70175992	-30.50888365	-30.09923796	-30.52092512	-31.74834002	-33.70974452	-36.33188495	-40.36039562	-37.41517958	-35.21846449	-33.63688147	-32.65747736	-32.33071027	-32.66633003	-33.63757344	-35.2649059	-37.45189031	-40.39124839	-41.39757933	-38.84595249	-36.90657513	-35.5383435	-34.72608066	-34.44506348	-34.7398527	-35.57069119	-36.91755148	-38.86868736	-41.47047509	-42.81240723	-40.44157385	-38.68085685	-37.47294556	-36.75115487	-36.48895101	-36.75690214	-37.48031026	-38.68109445	-40.44877873	-42.84590855	-44.48256265	-42.22210941	-40.56680382	-39.45407258	-38.76657959	-38.54331701	-38.79764578	-39.4538435	-40.59721539	-42.25050769	-44.53131167	-46.47570508	-44.1896616	-42.58356671	-41.4973223	-40.90186942	-40.69838013	-40.87310026	-41.54041339	-42.62934962	-44.24183411	-46.51435455	-46.50914168	-44.87693094	-43.78289857	-43.16507307	-42.93226122	-43.16360715	-43.80212053	-44.89198705	-46.51106189	-47.46405933	-46.29347358	-45.65720953	-45.45029486	-45.64343943	-46.3164717	-47.48688437	-49.30122677	-48.57048599	-48.33308816	-48.5525163	-49.32384824
	3400000	-25.5986562	-23.28838988	-22.43081523	-23.31271704	-25.67818723	-29.98083781	-27.48164071	-25.86025176	-25.27427193	-25.87492664	-27.51957026	-30.0350975	-33.98455585	-31.33531298	-29.36739898	-28.16983842	-27.75884786	-28.17958853	-29.40883328	-31.37570026	-34.00645836	-38.03451874	-35.09117831	-32.88715345	-31.29985839	-30.31854844	-29.99235118	-30.32642059	-31.30456425	-32.92904944	-35.12684775	-38.06875563	-39.07865113	-36.51203281	-34.57213834	-33.2057596	-32.38919708	-32.10767726	-32.39713425	-33.23202294	-34.58749553	-36.53303329	-39.14141475	-40.48625807	-38.10718355	-36.34671565	-35.134071	-34.41508428	-34.15385246	-34.41784682	-35.14657453	-36.35096638	-38.12193763	-40.52071336	-42.15851666	-39.8887611	-38.23526528	-37.11790932	-36.43269732	-36.21044846	-36.45532522	-37.11979226	-38.2631738	-39.91455728	-42.20441229	-44.15435263	-41.86507261	-40.25580671	-39.17111772	-38.56773249	-38.36452192	-38.53903141	-39.20556328	-40.29056797	-41.91233262	-44.19530779	-44.18836906	-42.5424792	-41.45896323	-40.83051377	-40.59541818	-40.83489588	-41.4710228	-42.56620955	-44.18406554	-45.13671419	-43.97460975	-43.32534042	-43.11944844	-43.32519115	-43.99806658	-45.16401409	-46.97160544	-46.24792746	-46.01439918	-46.22229923	-46.9967888
	4250000	-23.7947091	-21.48074095	-20.6243353	-21.50494946	-23.87334713	-28.17723591	-25.67348171	-24.05047292	-23.46595989	-24.06538178	-25.71219212	-28.23077019	-32.18318111	-29.52930922	-27.56127213	-26.35980137	-25.9493557	-26.37106905	-27.60171426	-29.5713077	-32.20889431	-36.23977236	-33.2879431	-31.07856505	-29.488835	-28.50693914	-28.18091906	-28.51564667	-29.49674816	-31.12219669	-33.32526529	-36.27614102	-37.27936082	-34.70801501	-32.7630109	-31.39763594	-30.57735706	-30.29759201	-30.58733295	-31.4238235	-32.77949617	-34.73172141	-37.33950492	-38.68640304	-36.30214989	-34.54041655	-33.3266232	-32.60581238	-32.34438968	-32.60882434	-33.33715128	-34.54699079	-36.31552223	-38.72334735	-40.36174451	-38.08516375	-36.430117	-35.30889209	-34.62570901	-34.40185531	-34.64516955	-35.31401888	-36.45682204	-38.11692966	-40.39976351	-42.35933136	-40.0680439	-38.45305685	-37.36212491	-36.76044712	-36.55344467	-36.732499	-37.39887399	-38.49027995	-40.11413856	-42.39871829	-42.38596283	-40.73737475	-39.65406274	-39.02440656	-38.79278911	-39.02657551	-39.66340924	-40.76384644	-42.38874066	-43.34237153	-42.17287269	-41.5194937	-41.31661719	-41.52776324	-42.19349625	-43.36338072	-45.18150114	-44.45011668	-44.21514027	-44.4306598	-45.20006834
	5100000	-22.32941786	-20.01009698	-19.15400681	-20.03432628	-22.40617477	-26.70896255	-24.20353374	-22.57750119	-21.99556702	-22.5934163	-24.24080671	-26.76303979	-30.71631874	-28.05943643	-26.09082897	-24.88647043	-24.47321006	-24.89682839	-26.12941113	-28.10256912	-30.74571829	-34.77834051	-31.82252604	-29.607076	-28.01601407	-27.03215608	-26.70661967	-27.04151754	-28.02463543	-29.64894556	-31.85957217	-34.81028888	-35.81780864	-33.23997052	-31.29358973	-29.92343729	-29.10327515	-28.8217222	-29.11157011	-29.94859468	-31.3081293	-33.26158191	-35.87495696	-37.22081	-34.82851358	-33.0677879	-31.85272558	-31.13027171	-30.87133169	-31.13617963	-31.86098076	-33.0775932	-34.84932667	-37.25808606	-38.89450499	-36.6154654	-34.96100155	-33.83164115	-33.15247786	-32.93098806	-33.17087882	-33.8399644	-34.98690325	-36.64352506	-38.93318694	-40.89729607	-38.59889149	-36.98316459	-35.89526461	-35.28214264	-35.08292632	-35.26392854	-35.92770461	-37.02083733	-38.6455472	-40.93687567	-40.91726787	-39.26901579	-38.18126893	-37.54993226	-37.32308137	-37.55345137	-38.19278183	-39.29518569	-40.92244703	-41.87511935	-40.70836707	-40.05747989	-39.84593627	-40.05503557	-40.729272	-41.90105614	-43.71941561	-42.98671299	-42.75994169	-42.96064355	-43.73644744
	5950000	-21.11517699	-18.79257476	-17.93642923	-18.81767085	-21.19058758	-25.494568	-22.98526654	-21.35764355	-20.77504901	-21.37336281	-23.02405709	-25.54823666	-29.50327365	-26.84243712	-24.87188086	-23.66578878	-23.25230322	-23.67626678	-24.91050324	-26.88489232	-29.53357898	-33.56617571	-30.6099394	-28.38891355	-26.79397339	-25.81093119	-25.48458002	-25.81913321	-26.80551609	-28.4305837	-30.6430792	-33.60061414	-34.60833094	-32.02200692	-30.07414887	-28.70331809	-27.88068772	-27.59777838	-27.88875443	-28.72611507	-30.09052579	-32.04597375	-34.66083644	-36.00744048	-33.61676535	-31.84732732	-30.63150706	-29.90903538	-29.64960032	-29.91329672	-30.64140654	-31.85919014	-33.63220063	-36.04694765	-37.68218827	-35.40139297	-33.73900691	-32.61513967	-31.93301566	-31.70977787	-31.95146988	-32.61865652	-33.76694445	-35.42880672	-37.71988444	-39.68548095	-37.38016627	-35.76727115	-34.67618641	-34.06155861	-33.86181686	-34.04416535	-34.71105112	-35.8034593	-37.43316426	-39.72829411	-39.70404172	-38.0540278	-36.96367404	-36.33189393	-36.10705091	-36.3322768	-36.97240315	-38.08104515	-39.71252056	-40.66233278	-39.4876868	-38.84124838	-38.63228545	-38.84495127	-39.51273238	-40.68870419	-42.50647114	-41.77088258	-41.53420219	-41.75392215	-42.52384746
	6800000	-20.09597557	-17.77004664	-16.9146442	-17.79556117	-20.17037395	-24.47223074	-21.95981104	-20.33132541	-19.75071453	-20.34628218	-21.99886962	-24.52625645	-28.48118773	-25.81663618	-23.84522167	-22.6363132	-22.22271621	-22.64755036	-23.88304797	-25.86073398	-28.51292742	-32.54718768	-29.58735074	-27.36352872	-25.76543976	-24.78122481	-24.45456111	-24.79031528	-25.77812663	-27.40442442	-29.62137738	-32.58110483	-33.58960114	-30.99712587	-29.04846847	-27.67467262	-26.84970803	-26.56915881	-26.85878504	-27.69662333	-29.06435237	-31.01987397	-33.64175003	-34.98433111	-32.58683587	-30.8189421	-29.60147952	-28.87880928	-28.62095516	-28.88439317	-29.61179033	-30.83223646	-32.60796384	-35.02583844	-36.66345619	-34.37498682	-32.71075283	-31.58441026	-30.90345341	-30.6793925	-30.92029081	-31.59129131	-32.73866309	-34.40432344	-36.70236493	-38.66634771	-36.36208562	-34.74205073	-33.64739591	-33.03538665	-32.83281585	-33.01448975	-33.6811565	-34.77665239	-36.4143544	-38.70298988	-38.68223251	-37.02885938	-35.93608391	-35.30571904	-35.08256271	-35.30553798	-35.94838843	-37.05333579	-38.69490569	-39.64102289	-38.47036592	-37.81531295	-37.61130149	-37.81822736	-38.48586353	-39.66673743	-41.49136088	-40.75803206	-40.51738272	-40.73474138	-41.5004401
	7650000	-19.24117865	-16.91209703	-16.0576166	-16.93880361	-19.31411321	-23.61532351	-21.10024158	-19.47005933	-18.88971861	-19.48504985	-21.13852057	-23.66888521	-27.62670797	-24.95716621	-22.98471076	-21.77300571	-21.35814841	-21.78499329	-23.02112163	-25.00112401	-27.65799019	-31.69352188	-28.72868301	-26.50105598	-24.90111769	-23.91689803	-23.59055035	-23.92677904	-24.91592061	-26.54350898	-28.76615259	-31.72600415	-32.73567917	-30.1375268	-28.18431375	-26.8102063	-25.98413736	-25.70264664	-25.99301693	-26.83241201	-28.20102267	-30.16051122	-32.7859149	-34.12839227	-31.72849062	-29.95858718	-28.73882473	-28.01094802	-27.75691732	-28.01597249	-28.74711494	-29.96983295	-31.74941701	-34.16872223	-35.80587846	-33.51306505	-31.85126321	-30.71967954	-30.03760183	-29.8159289	-30.05513309	-30.72627277	-31.87632745	-33.54400999	-35.84717731	-37.80927495	-35.5041616	-33.88254439	-32.78764365	-32.17026789	-31.96769508	-32.15565397	-32.81920631	-33.91585107	-35.55347095	-37.854523	-37.83066929	-36.16713362	-35.07290151	-34.4465533	-34.22102432	-34.44303954	-35.08629477	-36.1945443	-37.83699648	-38.78527273	-37.61627844	-36.96031988	-36.74474445	-36.9550197	-37.63291976	-38.81061154	-40.63336959	-39.89840427	-39.66206356	-39.88193731	-40.65023769
	8500000	-18.52439819	-16.19153066	-15.33768479	-16.21918921	-18.59750732	-22.89643688	-20.37839954	-18.74650823	-18.16757975	-18.76199173	-20.41689321	-22.94943125	-26.90615309	-24.23438092	-22.26144615	-21.04732059	-20.63198389	-21.05921952	-22.29722679	-24.27954525	-26.94118488	-30.97729521	-28.00911721	-25.77876943	-24.17628366	-23.19143073	-22.86392438	-23.19922885	-24.19286959	-25.81793226	-28.04721594	-31.01374098	-32.01779012	-29.41574513	-27.46090554	-26.08455061	-25.25721873	-24.97536709	-25.26660509	-26.10551351	-27.47827023	-29.43908914	-32.06925907	-33.40867748	-31.00489534	-29.23383012	-28.0105047	-27.28369917	-27.02808488	-27.28978599	-28.02198447	-29.24683701	-31.02618645	-33.45006911	-35.08573227	-32.79249131	-31.12558488	-29.99287302	-29.31311502	-29.09087441	-29.32949339	-30.00023185	-31.15183918	-32.82313491	-35.1277008	-37.09324276	-34.78560063	-33.16088095	-32.06534942	-31.44243891	-31.24228359	-31.43144823	-32.09429198	-33.19351944	-34.82940507	-37.13527091	-37.10911882	-35.44545155	-34.35411435	-33.7200702	-33.49180147	-33.7182124	-34.36214252	-35.47389062	-37.1207785	-38.06796039	-36.89080574	-36.23264508	-36.02005508	-36.23465867	-36.91149589	-38.09109409	-39.9130107	-39.17787543	-38.94303575	-39.16043911	-39.93261401
	9350000	-17.90982967	-15.57469156	-14.72122669	-15.60293574	-17.98105248	-22.2804878	-19.75957767	-18.126931	-17.54807541	-18.14188198	-19.79774934	-22.3318295	-26.28946486	-23.61621253	-21.64298135	-20.42701023	-20.01045606	-20.43925082	-21.67781873	-23.66276538	-26.32662217	-30.36098856	-27.3934601	-25.15882953	-23.55414148	-22.56873128	-22.24074374	-22.57862176	-23.57218888	-25.19919252	-27.42978684	-30.39594232	-31.40429618	-28.79592587	-26.839978	-25.46377868	-24.6337781	-24.35148298	-24.64204618	-25.4832445	-26.85996467	-28.82133972	-31.45190195	-32.79327464	-30.38691742	-28.61130575	-27.38784545	-26.65913173	-26.40570881	-26.66509598	-27.39942384	-28.62634608	-30.40686562	-32.8334329	-34.4721219	-32.17320855	-30.50580966	-29.37135595	-28.69117796	-28.47073571	-28.70723201	-29.37986903	-30.53147862	-32.20253479	-34.5121555	-36.47755369	-34.16592439	-32.54118756	-31.44487455	-30.82094523	-30.61905935	-30.81104367	-31.47076453	-32.57191153	-34.213267	-36.52425911	-36.50055976	-34.82665749	-33.7326913	-33.09827459	-32.87346069	-33.10110895	-33.74319598	-34.85565281	-36.5061486	-37.45914329	-36.27469464	-35.6165379	-35.40702511	-35.61900514	-36.29291928	-37.47808364	-39.30743578	-38.56319795	-38.33121543	-38.55300036	-39.32158368
	10200000	-17.36062478	-15.02298001	-14.17043709	-15.05209717	-17.43155304	-21.72868785	-19.20785004	-17.57307025	-16.99657503	-17.58895109	-19.24678236	-21.78187562	-25.73943745	-23.0652112	-21.0903583	-19.87359706	-19.45560525	-19.88504752	-21.12465493	-23.11078606	-25.77847676	-29.812981	-26.84532396	-24.60770569	-22.99967185	-22.0150741	-21.6885252	-22.02392877	-23.02063924	-24.64709198	-26.87989643	-29.85162374	-30.85568065	-28.24548113	-26.28733882	-24.9090969	-24.07900332	-23.79822643	-24.08803701	-24.92901896	-26.30722775	-28.26922069	-30.90464762	-32.2444459	-29.83541831	-28.06017782	-26.83292708	-26.10579181	-25.85216506	-26.11159962	-26.8456798	-28.07401008	-29.85715676	-32.28742372	-33.92477486	-31.62046029	-29.95253342	-28.81694876	-28.13735175	-27.91884866	-28.152336	-28.82709511	-29.98076646	-31.6525085	-33.96424876	-35.93666834	-33.61549219	-31.98839014	-30.8937558	-30.26904177	-30.06431202	-30.26062338	-30.91665602	-32.02159518	-33.66387847	-35.9783029	-35.94784105	-34.27560498	-33.17982755	-32.54662416	-32.32495074	-32.54894593	-33.18798072	-34.30637127	-35.9652874	-36.90462744	-35.72472041	-35.06780251	-34.8546405	-35.06935804	-35.74376231	-36.93332569	-38.76017723	-38.01309008	-37.77611694	-38.00942441	-38.77342466
	11050000	-16.84121369	-14.50158046	-13.64931545	-14.53120826	-16.91059509	-21.20848377	-18.68731972	-17.0520167	-16.47475353	-17.06756432	-18.72469299	-21.26191635	-25.21966627	-22.54424582	-20.57064264	-19.35224846	-18.93391677	-19.36387688	-20.60444481	-22.59138132	-25.26084894	-29.2926884	-26.32680639	-24.08681212	-22.47953592	-21.49399025	-21.16682921	-21.50480114	-22.50118143	-24.12697337	-26.36168954	-29.3312801	-30.33506683	-27.72520829	-25.76572931	-24.38952692	-23.55840518	-23.27624675	-23.56547313	-24.40712397	-25.78778982	-27.74942648	-30.38419427	-31.72386386	-29.31363734	-27.53788702	-26.31169893	-25.58405043	-25.3313306	-25.59014441	-26.32519892	-27.55632141	-29.33673956	-31.76643177	-33.40383847	-31.09954784	-29.43091338	-28.29727328	-27.61808565	-27.39830373	-27.63067238	-28.30552749	-29.45940616	-31.13036115	-33.44548537	-35.41391019	-33.09704659	-31.47153869	-30.37391887	-29.74629438	-29.54394475	-29.74121741	-30.39613085	-31.50247547	-33.14367455	-35.45733176	-35.43200938	-33.76137234	-32.66280033	-32.02390274	-31.8030487	-32.02563128	-32.67033875	-33.78667319	-35.44440758	-36.38863977	-35.21099837	-34.54736605	-34.33599237	-34.54780544	-35.22558691	-36.41048182	-38.24525659	-37.49609283	-37.25824183	-37.48475964	-38.2612469
	11900000	-16.32628903	-13.98556522	-13.13293238	-14.01609272	-16.39479425	-20.69334726	-18.17248334	-16.5365653	-15.96125049	-16.55157622	-18.21021653	-20.74662081	-24.70647838	-22.0296659	-20.05844536	-18.83858015	-18.41934691	-18.85029724	-20.08953002	-22.07732009	-24.74756634	-28.77882571	-25.81422747	-23.57280117	-21.96455966	-20.9805977	-20.65402371	-20.98932378	-21.98839293	-23.61314963	-25.84721386	-28.81717486	-29.82662569	-27.21086949	-25.25390785	-23.87694652	-23.04394459	-22.76236318	-23.05286978	-23.89361075	-25.27424998	-27.23519931	-29.86996368	-31.21022852	-28.80109178	-27.02593657	-25.80052201	-25.0703519	-24.81916869	-25.07777097	-25.81246084	-27.04222537	-28.82168753	-31.25224549	-32.88925153	-30.58648933	-28.91785157	-27.78413063	-27.10515161	-26.88395675	-27.11770488	-27.79330328	-28.94579483	-30.61608334	-32.93104557	-34.90358311	-32.58511954	-30.95725279	-29.86293967	-29.23448498	-29.0306463	-29.22700281	-29.88606864	-30.98537136	-32.63078447	-34.94491683	-34.91640912	-33.24552502	-32.14430483	-31.51320605	-31.29240868	-31.51159021	-32.15544839	-33.27403092	-34.9304437	-35.87437953	-34.69506136	-34.03225808	-33.81929793	-34.03256233	-34.7086606	-35.8998514	-37.73028083	-36.97951068	-36.7447905	-36.98063701	-37.74290963
	12750000	-15.80529613	-13.4636263	-12.61208529	-13.49437379	-15.87374783	-20.17356054	-17.6523882	-16.01688531	-15.44200813	-16.03209368	-17.69094531	-20.22701464	-24.18778533	-21.51104759	-19.53902262	-18.32015566	-17.89931761	-18.33217338	-19.57246334	-21.55917483	-24.22693804	-28.26262907	-25.29482639	-23.05399389	-21.44741597	-20.46230937	-20.13501598	-20.47213851	-21.4714478	-23.0958258	-25.32871969	-28.29749799	-29.30694433	-26.69265502	-24.73668731	-23.35911952	-22.52713683	-22.2458612	-22.53498137	-23.37587509	-24.75896714	-26.7172079	-29.34859997	-30.69232525	-28.2818085	-26.50853485	-25.28073429	-24.55328337	-24.30362308	-24.560527	-25.29625587	-26.52656478	-28.30657469	-30.73370415	-32.37114651	-30.06746553	-28.4019306	-27.2662343	-26.58887195	-26.36819419	-26.60276018	-27.2760767	-28.42688324	-30.0993695	-32.41084138	-34.38192663	-32.07063131	-30.44102126	-29.34454882	-28.71772548	-28.51249549	-28.71256694	-29.36588315	-30.47046677	-32.11067775	-34.42713459	-34.39725878	-32.72507566	-31.62835198	-30.99340582	-30.77602088	-30.99720036	-31.63846845	-32.7584058	-34.41657456	-35.35692027	-34.17728261	-33.51503194	-33.30530062	-33.51739996	-34.18810164	-35.37840579	-37.21145847	-36.4673561	-36.22586734	-36.45733901	-37.225912
	13600000	-15.271814	-12.92983478	-12.07827911	-12.9614558	-15.33987924	-19.64142427	-17.12071339	-15.48411622	-14.91014071	-15.50043352	-17.15844795	-19.69410919	-23.65563326	-20.9790727	-19.00898287	-17.78989729	-17.3696568	-17.80147311	-19.0409612	-21.02878724	-23.69711582	-27.72948363	-24.76503526	-22.52556627	-20.91816661	-19.93334933	-19.60658636	-19.94281595	-20.94181331	-22.56590651	-24.8002386	-27.76576608	-28.77575149	-26.16369689	-24.20670654	-22.83072649	-21.99819706	-21.71620881	-22.0071883	-22.8466168	-24.22732298	-26.18805844	-28.821143	-30.16172788	-27.75191185	-25.97921447	-24.75340847	-24.02542717	-23.77440236	-24.03115265	-24.76709259	-25.99706792	-27.77729276	-30.19836625	-31.83782734	-29.53611543	-27.87268325	-26.73804291	-26.06056073	-25.84139076	-26.07353094	-26.74816238	-27.89782819	-29.56750798	-31.87987584	-33.85104714	-31.53515184	-29.91006772	-28.81909857	-28.18972155	-27.98359828	-28.18351321	-28.83936799	-29.93871879	-31.5798962	-33.89077178	-33.86993061	-32.20101577	-31.10048337	-30.46574451	-30.24900492	-30.4682103	-31.10989385	-32.22782379	-33.88352071	-34.82666226	-33.64873391	-32.98212522	-32.77334208	-32.9873988	-33.65920083	-34.84611242	-36.68347601	-35.93614351	-35.69582501	-35.92789113	-36.69365115
	14450000	-14.74014305	-12.39620711	-11.54603506	-12.42859293	-14.80731492	-19.10925443	-16.5893646	-14.95325323	-14.37985301	-14.9684935	-16.62721662	-19.16232578	-23.12366672	-20.44943331	-18.47890297	-17.25981289	-16.8386262	-17.27076785	-18.51012005	-20.49682474	-23.16699931	-27.20015005	-24.23555641	-21.99522825	-20.38850985	-19.40425952	-19.07742662	-19.4133373	-20.41288352	-22.03674201	-24.26910911	-27.23509483	-28.24510753	-25.63145158	-23.67796019	-22.30195006	-21.46967903	-21.18848513	-21.47946174	-22.31755105	-23.6977975	-25.65908353	-28.28747359	-29.62952615	-27.22221535	-25.45078399	-24.22294945	-23.49474313	-23.24641244	-23.50303745	-24.23788941	-25.46694774	-27.24607031	-29.66690611	-31.30936241	-29.00711439	-27.34488594	-26.20921397	-25.53265859	-25.31353775	-25.54389458	-26.21844377	-27.36923536	-29.03526355	-31.35025689	-33.3162531	-31.00918099	-29.38473858	-28.28839758	-27.65934321	-27.45604564	-27.65786697	-28.30903044	-29.41340466	-31.05225534	-33.36426366	-33.33854626	-31.66838262	-30.57080231	-29.93527877	-29.71734506	-29.93981342	-30.57930834	-31.69693548	-33.35463188	-34.2952332	-33.12134128	-32.4568848	-32.24181309	-32.46042194	-33.12883481	-34.31307836	-36.1503842	-35.40333547	-35.16454477	-35.39872137	-36.16263643
	15300000	-14.21775039	-11.87355453	-11.02345661	-11.906173	-14.28432899	-18.58689886	-16.06744576	-14.43113709	-13.85792143	-14.4469714	-16.10530736	-18.64017961	-22.60241762	-19.92824796	-17.95912534	-16.73972292	-16.31829396	-16.75162147	-17.99022724	-19.97684131	-22.64564115	-26.67717607	-23.71483794	-21.47573333	-19.86831598	-18.88488927	-18.55782441	-18.8941626	-19.89447684	-21.51681359	-23.74990072	-26.71358474	-27.72592214	-25.11306543	-23.15763697	-21.78248126	-20.94973539	-20.66849044	-20.9593748	-21.79743853	-23.18113176	-25.13892329	-27.76808594	-29.10973198	-26.70166741	-24.93068692	-23.70442018	-22.97784736	-22.72830408	-22.98365819	-23.71899851	-24.94987833	-26.72744302	-29.14881027	-30.78521864	-28.48923035	-26.82361074	-25.69016675	-25.01437694	-24.79678202	-25.02428184	-25.70177406	-26.8495336	-28.51854986	-30.82745437	-32.79971037	-30.48721663	-28.86310226	-27.77249079	-27.14177115	-26.93564481	-27.13908295	-27.78968233	-28.89083979	-30.52877805	-32.83948084	-32.82014875	-31.14918334	-30.04897091	-29.4150005	-29.20092263	-29.41938698	-30.06046598	-31.17901912	-32.83262987	-33.7773326	-32.59926809	-31.93417845	-31.72240621	-31.93941738	-32.61124769	-33.79274189	-35.62863761	-34.88243043	-34.63973498	-34.87752664	-35.63804019
	16150000	-13.72674425	-11.38112928	-10.53213923	-11.41380776	-13.79218239	-18.09554296	-15.57685392	-13.9409846	-13.36878394	-13.95646243	-15.6147299	-18.14919547	-22.11194741	-19.4385793	-17.47063146	-16.2498973	-15.82832828	-16.26173291	-17.50126973	-19.4868762	-22.15571058	-26.18563319	-23.22640629	-20.98710442	-19.38041609	-18.3969123	-18.06998876	-18.40591906	-19.40673236	-21.02788432	-23.26092583	-26.22345245	-27.23596728	-24.62339577	-22.66987491	-21.29579485	-20.4628989	-20.18165637	-20.47153827	-21.31018459	-22.69176245	-24.64660146	-27.27686699	-28.61693647	-26.21320898	-24.44221283	-23.21622029	-22.48936775	-22.24158623	-22.49599733	-23.23120746	-24.46189687	-26.23834584	-28.65727444	-30.29502152	-27.99771864	-26.33537995	-25.20278259	-24.5266472	-24.30994787	-24.53670292	-25.21363838	-26.360526	-28.02726422	-30.33560965	-32.30658233	-29.99741749	-28.37636267	-27.28173355	-26.65193273	-26.4483474	-26.6525243	-27.30173817	-28.40078854	-30.03568945	-32.35193835	-32.32695787	-30.66141693	-29.56103446	-28.92787394	-28.71355644	-28.93056923	-29.57179677	-30.68747798	-32.3434533	-33.28955025	-32.11153631	-31.44246294	-31.23215813	-31.45044892	-32.11891182	-33.3042799	-35.13931933	-34.39283549	-34.15226143	-34.38844552	-35.14780194
	17000000	-13.265141	-10.91986311	-10.07167265	-10.95288156	-13.33037571	-17.63458894	-15.11602186	-13.48004289	-12.90961014	-13.49669145	-15.15523064	-17.68760977	-21.65242873	-18.97852752	-17.01247083	-15.79136794	-15.36985294	-15.80401002	-17.04302274	-19.02818151	-21.69646032	-25.72540969	-22.76761843	-20.52831768	-18.92214887	-17.93981865	-17.61339591	-17.9485341	-18.94947506	-20.57086817	-22.80318144	-25.76307666	-26.77535446	-24.16465954	-22.21206379	-20.83769658	-20.0059059	-19.72479735	-20.01426083	-20.85254425	-22.23573016	-24.18969686	-26.81598891	-28.15984827	-25.75456289	-23.98479465	-22.75919819	-22.03211506	-21.78455591	-22.03978697	-22.77558433	-24.00445921	-25.77946072	-28.19732037	-29.83698377	-27.53817026	-25.87822169	-24.74594394	-24.07038382	-23.85312504	-24.08008984	-24.75700042	-25.90305733	-27.5702284	-29.87593451	-31.84751252	-29.54308017	-27.91918477	-26.82635831	-26.19777314	-25.99011532	-26.19719935	-26.84548138	-27.94376588	-29.58021809	-31.88744137	-31.86897084	-30.20101801	-29.10408369	-28.47105071	-28.25710266	-28.47311788	-29.11166562	-30.2269811	-31.88518371	-32.83028106	-31.64999828	-30.98951225	-30.77491387	-30.99202758	-31.66087887	-32.84364817	-34.67696289	-33.9331619	-33.69425434	-33.92851738	-34.68934156
	17850000	-12.81545979	-10.46923242	-9.62122041	-10.50318606	-12.87990748	-17.18479397	-14.66689065	-13.03089762	-12.46130901	-13.04768498	-14.70551764	-17.23775655	-21.20249603	-18.53005632	-16.5652588	-15.34382192	-14.92182373	-15.35554432	-16.59527391	-18.5804215	-21.24706391	-25.27467736	-22.32137988	-20.08116772	-18.47521616	-17.49325706	-17.16754184	-17.50220742	-18.50236007	-20.12270996	-22.35585943	-25.3130651	-26.32752361	-23.71652333	-21.76555484	-20.39094316	-19.55959149	-19.27968815	-19.5672642	-20.4059596	-21.78899262	-23.74249354	-26.36764874	-27.70951392	-25.30721751	-23.53861467	-22.31264885	-21.586331	-21.33994414	-21.5950227	-22.32820923	-23.55786856	-25.33197488	-27.74705865	-29.38636023	-27.09263607	-25.43117862	-24.29999273	-23.62617996	-23.40788386	-23.63609638	-24.30931241	-25.4571272	-27.12242486	-29.42811793	-31.39640159	-29.09421114	-27.4728326	-26.38098225	-25.75089476	-25.5449807	-25.75091627	-26.39953588	-27.49754319	-29.13040834	-31.43946336	-31.42172774	-29.75437433	-28.65555538	-28.02316671	-27.81257434	-28.02719879	-28.6652915	-29.78128041	-31.43726869	-32.37621387	-31.20210021	-30.5406713	-30.32813542	-30.54277571	-31.21221945	-32.39465401	-34.22702452	-33.48330765	-33.24195908	-33.47970419	-34.23839748
	18700000	-12.38803132	-10.04144584	-9.194218455	-10.07557534	-12.45119434	-16.75678052	-14.24027786	-12.605148	-12.03601746	-12.62177649	-14.27874727	-16.81109112	-20.77597679	-18.10511571	-16.1405341	-14.91962945	-14.49792854	-14.9311696	-16.17055169	-18.1548681	-20.82037199	-24.84731638	-21.8963408	-19.65757308	-18.05077478	-17.06999315	-16.7439138	-17.07910652	-18.07986597	-19.69782752	-21.93129471	-24.88632695	-25.90201747	-23.2914034	-21.34190945	-19.96844209	-19.13627409	-18.85662907	-19.14495967	-19.98206454	-21.36453993	-23.31795942	-25.94026195	-27.28486103	-24.88084765	-23.11416219	-21.888759	-21.16347135	-20.91789854	-21.17110796	-21.90662941	-23.13448902	-24.9078193	-27.32103333	-28.96050567	-26.66587865	-25.00778566	-23.87653224	-23.20281165	-22.98776666	-23.21230948	-23.88645322	-25.03239979	-26.69624383	-28.9982535	-30.96931378	-28.66962161	-27.04729274	-25.96006417	-25.32934263	-25.1213403	-25.33109895	-25.97475607	-27.07347072	-28.70496452	-31.01203699	-30.99559348	-29.3310817	-28.2334993	-27.59902056	-27.39035513	-27.60243181	-28.24185994	-29.35622402	-31.01120148	-31.95100146	-30.77925243	-30.11394835	-29.90325724	-30.11778822	-30.78750673	-31.96667547	-33.79853954	-33.05723834	-32.82207517	-33.05267531	-33.8121172
	19550000	-11.98733055	-9.638578292	-8.792147489	-9.673152437	-12.0496115	-16.35488062	-13.83804752	-12.20251613	-11.6339988	-12.2190333	-13.87633379	-16.40883169	-20.37371905	-17.70358898	-15.7394597	-14.51800078	-14.09570791	-14.52940833	-15.76851576	-17.75278602	-20.42010278	-24.44638762	-21.49510594	-19.25590302	-17.64995879	-16.66898934	-16.3427529	-16.67780949	-17.67861274	-19.29672407	-21.52996409	-24.4867889	-25.50138541	-22.89051733	-20.94019691	-19.56745239	-18.73502451	-18.45578258	-18.74457863	-19.58150886	-20.96576879	-22.9172889	-25.53972142	-26.88401935	-24.4809107	-22.71394866	-21.4885361	-20.76152839	-20.51698459	-20.77036025	-21.5054636	-22.7354734	-24.50751742	-26.92122734	-28.56042445	-26.26677273	-24.60770687	-23.47544604	-22.80395518	-22.58584905	-22.81193025	-23.48762534	-24.63297149	-26.29608587	-28.59817652	-30.56850191	-28.26892799	-26.64871571	-25.55898452	-24.92703349	-24.72131875	-24.92921873	-25.57414365	-26.67284458	-28.30106218	-30.61330771	-30.59238936	-28.92699841	-27.83134433	-27.19815326	-26.98935793	-27.20178719	-27.8405573	-28.9531649	-30.61049874	-31.55186635	-30.37624923	-29.71602245	-29.50030412	-29.71508994	-30.38554337	-31.5647972	-33.39703931	-32.65330778	-32.41541141	-32.65448299	-33.41040801
	20400000	-11.66447605	-9.314260319	-8.468254552	-9.349214829	-11.72567705	-16.03053352	-13.51195789	-11.87592194	-11.3072975	-11.89269821	-13.55109422	-16.08455151	-20.0505244	-17.37917494	-15.41379573	-14.19045298	-13.76757218	-14.20227867	-15.44282459	-17.42840456	-20.09717384	-24.12440237	-21.17127221	-18.93039527	-17.3226628	-16.34074255	-16.01473313	-16.35027078	-17.35090965	-18.97203221	-21.20614958	-24.16454224	-25.17790914	-22.56407426	-20.61435206	-19.24028724	-18.40684071	-18.12798136	-18.41563387	-19.25428813	-20.63850053	-22.59180426	-25.2173272	-26.56128561	-24.15670275	-22.38819853	-21.15962244	-20.43328039	-20.1895674	-20.44259426	-21.17816324	-22.40823714	-24.18262271	-26.59816194	-28.23817009	-25.94110753	-24.28356759	-23.14872621	-22.47642561	-22.25901414	-22.48483929	-23.16121144	-24.30646041	-25.97165193	-28.27398077	-30.24656564	-27.94451238	-26.32350976	-25.23370555	-24.60069349	-24.39304553	-24.60511655	-25.24718452	-26.34881271	-27.97849455	-30.28897411	-30.27338674	-28.60388344	-27.50686841	-26.87423436	-26.66477767	-26.87706983	-27.51462655	-28.62970901	-30.28930817	-31.23086827	-30.05585772	-29.38892335	-29.17774632	-29.39399481	-30.06156068	-31.24293557	-33.07399625	-32.33109954	-32.09072026	-32.32881582	-33.08606856
	21250000	-11.44146692	-9.088624944	-8.242764207	-9.12464532	-11.50187635	-15.80529103	-13.28509942	-11.64757295	-11.08029571	-11.66544207	-13.32356836	-15.85894481	-19.82467119	-17.15072589	-15.18670462	-13.96195687	-13.53837463	-13.97341506	-15.21540772	-17.2007378	-19.87254309	-23.89982774	-20.94670979	-18.70230427	-17.09359166	-16.11188507	-15.78556383	-16.12083767	-17.12312009	-18.74421618	-20.98047358	-23.94322056	-24.95294996	-22.33760477	-20.38502194	-19.01007564	-18.17573954	-17.89738649	-18.18586169	-19.02384389	-20.41079485	-22.36534949	-24.99242982	-26.33609785	-23.92928505	-22.15985652	-20.92960973	-20.20321773	-19.95866349	-20.21226094	-20.94843284	-22.18117823	-23.95543832	-26.37304011	-28.01099191	-25.71286753	-24.05470398	-22.91928655	-22.24813666	-22.03072823	-22.25390426	-22.93229403	-24.07800731	-25.74564554	-28.04939096	-30.02138426	-27.71775266	-26.09420626	-25.00657445	-24.37192986	-24.16358513	-24.37713772	-25.01945505	-26.12001191	-27.75086655	-30.06475916	-30.04815177	-28.37673935	-27.28095146	-26.64568741	-26.43716057	-26.64738533	-27.28498491	-28.40315294	-30.06488717	-31.00724362	-29.82735347	-29.16148948	-28.9486217	-29.16519528	-29.83566829	-31.01327882	-32.84939816	-32.10268088	-31.86154183	-32.10346661	-32.86343199
