BPM Serial No.	16elec																																																																																																	
BPM Size	110																																																																																																	
"Experi,menter"	Tajima      Toyama      Hanamura      Kawachi      																																																																																																	
Meas. Start Time	2019/08/2915:43																																																																																																	
Meas. Finish Time	2019/08/2916:32																																																																																																	
Linear Scale Origin X(mm)	-99.334																																																																																																	
Linear Scale Origin Y(mm)	88.445																																																																																																	
note																																																																																																		
																																																																																																		
																																																																																																		
Data Point Number		1	2	3	4	5	6	7	8	9	10	11	12	13	14	15	16	17	18	19	20	21	22	23	24	25	26	27	28	29	30	31	32	33	34	35	36	37	38	39	40	41	42	43	44	45	46	47	48	49	50	51	52	53	54	55	56	57	58	59	60	61	62	63	64	65	66	67	68	69	70	71	72	73	74	75	76	77	78	79	80	81	82	83	84	85	86	87	88	89	90	91	92	93	94	95	96	97
Linear Scale X (mm)		-119.335	-109.338	-99.337	-89.336	-79.335	-129.336	-119.338	-109.338	-99.337	-89.336	-79.335	-69.334	-139.338	-129.339	-119.338	-109.338	-99.337	-89.336	-79.335	-69.334	-59.333	-149.339	-139.341	-129.339	-119.339	-109.338	-99.337	-89.337	-79.335	-69.334	-59.333	-49.332	-149.339	-139.341	-129.339	-119.339	-109.338	-99.337	-89.336	-79.335	-69.334	-59.333	-49.332	-149.339	-139.341	-129.339	-119.339	-109.338	-99.337	-89.337	-79.335	-69.334	-59.333	-49.332	-149.339	-139.341	-129.339	-119.339	-109.338	-99.337	-89.336	-79.335	-69.334	-59.333	-49.332	-149.339	-139.341	-129.339	-119.339	-109.338	-99.337	-89.336	-79.335	-69.334	-59.333	-49.332	-139.338	-129.339	-119.339	-109.338	-99.337	-89.336	-79.335	-69.334	-59.333	-129.337	-119.338	-109.338	-99.337	-89.336	-79.335	-69.334	-119.336	-109.338	-99.337	-89.336	-79.335
Linear Scale Y (mm)		38.451	38.451	38.451	38.451	38.451	48.448	48.448	48.448	48.448	48.448	48.448	48.448	58.447	58.447	58.447	58.447	58.447	58.447	58.447	58.447	58.447	68.447	68.447	68.447	68.447	68.447	68.447	68.447	68.447	68.447	68.447	68.447	78.446	78.446	78.446	78.446	78.446	78.446	78.446	78.446	78.446	78.446	78.446	88.445	88.445	88.445	88.445	88.445	88.445	88.445	88.445	88.445	88.445	88.445	98.445	98.445	98.445	98.445	98.445	98.445	98.445	98.445	98.445	98.445	98.445	108.445	108.446	108.446	108.446	108.445	108.445	108.445	108.445	108.445	108.445	108.446	118.445	118.445	118.445	118.445	118.445	118.445	118.445	118.445	118.445	128.445	128.445	128.445	128.445	128.445	128.445	128.445	138.445	138.445	138.445	138.445	138.445
R(beam)[mm]		20.001	10.004	0.003	-9.998	-19.999	30.002	20.004	10.004	0.003	-9.998	-19.999	-30	40.004	30.005	20.004	10.004	0.003	-9.998	-19.999	-30	-40.001	50.005	40.007	30.005	20.005	10.004	0.003	-9.997	-19.999	-30	-40.001	-50.002	50.005	40.007	30.005	20.005	10.004	0.003	-9.998	-19.999	-30	-40.001	-50.002	50.005	40.007	30.005	20.005	10.004	0.003	-9.997	-19.999	-30	-40.001	-50.002	50.005	40.007	30.005	20.005	10.004	0.003	-9.998	-19.999	-30	-40.001	-50.002	50.005	40.007	30.005	20.005	10.004	0.003	-9.998	-19.999	-30	-40.001	-50.002	40.004	30.005	20.005	10.004	0.003	-9.998	-19.999	-30	-40.001	30.003	20.004	10.004	0.003	-9.998	-19.999	-30	20.002	10.004	0.003	-9.998	-19.999
Y(beam)[mm]		-49.994	-49.994	-49.994	-49.994	-49.994	-39.997	-39.997	-39.997	-39.997	-39.997	-39.997	-39.997	-29.998	-29.998	-29.998	-29.998	-29.998	-29.998	-29.998	-29.998	-29.998	-19.998	-19.998	-19.998	-19.998	-19.998	-19.998	-19.998	-19.998	-19.998	-19.998	-19.998	-9.999	-9.999	-9.999	-9.999	-9.999	-9.999	-9.999	-9.999	-9.999	-9.999	-9.999	0	0	0	0	0	0	0	0	0	0	0	10	10	10	10	10	10	10	10	10	10	10	20	20.001	20.001	20.001	20	20	20	20	20	20	20.001	30	30	30	30	30	30	30	30	30	40	40	40	40	40	40	40	50	50	50	50	50
Net Ana Temperature[℃]		22.1843651	22.20391587	22.2119865	22.19414957	22.16905739	22.20139704	22.19763698	22.22640093	22.24846533	22.24902103	22.25420151	22.27235783	22.3028564	22.32661646	22.33705271	22.34074007	22.32905739	22.32051415	22.28462997	22.28738769	22.29703194	22.27599844	22.25110621	22.25528954	22.26743703	22.267933	22.27017398	22.2697585	22.27763698	22.28387951	22.30335497	22.33085952	22.3186523	22.28654635	22.27123345	22.24197611	22.23427162	22.23034277	22.24243313	22.24750714	22.27779018	22.28527136	22.28344586	22.27838484	22.27271098	22.27641392	22.29530252	22.28107505	22.26415476	22.26370813	22.24256297	22.25689172	22.26313685	22.25129317	22.27650221	22.28247988	22.28410802	22.30210595	22.31245131	22.29144118	22.30145157	22.32109842	22.31686315	22.29710984	22.24457543	22.26408985	22.24228252	22.26283563	22.24618281	22.23894053	22.25413139	22.27062841	22.26806024	22.24990392	22.2348429	22.23275773	22.25137886	22.26360945	22.25453908	22.25411841	22.24757206	22.21043106	22.20524279	22.17622176	22.17354453	22.17879252	22.19443521	22.20664762	22.2265905	22.19945728	22.18849909	22.19528175	22.15292132	22.13061542	22.11440924	22.11755129	22.11338354
BPM Temperature[℃]		20.20472605	20.18813295	20.19709166	20.21046481	20.27429239	20.28644508	20.27426642	20.28187484	20.29231368	20.31004934	20.32212412	20.31950143	20.29465074	20.30914048	20.31796936	20.31030901	20.30753051	20.3028564	20.32082576	20.28725006	20.27639574	20.31165931	20.32313685	20.32189042	20.30916645	20.28886004	20.29794858	20.29877954	20.28358868	20.28769151	20.30044144	20.29496235	20.32994028	20.32791483	20.32827837	20.31023111	20.28834069	20.30449234	20.30431057	20.30194755	20.30586861	20.3013503	20.30703713	20.28766554	20.29298883	20.29111919	20.30088289	20.30358348	20.2832511	20.25172682	20.23074526	20.27008569	20.3085692	20.31106206	20.27091665	20.24674111	20.22986237	20.21778759	20.2350039	20.23583485	20.23843158	20.269047	20.28966502	20.29332641	20.31402233	20.33824981	20.32074786	20.30779018	20.28896391	20.28462737	20.3040509	20.33731498	20.33850948	20.32903142	20.29935082	20.29467671	20.24269021	20.26894313	20.28288756	20.2788886	20.27216307	20.28231628	20.28618541	20.29389769	20.26948844	20.29787068	20.26961828	20.2719813	20.28597767	20.24803947	20.2086471	20.15767333	20.04596209	20.00755648	19.99657232	19.99885744	20.03064139
Frequency (Hz) / Data (dB)	850000	-55.59898075	-53.64289578	-51.96717266	-50.58865279	-49.50032567	-55.62785922	-53.42769746	-51.40404439	-49.5868206	-47.97982952	-46.57762877	-45.45029833	-56.69081132	-54.0207795	-51.78463194	-49.68602642	-47.76944253	-46.05202111	-44.38157299	-42.80652149	-41.43348203	-58.40585062	-55.5170973	-52.97017626	-50.70560069	-48.55581845	-46.56340023	-44.64241648	-42.77171872	-40.86711511	-38.93890008	-37.08127695	-57.6672492	-54.79301193	-52.32797604	-50.09542991	-47.94610344	-45.88024374	-43.85726075	-41.81701024	-39.62086027	-37.33051914	-34.7773248	-57.46132943	-54.57908841	-52.11044115	-49.85468654	-47.71375199	-45.66660005	-43.59755047	-41.483287	-39.23735814	-36.77365048	-33.94004483	-57.66209021	-54.74977601	-52.30691107	-50.03570036	-47.94192769	-45.89609933	-43.86884111	-41.80476948	-39.66210769	-37.34161685	-34.80121815	-58.43608772	-55.40503623	-52.92079394	-50.69232849	-48.59007691	-46.56459833	-44.69730161	-42.7416175	-40.84155702	-38.9205278	-37.11627368	-56.68109367	-54.03610662	-51.79263537	-49.7431873	-47.81745754	-46.05885335	-44.39948777	-42.83690631	-41.47105124	-55.59387961	-53.3662916	-51.34054681	-49.58745813	-47.96101395	-46.57449306	-45.48034263	-55.64847487	-53.68585401	-51.96860075	-50.58105863	-49.44421183
	1700000	-49.7016501	-47.74356366	-46.01878208	-44.65873977	-43.65398293	-49.68199411	-47.48983119	-45.4961889	-43.73299246	-42.14137356	-40.75568893	-39.62397009	-50.70670239	-48.16654652	-45.88918979	-43.84135458	-41.93983757	-40.1994348	-38.54933322	-36.98689297	-35.61274894	-52.50883124	-49.55436561	-46.98735117	-44.83458916	-42.71413296	-40.72332627	-38.820884	-36.93808183	-35.03522652	-33.11322263	-31.25741401	-51.77739663	-48.92589447	-46.41740995	-44.13391088	-42.05731871	-40.02729277	-38.01547616	-35.9714222	-33.78909905	-31.49381141	-28.93728246	-51.57528073	-48.70003887	-46.21657454	-43.97265682	-41.86756987	-39.81194272	-37.7617208	-35.64339564	-33.39350743	-30.93448464	-28.09725254	-51.77188232	-48.91844383	-46.43181003	-44.19254545	-42.08700087	-40.0514912	-38.0357915	-35.9791619	-33.82661849	-31.50577612	-28.95724352	-52.5102154	-49.57124358	-47.05864494	-44.8135965	-42.72677435	-40.73579137	-38.85447485	-36.92169536	-35.00494994	-33.10115187	-31.29074884	-50.68852009	-48.15029024	-45.90323215	-43.88474184	-41.96980599	-40.21892966	-38.55523901	-36.9970423	-35.64560745	-49.77286166	-47.4928237	-45.47909014	-43.73111792	-42.12571474	-40.75772094	-39.6361772	-49.77527958	-47.7633478	-46.09606014	-44.72190714	-43.63541251
	2550000	-46.42757478	-44.45348019	-42.76840201	-41.40262241	-40.35348118	-46.44020149	-44.20288343	-42.20335737	-40.43150399	-38.83285929	-37.44877137	-36.31153711	-47.43344462	-44.8622276	-42.59210613	-40.54342658	-38.64473235	-36.89200426	-35.22548951	-33.66801077	-32.29846617	-49.22705758	-46.26592594	-43.73526988	-41.52090315	-39.40807659	-37.42559044	-35.51523033	-33.61748937	-31.71131404	-29.79046508	-27.93099855	-48.50528021	-45.62108853	-43.11903332	-40.86532803	-38.76723574	-36.72773117	-34.71012078	-32.65094596	-30.47353244	-28.1705336	-25.61146273	-48.28412664	-45.41391737	-42.92354562	-40.67216368	-38.55490696	-36.49395422	-34.43888544	-32.3215366	-30.07207112	-27.61079588	-24.77102672	-48.50021319	-45.61262951	-43.12711564	-40.8758666	-38.77537189	-36.72793939	-34.713746	-32.65559847	-30.50429796	-28.18375959	-25.63361207	-49.23368498	-46.26118029	-43.76157024	-41.50785573	-39.41694025	-37.43524947	-35.53848374	-33.61030995	-31.69723722	-29.78694398	-27.97130309	-47.42796335	-44.8536816	-42.60191145	-40.57191747	-38.66944825	-36.90680397	-35.24061395	-33.69077652	-32.33565667	-46.49032241	-44.18873244	-42.18462102	-40.42475798	-38.82000325	-37.44814644	-36.33149633	-46.47579884	-44.47094592	-42.80820933	-41.43627063	-40.34244781
	3400000	-44.11543983	-42.14682336	-40.46246538	-39.09396841	-38.03492086	-44.15561239	-41.87059468	-39.87437643	-38.10100549	-36.51355555	-35.11940056	-33.98333004	-45.11541866	-42.52531334	-40.26762466	-38.2174724	-36.31757128	-34.56463352	-32.89346324	-31.33508776	-29.96492591	-46.93399896	-43.95167168	-41.43080334	-39.1885606	-37.08239372	-35.10718613	-33.18760967	-31.28010042	-29.37380635	-27.45324759	-25.60108838	-46.17539792	-43.28603143	-40.79565595	-38.54631289	-36.44033409	-34.40140616	-32.37669562	-30.31211855	-28.13877391	-25.8337233	-23.27316228	-45.96815652	-43.08950912	-40.59670343	-38.34344923	-36.22031459	-34.16081773	-32.09999879	-29.9828714	-27.73266494	-25.27099296	-22.42810483	-46.17659683	-43.28520894	-40.79808899	-38.54242823	-36.44332017	-34.39763349	-32.37605674	-30.31680291	-28.16280516	-25.84318171	-23.29441649	-46.93268696	-43.93473273	-41.43248113	-39.17649935	-37.08893652	-35.10520076	-33.20171748	-31.27818574	-29.36231349	-27.45634232	-25.63658634	-45.10567443	-42.5326633	-40.27372434	-38.24221051	-36.33656716	-34.57287931	-32.91021333	-31.35869362	-30.0030223	-44.16922621	-41.86449588	-39.85769257	-38.09355939	-36.49937657	-35.1214803	-33.9994022	-44.15504578	-42.16062345	-40.49303806	-39.11011939	-38.02678359
	4250000	-42.32970769	-40.35328499	-38.68068973	-37.30159895	-36.24174149	-42.36850764	-40.07978649	-38.08105432	-36.29933624	-34.70965663	-33.31757874	-32.18414131	-43.32032527	-40.73357586	-38.47145989	-36.41797572	-34.51637081	-32.76098527	-31.08856156	-29.53155798	-28.16221635	-45.15825667	-42.16292316	-39.63857933	-37.38349717	-35.27743386	-33.30359168	-31.37965561	-29.4711235	-27.5651876	-25.64836415	-23.79752251	-44.38660817	-41.4964914	-38.99557846	-36.75214259	-34.6334515	-32.59468912	-30.57018824	-28.50306344	-26.3315903	-24.02565423	-21.46530348	-44.17461519	-41.29092684	-38.79979224	-36.53134745	-34.41774755	-32.3526698	-30.29273588	-28.17479634	-25.92353367	-23.46191437	-20.62073488	-44.38664057	-41.49380335	-39.00327205	-36.74255424	-34.63581851	-32.58828419	-30.56950925	-28.50788098	-26.35513163	-24.0355417	-21.48679431	-45.15511523	-42.14293981	-39.63488889	-37.37573151	-35.28548733	-33.30328003	-31.39396804	-29.47237441	-27.56127308	-25.65287753	-23.83404851	-43.3226582	-40.72965419	-38.47627919	-36.44030432	-34.53926913	-32.76946092	-31.10338953	-29.55602503	-28.20313953	-42.38047013	-40.07399661	-38.06073667	-36.2934389	-34.69296542	-33.31732992	-32.20124465	-42.35856367	-40.36675801	-38.69227944	-37.31692251	-36.23589061
	5100000	-40.87392615	-38.89115258	-37.21694693	-35.83783835	-34.77837399	-40.91671066	-38.61699151	-36.61493118	-34.83467966	-33.2438333	-31.8473779	-30.71771243	-41.85652903	-39.26336718	-37.00675295	-34.9501948	-33.05020068	-31.29159635	-29.61804121	-28.06090814	-26.69753692	-43.70151801	-40.70299144	-38.17165072	-35.91107446	-33.81078994	-31.83269722	-29.91053303	-27.99989888	-26.09560627	-24.17831269	-22.33138603	-42.93572263	-40.02589049	-37.52526036	-35.27593342	-33.16534661	-31.12493667	-29.09582522	-27.03177844	-24.86225405	-22.55331725	-19.99508952	-42.71409184	-39.82612888	-37.33047754	-35.06530044	-32.94123309	-30.87910387	-28.81822445	-26.7006096	-24.45196026	-21.99003118	-19.1494816	-42.9229006	-40.02545538	-37.53112441	-35.27253102	-33.16071774	-31.11430427	-29.09539234	-27.03555027	-24.88196315	-22.56502319	-20.01758031	-43.69909987	-40.68274331	-38.16573821	-35.90957533	-33.81556988	-31.83124985	-29.92236914	-28.00247408	-26.09136623	-24.18646064	-22.36713974	-41.85751771	-39.26593029	-37.01051311	-34.96606155	-33.0681636	-31.30082113	-29.63332243	-28.08610736	-26.73501872	-40.91769313	-38.60920534	-36.59816224	-34.8263909	-33.23068478	-31.8508407	-30.73640976	-40.90094126	-38.90278016	-37.23448342	-35.85643675	-34.77505301
	5950000	-39.67427273	-37.68492425	-36.00628694	-34.62965383	-33.57300064	-39.70038064	-37.40248733	-35.39838831	-33.61493509	-32.02915722	-30.63397618	-29.50621807	-40.656276	-38.05330641	-35.78975423	-33.73311648	-31.83400525	-30.07435123	-28.39937551	-26.84646536	-25.48283039	-42.48379211	-39.48339466	-36.95671419	-34.6973613	-32.59293875	-30.61530238	-28.69086043	-26.78169573	-24.87807668	-22.9614152	-21.11834472	-41.72424997	-38.81215106	-36.30847233	-34.05956234	-31.94466698	-29.90245697	-27.87480138	-25.81119574	-23.64291827	-21.33555863	-18.77958767	-41.50759164	-38.60788471	-36.11478233	-33.84528977	-31.72070705	-29.65952752	-27.59801504	-25.47966302	-23.23186592	-20.7712407	-17.93196359	-41.72354035	-38.81212633	-36.31484704	-34.04871674	-31.94348314	-29.896662	-27.87473427	-25.81400822	-23.66434682	-21.34594313	-18.80118945	-42.47741744	-39.4716429	-36.95249847	-34.69389522	-32.59937823	-30.61299187	-28.70430105	-26.78464899	-24.87439121	-22.97012681	-21.15507924	-40.65544987	-38.04753606	-35.79041318	-33.75043385	-31.8511045	-30.08069405	-28.41612969	-26.8711731	-25.52296912	-39.70706228	-37.39504462	-35.38802902	-33.61121702	-32.01529346	-30.63960548	-29.52342782	-39.6920064	-37.69472023	-36.02576309	-34.64172183	-33.57242498
	6800000	-38.65454379	-36.6584846	-34.98859163	-33.61241164	-32.55408963	-38.69183527	-36.37920556	-34.37815995	-32.5920474	-31.00477764	-29.61204029	-28.485618	-39.63308267	-37.02856458	-34.76116949	-32.70893934	-30.80704902	-29.04750668	-27.37445173	-25.82210813	-24.46166904	-41.47285025	-38.46558974	-35.93234354	-33.67042461	-31.56688145	-29.58807282	-27.66212645	-25.75306116	-23.85169328	-21.93726732	-20.0985523	-40.70317372	-37.79151646	-35.28470119	-33.03317174	-30.91654181	-28.87521113	-26.84564578	-24.78123878	-22.61790701	-20.31052	-17.75682497	-40.49108621	-37.59036562	-35.08936753	-32.81759411	-30.69244088	-28.62832383	-26.56755414	-24.44977391	-22.20397	-19.74481062	-16.90920388	-40.70527918	-37.78723227	-35.29186683	-33.02450402	-30.91452162	-28.86794212	-26.84448131	-24.78555638	-22.63566638	-20.32039187	-17.77925859	-41.47434935	-38.44761622	-35.92847797	-33.66990488	-31.57327919	-29.58728767	-27.6759737	-25.75794626	-23.84997752	-21.9498266	-20.13400424	-39.63645114	-37.02564737	-34.77180927	-32.72920599	-30.82403563	-29.05433457	-27.39169068	-25.84710597	-24.50051104	-38.68816653	-36.37660434	-34.36411666	-32.59205571	-30.99535698	-29.61501451	-28.50244512	-38.67806197	-36.67264721	-35.00271645	-33.62502579	-32.55205636
	7650000	-37.80577938	-35.80854817	-34.13209176	-32.75517824	-31.69658894	-37.83026003	-35.52375544	-33.51768808	-31.73437223	-30.14145566	-28.7521794	-27.62663853	-38.77001782	-36.17055613	-33.90293304	-31.84703965	-29.94780202	-28.18388022	-26.51119408	-24.96057859	-23.60337504	-40.61581408	-37.61130648	-35.07037811	-32.80721979	-30.70164548	-28.72354372	-26.79802343	-24.88978919	-22.98842132	-21.07783459	-19.24150728	-39.85591831	-36.92947045	-34.42304634	-32.16567451	-30.04954607	-28.00755187	-25.9792448	-23.91547665	-21.75335309	-19.44789412	-16.89855228	-39.63544012	-36.72437639	-34.22390133	-31.95312329	-29.82795346	-27.76080596	-25.69936968	-23.58434844	-21.33922888	-18.88271183	-16.04968675	-39.85459605	-36.9322868	-34.42787246	-32.16061129	-30.04899322	-27.99981213	-25.97879096	-23.91904891	-21.77113417	-19.458438	-16.92113163	-40.61563853	-37.59983472	-35.06694615	-32.80046267	-30.7082566	-28.72183963	-26.80908113	-24.89463598	-22.98907514	-21.08994247	-19.27819241	-38.77783515	-36.16981685	-33.90539812	-31.86167442	-29.96133283	-28.19085045	-26.52704332	-24.98756019	-23.64271057	-37.83410835	-35.51719018	-33.50433717	-31.72671581	-30.13357343	-28.75475076	-27.64572543	-37.82404357	-35.81942978	-34.14673894	-32.76777784	-31.6972118
	8500000	-37.08817575	-35.09189015	-33.41457555	-32.03782858	-30.98248068	-37.11453737	-34.80224691	-32.7942122	-31.01171736	-29.42252621	-28.03289637	-26.90972495	-38.0547782	-35.4466412	-33.17942324	-31.12278932	-29.2237714	-27.46169676	-25.78882388	-24.23918943	-22.88429488	-39.90737245	-36.88874633	-34.34666923	-32.07981104	-29.97879882	-27.99891031	-26.07122046	-24.16393378	-22.26457637	-20.3559097	-18.52508887	-39.13616427	-36.20638614	-33.70065918	-31.44264974	-29.32314757	-27.27880373	-25.25321161	-23.18910766	-21.02891315	-18.72564839	-16.17882489	-38.91287904	-36.00853581	-33.50425766	-31.22714358	-29.10144001	-27.03345127	-24.97308145	-22.85618176	-20.61467088	-18.15802139	-15.32933128	-39.12874918	-36.21206034	-33.69792263	-31.43734302	-29.32015679	-27.27534489	-25.25071766	-23.19281764	-21.04594691	-18.73673603	-16.2020696	-39.90309282	-36.87979972	-34.34022266	-32.07718448	-29.9853049	-27.99695652	-26.08392121	-24.171899	-22.26764899	-20.3702505	-18.56034639	-38.06101051	-35.4465162	-33.18443324	-31.13829805	-29.23925207	-27.46720391	-25.80510772	-24.26424772	-22.92353706	-37.11314969	-34.79760678	-32.78202131	-31.00562326	-29.41574321	-28.03745854	-26.92775421	-37.10507238	-35.10204106	-33.42728481	-32.04981334	-30.98329532
	9350000	-36.48280142	-34.47959574	-32.80144988	-31.4236376	-30.36969163	-36.49936929	-34.18681734	-32.17960131	-30.39023662	-28.80264224	-27.41254061	-26.29331273	-37.44641135	-34.83089652	-32.56019658	-30.50367188	-28.60538856	-26.8406914	-25.16837415	-23.61993497	-22.26832905	-39.29405719	-36.27309912	-33.73024716	-31.4644631	-29.35827231	-27.37857954	-25.45073691	-23.54387222	-21.64576743	-19.73830898	-17.90997761	-38.53394599	-35.59694419	-33.08055109	-30.82121002	-28.70071318	-26.65782973	-24.62787464	-22.56641295	-20.40885318	-18.10574945	-15.56167991	-38.30463575	-35.38858421	-32.88330732	-30.60464275	-28.47679866	-26.41145487	-24.34918593	-22.23388079	-19.99206628	-17.53757768	-14.71063927	-38.51744123	-35.5953296	-33.0860741	-30.81608199	-28.69990019	-26.65038695	-24.62874088	-22.57158137	-20.42367498	-18.11623256	-15.58503139	-39.29012644	-36.26548076	-33.72328433	-31.46067766	-29.36464845	-27.3776309	-25.46032317	-23.55091917	-21.64881494	-19.75350908	-17.94660822	-37.44763899	-34.8311999	-32.56780609	-30.51954843	-28.62346253	-26.84874493	-25.1836824	-23.64672672	-22.30819604	-36.5025366	-34.18350411	-32.17157201	-30.38968244	-28.79712783	-27.41940459	-26.31348313	-36.50282667	-34.48930006	-32.81311575	-31.43581812	-30.37331004
	10200000	-35.93776494	-33.93155317	-32.2514671	-30.8746154	-29.81996152	-35.9587838	-33.63723598	-31.626859	-29.84183389	-28.25208848	-26.86243735	-25.74385075	-36.90059057	-34.28029996	-32.00855721	-29.95336142	-28.05267536	-26.28778737	-24.61501334	-23.06838611	-21.7176635	-38.74613231	-35.73033931	-33.17615509	-30.91039223	-28.80605997	-26.82639577	-24.89816486	-22.99058352	-21.0916137	-19.18651514	-17.35980855	-37.98403256	-35.052075	-32.52853382	-30.26983383	-28.14827035	-26.10193906	-24.07350433	-22.01203121	-19.85550739	-17.55385529	-15.01000021	-37.75759084	-34.84110809	-32.33046419	-30.0536164	-27.92291084	-25.85445451	-23.79664649	-21.67819766	-19.43932203	-16.98472095	-14.15918716	-37.98406951	-35.04867256	-32.53064702	-30.26233953	-28.14419324	-26.09771353	-24.07348336	-22.01569712	-19.86948153	-17.56553185	-15.0341207	-38.74588827	-35.71288772	-33.17391255	-30.90618396	-28.81163477	-26.82383357	-24.90876691	-23.00031296	-21.09650965	-19.20295463	-17.3964107	-36.9092508	-34.28239485	-32.01417272	-29.96660862	-28.06735589	-26.29412535	-24.63330005	-23.09526681	-21.75721046	-35.95269634	-33.63718541	-31.62081637	-29.83991449	-28.2466383	-26.86953749	-25.76206207	-35.94892553	-33.94291822	-32.26819144	-30.88599355	-29.82662613
	11050000	-35.41756453	-33.41594467	-31.73444699	-30.35627845	-29.30192712	-35.43356149	-33.11890247	-31.10766987	-29.32329352	-27.73113616	-26.34173015	-25.22372722	-36.38119454	-33.76003574	-31.49197193	-29.43400516	-27.53260628	-25.76563243	-24.09471316	-22.54804361	-21.19866531	-38.22887454	-35.20790682	-32.65911337	-30.3903275	-28.28413363	-26.30488765	-24.37704557	-22.47056064	-20.57209372	-18.66541438	-16.84007658	-37.46975063	-34.52625397	-32.0099926	-29.74884793	-27.62666506	-25.57979109	-23.5530982	-21.49122441	-19.3358218	-17.03169574	-14.48871288	-37.23671222	-34.31981075	-31.81135602	-29.5343361	-27.40234106	-25.33530293	-23.27312852	-21.15704545	-18.91797063	-16.46305826	-13.63734106	-37.46364952	-34.52852396	-32.01149977	-29.74326192	-27.62344379	-25.57468456	-23.55296647	-21.4956433	-19.34881767	-17.04368674	-14.51434229	-38.23333356	-35.1916949	-32.65504926	-30.38660975	-28.29097462	-26.30452088	-24.38921667	-22.47944495	-20.57789717	-18.68374489	-16.87697718	-36.38944086	-33.76651734	-31.49416718	-29.44538548	-27.54875215	-25.77453294	-24.1108215	-22.57604045	-21.23787651	-35.43994771	-33.1187915	-31.10411394	-29.32004405	-27.72866291	-26.35061456	-25.24381932	-35.43335765	-33.42254093	-31.74581646	-30.36661214	-29.30907373
	11900000	-34.90540869	-32.89867652	-31.22062192	-29.84199858	-28.78793694	-34.92203714	-32.60875229	-30.59573548	-28.80812582	-27.21649682	-25.82786056	-24.70933327	-35.86957102	-33.24674626	-30.97829818	-28.92157228	-27.02072622	-25.25500647	-23.58114495	-22.0345963	-20.68367323	-37.71099609	-34.69349569	-32.14729957	-29.87856215	-27.77643967	-25.79178391	-23.86318976	-21.9568699	-20.05843399	-18.15115109	-16.32443922	-36.95517729	-34.01848203	-31.49837215	-29.23599805	-27.11139178	-25.06736764	-23.03831242	-20.97876718	-18.82194816	-16.5176503	-13.97238525	-36.72313415	-33.81124514	-31.29711584	-29.02066283	-26.89112163	-24.82072848	-22.75971118	-20.64185726	-18.4043576	-15.94819709	-13.12080538	-36.95075882	-34.01626184	-31.50242007	-29.2298647	-27.10999205	-25.06407801	-23.03943149	-20.98046835	-18.83413244	-16.52927149	-13.99760585	-37.71642026	-34.68208433	-32.14172445	-29.87474004	-27.78073711	-25.79113008	-23.87378862	-21.96787045	-20.06428513	-18.16972899	-16.36097402	-35.86709175	-33.25393883	-30.98175374	-28.93144644	-27.03530455	-25.2614455	-23.59862272	-22.0613638	-20.72194747	-34.92283077	-32.60731384	-30.58622688	-28.8067016	-27.21709881	-25.83647098	-24.72974585	-34.92414421	-32.90864492	-31.23464335	-29.85398203	-28.79610541
	12750000	-34.3868734	-32.38578973	-30.70441012	-29.32802135	-28.26980377	-34.40898836	-32.08780048	-30.07755125	-28.29132267	-26.69992674	-25.30999205	-24.19142592	-35.34990085	-32.7328521	-30.46014672	-28.40451932	-26.50556345	-24.73828116	-23.0639428	-21.51596661	-20.16552495	-37.20217328	-34.17356081	-31.62830381	-29.36032528	-27.25834281	-25.27679209	-23.34734751	-21.44149062	-19.54088709	-17.63244242	-15.80480796	-36.44562342	-33.5002437	-30.97980233	-28.71967571	-26.59466386	-24.5503465	-22.52216982	-20.46057016	-18.30527398	-15.99720811	-13.45204393	-36.20825306	-33.29096248	-30.77843383	-28.50287353	-26.37122553	-24.30482208	-22.24346736	-20.12539419	-17.88558985	-15.42930888	-12.60011095	-36.43468859	-33.50124754	-30.98336504	-28.71404979	-26.59321913	-24.54727028	-22.52326345	-20.46371022	-18.31575376	-16.01057876	-13.47947468	-37.19980179	-34.17093926	-31.62554581	-29.35502879	-27.26751457	-25.27683342	-23.35808943	-21.45165525	-19.546738	-17.65159791	-15.84166032	-35.35436014	-32.73585154	-30.46685683	-28.41659963	-26.51600432	-24.74504378	-23.07943394	-21.54437616	-20.20336723	-34.40292157	-32.09060812	-30.07542343	-28.29004257	-26.70029077	-25.31915221	-24.21244897	-34.40058941	-32.39223346	-30.71346979	-29.33504937	-28.27592287
	13600000	-33.859241	-31.85355312	-30.17000528	-28.79513644	-27.73984259	-33.87728769	-31.56394015	-29.549708	-27.75845286	-26.17093437	-24.78195006	-23.66049147	-34.82534366	-32.19942205	-29.93309359	-27.87835087	-25.97587055	-24.20766184	-22.53407968	-20.98518183	-19.63383058	-36.66852503	-33.65111157	-31.09711078	-28.83175008	-26.72948344	-24.74677845	-22.81898756	-20.91189644	-19.01085063	-17.10134955	-15.27175372	-35.90989266	-32.97424178	-30.45243055	-28.19020391	-26.06807444	-24.02235063	-21.99318054	-19.93208376	-17.77450407	-15.46703104	-12.91877404	-35.67932793	-32.76068524	-30.25044388	-27.97734793	-25.84495968	-23.77844579	-21.71545306	-19.59615089	-17.35541119	-14.89887641	-12.06710145	-35.90482532	-32.97054665	-30.45420567	-28.18518653	-26.06441069	-24.01952099	-21.99474209	-19.93556306	-17.78649551	-15.47943387	-12.94562913	-36.67373664	-33.64137249	-31.09240831	-28.8284803	-26.73522283	-24.7492816	-22.82922755	-20.92410489	-19.01773587	-17.12071471	-15.30833343	-34.82576962	-32.20732859	-29.93618265	-27.88815463	-25.9885974	-24.21523292	-22.5512884	-21.01260475	-19.67288072	-33.87490425	-31.56057473	-29.54301327	-27.76039103	-26.17238047	-24.78826364	-23.68179621	-33.86768341	-31.858274	-30.18327232	-28.80179782	-27.74788888
	14450000	-33.32733102	-31.32293895	-29.64275431	-28.26538762	-27.20551029	-33.34602491	-31.03240048	-29.01987178	-27.2310418	-25.64024022	-24.24979507	-23.12877288	-34.29151937	-31.67011953	-29.39891409	-27.34655451	-25.44989292	-23.67744268	-22.0068352	-20.45665385	-19.10353693	-36.13491642	-33.11756476	-30.56940157	-28.30244495	-26.20283486	-24.2186595	-22.29019791	-20.3838648	-18.48208131	-16.57147038	-14.74012217	-35.38229532	-32.44400496	-29.92389375	-27.66311715	-25.53795168	-23.49370632	-21.46526261	-19.40335248	-17.24634062	-14.93648812	-12.38652363	-35.14646105	-32.2336818	-29.72599033	-27.4480958	-25.31763358	-23.248675	-21.18626357	-19.06872036	-16.82672989	-14.36762336	-11.5346	-35.37071422	-32.44233023	-29.92478339	-27.6598288	-25.5392229	-23.490376	-21.46582936	-19.40661411	-17.25629222	-14.94952732	-12.41483529	-36.14339018	-33.10924268	-30.56649202	-28.30021501	-26.2092409	-24.22209332	-22.30246901	-20.39610065	-18.48922699	-16.59150327	-14.77713702	-34.29103954	-31.67654373	-29.40895384	-27.35939644	-25.46304836	-23.6870532	-22.02200228	-20.48432734	-19.14137648	-33.34693482	-31.02786305	-29.01833008	-27.23055189	-25.64311462	-24.26082372	-23.15185587	-33.33858813	-31.33408409	-29.65431665	-28.27504973	-27.2171725
	15300000	-32.81438551	-30.80254158	-29.11969688	-27.73952291	-26.68502875	-32.82796071	-30.51043264	-28.50008937	-26.70930941	-25.1207234	-23.72969839	-22.60804964	-33.77104903	-31.15197294	-28.88217311	-26.83062575	-24.92971091	-23.1594751	-21.48644358	-19.93567597	-18.58263712	-35.61865939	-32.59849961	-30.04895877	-27.78223971	-25.68505389	-23.70232727	-21.77193152	-19.86458386	-17.96276517	-16.05134733	-14.21848212	-34.85643387	-31.92635623	-29.40860533	-27.14230772	-25.02133086	-22.97525401	-20.946477	-18.88402546	-16.72702101	-14.41515923	-11.86389304	-34.62237557	-31.71357762	-29.20071645	-26.92994353	-24.79740002	-22.73027664	-20.66859586	-18.54816942	-16.30673363	-13.84744355	-11.01304286	-34.85423449	-31.92111001	-29.40854763	-27.13855929	-25.02146459	-22.97273654	-20.94837667	-18.88652826	-16.73791342	-14.42902539	-11.89288702	-35.61724915	-32.59141184	-30.04667055	-27.781539	-25.69118402	-23.70308533	-21.78385067	-19.87757458	-17.969884	-16.07088691	-14.25573348	-33.77769112	-31.16023703	-28.88867143	-26.83997225	-24.94398442	-23.16905253	-21.50264331	-19.96409031	-18.62022144	-32.82601113	-30.5127388	-28.49915334	-26.71215457	-25.12456491	-23.74166059	-22.6301763	-32.82342602	-30.81433807	-29.13494296	-27.75504206	-26.69698284
	16150000	-32.31878206	-30.3107909	-28.63156497	-27.25131255	-26.194901	-32.3330488	-30.02373779	-28.00824049	-26.22269625	-24.63063312	-23.23975618	-22.11782579	-33.27633094	-30.66135958	-28.39329911	-26.34139134	-24.44468511	-22.67254856	-20.99800164	-19.44516707	-18.09244944	-35.12233438	-32.11049574	-29.55784533	-27.29480767	-25.19709335	-23.2148618	-21.28503715	-19.37724127	-17.47493052	-15.56172825	-13.72735754	-34.36848478	-31.43566701	-28.91878646	-26.65682447	-24.5336303	-22.48820335	-20.45804358	-18.3967251	-16.23985662	-13.92554952	-11.37281502	-34.13749512	-31.22425421	-28.7164749	-26.440047	-24.31071772	-22.24306147	-20.18133909	-18.0603484	-15.81788263	-13.35785226	-10.52123569	-34.37197054	-31.43406413	-28.91819798	-26.65201538	-24.53137831	-22.48430513	-20.46174488	-18.39879303	-16.2479276	-13.94068919	-11.40307153	-35.12939807	-32.10280419	-29.55936849	-27.29173242	-25.20266996	-23.21741789	-21.29569915	-19.39203629	-17.48196161	-15.58271811	-13.76480689	-33.28541892	-30.6700499	-28.40016412	-26.35128106	-24.45563231	-22.68220724	-21.01520203	-19.47492209	-18.12943614	-32.33552452	-30.0233936	-28.01148799	-26.22158838	-24.63545212	-23.25202877	-22.14078126	-32.3327585	-30.32236448	-28.64236139	-27.26254085	-26.20605063
	17000000	-31.85730613	-29.85106618	-28.16808422	-26.79195721	-25.73355589	-31.87490294	-29.56633803	-27.54820928	-25.76310962	-24.17149963	-22.78115655	-21.65795957	-32.8263092	-30.20403485	-27.93707004	-25.88571895	-23.98654193	-22.21514061	-20.54091423	-18.98683974	-17.63237416	-34.66614264	-31.64723316	-29.10124456	-26.8356465	-24.74046382	-22.75821602	-20.82926843	-18.92010853	-17.01588691	-15.1031104	-13.26673609	-33.90923683	-30.98241742	-28.45997228	-26.19915792	-24.07702493	-22.03174302	-20.0020291	-17.93857592	-15.78208088	-13.46682017	-10.91251912	-33.67780508	-30.76332522	-28.25728412	-25.98499712	-23.85418335	-21.78691796	-19.72356563	-17.6027585	-15.360434	-12.89958016	-10.06087742	-33.91251906	-30.98035081	-28.4618916	-26.19373433	-24.07762765	-22.02847362	-20.00358408	-17.9419432	-15.79100715	-13.48186533	-10.94288357	-34.67282531	-31.64389221	-29.0993516	-26.83585666	-24.74916504	-22.76240776	-20.8387528	-18.93624311	-17.02558673	-15.12302842	-13.30549404	-32.82860262	-30.21349103	-27.94372392	-25.8935299	-24.00009285	-22.22524067	-20.55539296	-19.0158023	-17.66992405	-31.87670618	-29.56472723	-27.55333459	-25.76741642	-24.18012035	-22.79431795	-21.68180829	-31.87164096	-29.8613049	-28.18535897	-26.80279654	-25.74757791
	17850000	-31.4073913	-29.40376714	-27.72349639	-26.34353328	-25.28369418	-31.42734198	-29.11660958	-27.10298337	-25.31663755	-23.72600071	-22.33300137	-21.2096883	-32.37487491	-29.75596876	-27.49035899	-25.43884643	-23.54161921	-21.76675803	-20.09324259	-18.53819252	-17.18361489	-34.21708379	-31.20343714	-28.65580935	-26.38932837	-24.29637363	-22.31420246	-20.38435006	-18.47387483	-16.57028586	-14.65453462	-12.81669152	-33.46181699	-30.531788	-28.01459575	-25.75240097	-23.63202921	-21.58504578	-19.55694298	-17.49372511	-15.33574572	-13.01900739	-10.46241165	-33.23289006	-30.31995788	-27.81142292	-25.54073944	-23.40932022	-21.34050359	-19.27778677	-17.15715251	-14.91434215	-12.45080226	-9.610660029	-33.46145819	-30.52979709	-28.01519783	-25.75008116	-23.63159337	-21.58420654	-19.55926514	-17.49492021	-15.34291761	-13.03414399	-10.49301803	-34.21980459	-31.19551184	-28.65060986	-26.39080109	-24.30038679	-22.31748008	-20.39343651	-18.4907868	-16.57765091	-14.67603161	-12.85504985	-32.37987357	-29.76653069	-27.49479269	-25.44674168	-23.55396577	-21.77758909	-20.11036089	-18.56739704	-17.21978298	-31.42953827	-29.11891089	-27.10721783	-25.32069548	-23.73394423	-22.34618786	-21.23295426	-31.42114895	-29.4147741	-27.73153429	-26.35564491	-25.29866715
	18700000	-30.98425602	-28.97448587	-27.2978284	-25.91606099	-24.85669186	-31.00148815	-28.69022581	-26.67831138	-24.89106333	-23.30179661	-21.90780967	-20.78166458	-31.94722641	-29.32968257	-27.06191197	-25.01525743	-23.11834663	-21.34478881	-19.66962933	-18.1130312	-16.75722093	-33.78778146	-30.77704783	-28.22710695	-25.96805709	-23.87311995	-21.89086957	-19.96044087	-18.05165787	-16.14614499	-14.22986109	-12.38974637	-33.04068682	-30.11152349	-27.59043407	-25.33088555	-23.20964292	-21.16324278	-19.13331675	-17.06951348	-14.91194375	-12.59308131	-10.03523773	-32.80566155	-29.89224061	-27.38777929	-25.11620067	-22.98596534	-20.91907372	-18.85463289	-16.73364129	-14.49038966	-12.0264684	-9.18362351	-33.03739732	-30.10793072	-27.59005147	-25.32655434	-23.20866447	-21.16095484	-19.13577742	-17.07227212	-14.92005938	-12.60901819	-10.0665838	-33.79662702	-30.77278992	-28.22792195	-25.96690683	-23.87998531	-21.89465997	-19.97155325	-18.06837179	-16.15540709	-14.25069566	-12.42893667	-31.95753782	-29.34061563	-27.07231076	-25.02331456	-23.13107083	-21.3560082	-19.68631255	-18.14347938	-16.79395915	-31.00533606	-28.69360361	-26.68266244	-24.89658883	-23.30905865	-21.92173437	-20.80662651	-30.99416496	-28.98554563	-27.3067196	-25.9287206	-24.87556311
	19550000	-30.58176692	-28.57593674	-26.89659544	-25.51805549	-24.45690358	-30.59691988	-28.29301611	-26.27828237	-24.49116236	-22.90036253	-21.50781044	-20.381373	-31.5475382	-28.93065204	-26.66325371	-24.61533645	-22.71710988	-20.94453174	-19.26939845	-17.71305877	-16.35673901	-33.39332671	-30.3761525	-27.83042813	-25.56521643	-23.47363953	-21.49065827	-19.56145531	-17.65022641	-15.74553782	-13.8291438	-11.98883964	-32.64212171	-29.71275299	-27.19153434	-24.93079421	-22.80980591	-20.7619032	-18.73438234	-16.67014374	-14.51183459	-12.19316341	-9.633848039	-32.40177461	-29.49364847	-26.98721537	-24.71817694	-22.58740153	-20.51757163	-18.45590539	-16.33353205	-14.09050161	-11.62563647	-8.782446948	-32.63984883	-29.70831809	-27.19311122	-24.92807906	-22.80781708	-20.76150278	-18.73630079	-16.67199839	-14.5187243	-12.20900031	-9.665168851	-33.39214735	-30.37201061	-27.82882129	-25.56759543	-23.48081796	-21.49567266	-19.57146227	-17.66956206	-15.7558771	-13.8504611	-12.02829687	-31.55536024	-28.94278713	-26.67222549	-24.62364907	-22.73062533	-20.9552123	-19.28626415	-17.74238867	-16.39341725	-30.59967666	-28.29295602	-26.2843492	-24.4962433	-22.91076946	-21.52226435	-20.40642033	-30.59147263	-28.58405412	-26.91068021	-25.52770236	-24.47365359
	20400000	-30.26680013	-28.25811413	-26.58028791	-25.20110459	-24.14093203	-30.27817703	-27.97244874	-25.95820066	-24.17079586	-22.57963502	-21.18808343	-20.06385259	-31.22947132	-28.61005632	-26.34401896	-24.29438572	-22.39815285	-20.6233776	-18.94753035	-17.39235468	-16.03818806	-33.07160773	-30.05659793	-27.50801375	-25.24483368	-23.15197437	-21.16901652	-19.2387562	-17.32852056	-15.42352803	-13.50887835	-11.67016349	-32.31913784	-29.3896344	-26.87101345	-24.60937801	-22.48662431	-20.43960341	-18.40980988	-16.34680948	-14.18895031	-11.86980805	-9.31381914	-32.08406101	-29.17375614	-26.66550295	-24.39517323	-22.26432136	-20.19538379	-18.13117314	-16.0091914	-13.76628539	-11.30247293	-8.461264334	-32.31699363	-29.38667645	-26.87105427	-24.6068408	-22.48655914	-20.43862679	-18.41263773	-16.34953354	-14.1963659	-11.88599613	-9.345306442	-33.0744767	-30.05293125	-27.50952396	-25.24604834	-23.15849596	-21.17452816	-19.24946566	-17.34885432	-15.4361066	-13.53024385	-11.71011511	-31.23492843	-28.62141249	-26.35316858	-24.3014145	-22.41171501	-20.6350733	-18.96459102	-17.42277353	-16.07500896	-30.28254978	-27.97538234	-25.96895308	-24.17751683	-22.59345025	-21.20511622	-20.08963734	-30.27733628	-28.27020556	-26.59109692	-25.21201532	-24.16092492
	21250000	-30.04491028	-28.03502412	-26.35374262	-24.97758508	-23.91678681	-30.05293297	-27.74519349	-25.73058123	-23.94357493	-22.35275278	-20.96202296	-19.8374412	-31.00449371	-28.38344488	-26.11465662	-24.06747761	-22.17018215	-20.39419739	-18.71959181	-17.16536915	-15.8130659	-32.84691589	-29.8285267	-27.28056467	-25.01495288	-22.92267006	-20.93975012	-19.01068587	-17.10034356	-15.1952668	-13.283085	-11.4471275	-32.09761162	-29.1647078	-26.64230603	-24.37763086	-22.25522659	-20.20859289	-18.18024889	-16.11752714	-13.96127243	-11.64432998	-9.088638947	-31.85705917	-28.94503823	-26.43613757	-24.16569304	-22.03306704	-19.96413942	-17.90151048	-15.78018288	-13.53874504	-11.0762346	-8.236650243	-32.09683902	-29.16137882	-26.64225278	-24.37740188	-22.25542919	-20.20879446	-18.18299197	-16.1189862	-13.96711361	-11.66142141	-9.121110821	-32.85078722	-29.82845016	-27.27962836	-25.01956044	-22.92978942	-20.94573417	-19.02028516	-17.12300718	-15.20980971	-13.30577186	-11.48755861	-31.00752451	-28.39404513	-26.12389576	-24.07463872	-22.18201864	-20.40641297	-18.73740622	-17.19565537	-15.85044352	-30.06173104	-27.74959979	-25.7427364	-23.95047748	-22.36848862	-20.97908011	-19.86521013	-30.05449525	-28.04516923	-26.37009787	-24.98874936	-23.93950902
