BPM Serial No.	16elec																																																																																																	
BPM Size	110																																																																																																	
"Experi,menter"	Tajima      Toyama      Hanamura      Kawachi      																																																																																																	
Meas. Start Time	2019/08/2915:43																																																																																																	
Meas. Finish Time	2019/08/2916:32																																																																																																	
Linear Scale Origin X(mm)	-99.334																																																																																																	
Linear Scale Origin Y(mm)	88.445																																																																																																	
note																																																																																																		
																																																																																																		
																																																																																																		
Data Point Number		1	2	3	4	5	6	7	8	9	10	11	12	13	14	15	16	17	18	19	20	21	22	23	24	25	26	27	28	29	30	31	32	33	34	35	36	37	38	39	40	41	42	43	44	45	46	47	48	49	50	51	52	53	54	55	56	57	58	59	60	61	62	63	64	65	66	67	68	69	70	71	72	73	74	75	76	77	78	79	80	81	82	83	84	85	86	87	88	89	90	91	92	93	94	95	96	97
Linear Scale X (mm)		-119.335	-109.338	-99.337	-89.336	-79.335	-129.336	-119.338	-109.338	-99.337	-89.336	-79.335	-69.334	-139.338	-129.339	-119.338	-109.338	-99.337	-89.336	-79.335	-69.334	-59.333	-149.339	-139.341	-129.339	-119.339	-109.338	-99.337	-89.337	-79.335	-69.334	-59.333	-49.332	-149.339	-139.341	-129.339	-119.339	-109.338	-99.337	-89.336	-79.335	-69.334	-59.333	-49.332	-149.339	-139.341	-129.339	-119.339	-109.338	-99.337	-89.337	-79.335	-69.334	-59.333	-49.332	-149.339	-139.341	-129.339	-119.339	-109.338	-99.337	-89.336	-79.335	-69.334	-59.333	-49.332	-149.339	-139.341	-129.339	-119.339	-109.338	-99.337	-89.336	-79.335	-69.334	-59.333	-49.332	-139.338	-129.339	-119.339	-109.338	-99.337	-89.336	-79.335	-69.334	-59.333	-129.337	-119.338	-109.338	-99.337	-89.336	-79.335	-69.334	-119.336	-109.338	-99.337	-89.336	-79.335
Linear Scale Y (mm)		38.451	38.451	38.451	38.451	38.451	48.448	48.448	48.448	48.448	48.448	48.448	48.448	58.447	58.447	58.447	58.447	58.447	58.447	58.447	58.447	58.447	68.447	68.447	68.447	68.447	68.447	68.447	68.447	68.447	68.447	68.447	68.447	78.446	78.446	78.446	78.446	78.446	78.446	78.446	78.446	78.446	78.446	78.446	88.445	88.445	88.445	88.445	88.445	88.445	88.445	88.445	88.445	88.445	88.445	98.445	98.445	98.445	98.445	98.445	98.445	98.445	98.445	98.445	98.445	98.445	108.445	108.446	108.446	108.446	108.445	108.445	108.445	108.445	108.445	108.445	108.446	118.445	118.445	118.445	118.445	118.445	118.445	118.445	118.445	118.445	128.445	128.445	128.445	128.445	128.445	128.445	128.445	138.445	138.445	138.445	138.445	138.445
R(beam)[mm]		20.001	10.004	0.003	-9.998	-19.999	30.002	20.004	10.004	0.003	-9.998	-19.999	-30	40.004	30.005	20.004	10.004	0.003	-9.998	-19.999	-30	-40.001	50.005	40.007	30.005	20.005	10.004	0.003	-9.997	-19.999	-30	-40.001	-50.002	50.005	40.007	30.005	20.005	10.004	0.003	-9.998	-19.999	-30	-40.001	-50.002	50.005	40.007	30.005	20.005	10.004	0.003	-9.997	-19.999	-30	-40.001	-50.002	50.005	40.007	30.005	20.005	10.004	0.003	-9.998	-19.999	-30	-40.001	-50.002	50.005	40.007	30.005	20.005	10.004	0.003	-9.998	-19.999	-30	-40.001	-50.002	40.004	30.005	20.005	10.004	0.003	-9.998	-19.999	-30	-40.001	30.003	20.004	10.004	0.003	-9.998	-19.999	-30	20.002	10.004	0.003	-9.998	-19.999
Y(beam)[mm]		-49.994	-49.994	-49.994	-49.994	-49.994	-39.997	-39.997	-39.997	-39.997	-39.997	-39.997	-39.997	-29.998	-29.998	-29.998	-29.998	-29.998	-29.998	-29.998	-29.998	-29.998	-19.998	-19.998	-19.998	-19.998	-19.998	-19.998	-19.998	-19.998	-19.998	-19.998	-19.998	-9.999	-9.999	-9.999	-9.999	-9.999	-9.999	-9.999	-9.999	-9.999	-9.999	-9.999	0	0	0	0	0	0	0	0	0	0	0	10	10	10	10	10	10	10	10	10	10	10	20	20.001	20.001	20.001	20	20	20	20	20	20	20.001	30	30	30	30	30	30	30	30	30	40	40	40	40	40	40	40	50	50	50	50	50
Net Ana Temperature[℃]		22.18855362	22.21204363	22.19593872	22.18103869	22.17716178	22.19992469	22.20628928	22.23748377	22.24853025	22.24408985	22.26321735	22.27049078	22.31284342	22.32780317	22.33781096	22.33570761	22.33242015	22.3157128	22.28038432	22.28446897	22.3004726	22.2758764	22.25267463	22.2600026	22.27339392	22.26410802	22.26847053	22.27256037	22.28596728	22.28576214	22.31238639	22.33527136	22.31740847	22.28764736	22.26130875	22.23626071	22.22450013	22.22835367	22.24633861	22.25723448	22.278094	22.28515191	22.28279148	22.27252402	22.26903921	22.28843417	22.28600883	22.28283563	22.25961049	22.2561101	22.2411114	22.26259413	22.26474682	22.2476214	22.28083095	22.27955596	22.29207998	22.30361724	22.30043625	22.28800831	22.29843158	22.32115814	22.31717476	22.28083874	22.23756687	22.26315762	22.23886004	22.25698001	22.24573098	22.24105167	22.25337055	22.27010387	22.26964165	22.23902882	22.23084394	22.23580369	22.25122306	22.26235264	22.25487925	22.25461698	22.23363282	22.20961828	22.1903142	22.17641392	22.17955856	22.18538821	22.19528694	22.21546611	22.22353415	22.19006492	22.18761101	22.18445079	22.14551285	22.12638016	22.12005193	22.11977668	22.10641652
BPM Temperature[℃]		20.20025967	20.18860036	20.19942872	20.2364321	20.28340691	20.29041807	20.27218904	20.28950922	20.29483251	20.31633342	20.31781355	20.31578811	20.2917424	20.32363023	20.31384056	20.30797196	20.3085692	20.30838743	20.31711244	20.28501688	20.26831992	20.32230589	20.3211893	20.31739808	20.30859517	20.28891197	20.30485588	20.28963905	20.28719813	20.29397559	20.29909115	20.29433913	20.32383796	20.32227993	20.32022851	20.30846533	20.28374448	20.3084134	20.30340171	20.29922098	20.30882888	20.30129836	20.31225656	20.28867827	20.29343028	20.2900805	20.3027006	20.29805245	20.27748637	20.24292392	20.23578291	20.28496494	20.32173461	20.30462218	20.26263308	20.24552064	20.22459102	20.22635679	20.2324591	20.2339652	20.24578032	20.27283822	20.29137886	20.29363802	20.32723968	20.33014801	20.31685277	20.29966243	20.28343287	20.28917164	20.31337315	20.33830174	20.33417294	20.31887821	20.29615684	20.2942093	20.24894833	20.27187743	20.28966502	20.27322773	20.27382498	20.285718	20.29010647	20.28600364	20.26543755	20.2914308	20.26138665	20.28358868	20.28208258	20.24050896	20.18701636	20.14681901	20.03225136	20.00353155	19.99356011	20.01342508	20.0379382
Frequency (Hz) / Data (dB)	850000	-55.61424151	-53.63200485	-51.95750298	-50.6064327	-49.51229783	-55.6310948	-53.42247879	-51.36139147	-49.59923779	-47.99715436	-46.59683882	-45.44160776	-56.65439221	-54.02980191	-51.8068837	-49.73968491	-47.80251439	-46.03546311	-44.38548777	-42.75048408	-41.39339314	-58.38571721	-55.50677532	-52.97007662	-50.69401851	-48.59631383	-46.53428729	-44.61089537	-42.77095904	-40.82182942	-38.90044847	-37.08568892	-57.66860791	-54.74016102	-52.33711507	-50.08709732	-47.96647321	-45.88897697	-43.86258086	-41.82101766	-39.64480582	-37.33129668	-34.77649583	-57.4444986	-54.58883905	-52.08252258	-49.8385694	-47.73742825	-45.658923	-43.58492555	-41.43545397	-39.23464482	-36.7811513	-33.94159178	-57.73433748	-54.7817489	-52.23283813	-50.04193018	-47.89416303	-45.89246534	-43.87628269	-41.82156474	-39.61521643	-37.34511249	-34.80151167	-58.4413503	-55.39092585	-52.88829281	-50.69836841	-48.60839515	-46.61109079	-44.640221	-42.72580793	-40.86544798	-38.95809921	-37.12678781	-56.61198475	-54.04348862	-51.77718081	-49.75100489	-47.78126655	-46.06341687	-44.40027747	-42.83234848	-41.47332633	-55.62038206	-53.31367208	-51.30038828	-49.59322272	-47.94041119	-46.59118862	-45.48981831	-55.62699787	-53.70386035	-51.99496533	-50.54128153	-49.48203435
	1700000	-49.69602477	-47.72360653	-46.0082922	-44.66562022	-43.65035415	-49.68689113	-47.50077127	-45.50023867	-43.73784537	-42.14024485	-40.76518487	-39.62001241	-50.72887259	-48.15943025	-45.90585648	-43.85596466	-41.96956012	-40.2093098	-38.54480549	-36.95148746	-35.58242491	-52.49150604	-49.5564517	-46.9874286	-44.83059099	-42.73866975	-40.70294943	-38.79303865	-36.94177613	-35.00307331	-33.08351986	-31.25890226	-51.78549467	-48.9017804	-46.41141274	-44.14085021	-42.05706591	-40.02886456	-38.01862169	-35.97163839	-33.80513173	-31.49824664	-28.93959825	-51.57897253	-48.74055141	-46.18703848	-43.97735141	-41.8651895	-39.81938972	-37.76003901	-35.60483139	-33.39271823	-30.93497513	-28.10005816	-51.80603338	-48.92217677	-46.40913483	-44.19895501	-42.04751853	-40.05002531	-38.03998191	-35.97993764	-33.78848513	-31.50991647	-28.95965278	-52.52554019	-49.59781875	-47.02106541	-44.81857862	-42.74430737	-40.75603062	-38.82172433	-36.91068228	-35.02549619	-33.12046793	-31.29710995	-50.67488652	-48.15555418	-45.90918424	-43.88273	-41.95068888	-40.22471016	-38.55726182	-37.00073007	-35.65193644	-49.77748382	-47.45814767	-45.46831889	-43.73689334	-42.1062293	-40.76470013	-39.63889414	-49.73045569	-47.75199226	-46.10347954	-44.67223264	-43.65170963
	2550000	-46.41731217	-44.42919056	-42.76479071	-41.40498387	-40.35493995	-46.44389497	-44.19712142	-42.20302375	-40.43531961	-38.84337945	-37.44615314	-36.3189933	-47.43055413	-44.8623332	-42.5955648	-40.55680412	-38.66410491	-36.89876153	-35.22230881	-33.63612319	-32.26977124	-49.2455777	-46.26922193	-43.72979527	-41.52417506	-39.42865097	-37.41128119	-35.49386764	-33.6212819	-31.68760103	-29.76641437	-27.93703444	-48.48989781	-45.59869985	-43.12775787	-40.86378495	-38.76664313	-36.73311474	-34.70784533	-32.65037767	-30.48415312	-28.17471635	-25.61389559	-48.29666815	-45.41604734	-42.89339975	-40.67755086	-38.55588218	-36.49751206	-34.44074678	-32.29198596	-30.0731689	-27.61053315	-24.77080055	-48.49426867	-45.61997498	-43.10460404	-40.88696592	-38.74617052	-36.73523614	-34.71745523	-32.65817911	-30.47413191	-28.18576899	-25.63577163	-49.23903117	-46.28218688	-43.73512836	-41.51195051	-39.43166907	-37.4467207	-35.50578394	-33.59712553	-31.71005592	-29.80490851	-27.97569371	-47.38567885	-44.84991989	-42.60501836	-40.57613496	-38.64966778	-36.90933458	-35.24350156	-33.68972092	-32.33746962	-46.4936685	-44.16838023	-42.16216146	-40.42465979	-38.80569078	-37.45298707	-36.32887422	-46.44311861	-44.46969383	-42.81684772	-41.40713816	-40.35855837
	3400000	-44.10459591	-42.12740404	-40.46710884	-39.09342506	-38.03450561	-44.1490157	-41.8792564	-39.87526321	-38.10469226	-36.51281991	-35.11888714	-33.98332212	-45.11209894	-42.52951703	-40.2715563	-38.22665623	-36.33323448	-34.56668725	-32.89419276	-31.31095341	-29.94295589	-46.93783092	-43.94723809	-41.42907642	-39.19079215	-37.10052162	-35.08914285	-33.16682425	-31.28414088	-29.35094794	-27.43369585	-25.60452246	-46.17810908	-43.26756786	-40.80274756	-38.54882354	-36.43845663	-34.40456916	-32.37764479	-30.31494423	-28.14658754	-25.83594899	-23.27390618	-45.96471172	-43.09069894	-40.57334083	-38.34203738	-36.22321581	-34.16231694	-32.10246186	-29.95747656	-27.73442015	-25.27295153	-22.43021861	-46.19816361	-43.29535863	-40.77396363	-38.55369073	-36.41672255	-34.39650944	-32.37879934	-30.31834913	-28.13737231	-25.84627963	-23.29493819	-46.94365479	-43.95585198	-41.40918944	-39.18142159	-37.09745209	-35.11637583	-33.17942749	-31.26273297	-29.37736957	-27.46947629	-25.64090732	-45.08817445	-42.52819633	-40.28090186	-38.24421828	-36.31819036	-34.57262954	-32.91085745	-31.3616614	-30.00636005	-44.18114795	-41.84940366	-39.84428836	-38.09592072	-36.48014966	-35.12339427	-34.005216	-44.12127449	-42.1593899	-40.49620696	-39.08783589	-38.04276968
	4250000	-42.32315609	-40.33701501	-38.68300801	-37.30434992	-36.24395746	-42.37174618	-40.07850229	-38.08051977	-36.30064971	-34.71097556	-33.31663893	-32.18567295	-43.31950704	-40.73123865	-38.47358282	-36.42144856	-34.53253171	-32.76326128	-31.08834097	-29.51068709	-28.14303796	-45.15152769	-42.17088087	-39.63789363	-37.38144899	-35.28879456	-33.28976057	-31.36473929	-29.47559255	-27.54625891	-25.63052032	-23.80116632	-44.38840504	-41.47527751	-38.99838289	-36.74935289	-34.63762984	-32.59942895	-30.5722116	-28.50493816	-26.33907977	-24.02817372	-21.46667785	-44.17125888	-41.29641811	-38.78000027	-36.5387374	-34.41719203	-32.35394667	-30.29354861	-28.15082473	-25.92782675	-23.46412091	-20.62107005	-44.40799217	-41.49008738	-38.98398998	-36.74530839	-34.61251536	-32.59189722	-30.57249335	-28.50960706	-26.33216036	-24.03934704	-21.48885088	-45.15688651	-42.16606825	-39.61706542	-37.38299159	-35.29407292	-33.31245114	-31.37242684	-29.45721158	-27.56926416	-25.66467047	-23.83680366	-43.30028178	-40.73522101	-38.48180106	-36.43797623	-34.51814142	-32.77161172	-31.10518948	-29.55632302	-28.20240081	-42.38869024	-40.05642534	-38.04807948	-36.29371544	-34.67945965	-33.32295392	-32.20200153	-42.33851499	-40.37089915	-38.69901569	-37.29061621	-36.24564487
	5100000	-40.8691183	-38.87390047	-37.22168459	-35.84166686	-34.78130247	-40.91676488	-38.61477872	-36.61755306	-34.83418252	-33.24419353	-31.85007851	-30.71842054	-41.86018154	-39.26483914	-37.00415931	-34.95779354	-33.06139855	-31.2951006	-29.61885962	-28.04318002	-26.67810634	-43.69610157	-40.69882599	-38.16746448	-35.91415082	-33.82403371	-31.82005573	-29.89359482	-28.00306742	-26.07737587	-24.1615381	-22.33436021	-42.92435125	-40.01105721	-37.53169878	-35.27951064	-33.16906598	-31.12408466	-29.09858744	-27.0315283	-24.86659893	-22.5561942	-19.99805716	-42.71818569	-39.83063907	-37.30822128	-35.06448218	-32.9453494	-30.87952866	-28.818776	-26.67861031	-24.45356786	-21.99106841	-19.15101846	-42.95380388	-40.02594213	-37.50918372	-35.27445798	-33.14150884	-31.11947153	-29.09747926	-27.03612281	-24.86147925	-22.56743656	-20.01985116	-43.70743193	-40.68981814	-38.14534646	-35.91463582	-33.82685586	-31.84026568	-29.90403807	-27.9894013	-26.09862594	-24.19538381	-22.37096772	-41.83528939	-39.26596126	-37.01006638	-34.97487241	-33.04954556	-31.30241558	-29.63595715	-28.0878623	-26.73665612	-40.92612213	-38.59009643	-36.58342611	-34.83006262	-33.21391846	-31.85493036	-30.73558183	-40.87647431	-38.90438731	-37.23370298	-35.82863655	-34.78342655
	5950000	-39.6712618	-37.66883584	-36.01387676	-34.63220279	-33.56835672	-39.70430125	-37.40389377	-35.40230789	-33.6196924	-32.0300576	-30.63635511	-29.50572051	-40.658102	-38.05192092	-35.78640683	-33.73897824	-31.84709465	-30.07621818	-28.40245945	-26.82697674	-25.46610601	-42.49481201	-39.49273908	-36.9619594	-34.69664303	-32.60557019	-30.60535944	-28.6771115	-26.78539004	-24.86069964	-22.94687687	-21.12112545	-41.71668618	-38.79587709	-36.31151921	-34.06009372	-31.94751099	-29.90607381	-27.8775031	-25.8121123	-23.6466665	-21.33845069	-18.78098195	-41.51067753	-38.61343072	-36.09327476	-33.84954709	-31.72513458	-29.65855993	-27.59800302	-25.45928137	-23.23439395	-20.77240367	-17.93274492	-41.74263263	-38.82529709	-36.29602964	-34.05485316	-31.92364624	-29.90005183	-27.87481979	-25.81655289	-23.64109678	-21.34868876	-18.80356553	-42.49357108	-39.48450467	-36.93385164	-34.69692178	-32.60521006	-30.62119144	-28.68713448	-26.77220453	-24.88186345	-22.98078681	-21.1579663	-40.63402481	-38.05341351	-35.79503279	-33.75449352	-31.83506999	-30.08645936	-28.41884384	-26.87340848	-25.52353512	-39.71300766	-37.38134306	-35.3740654	-33.61573954	-32.00498354	-30.64164906	-29.52647346	-39.67301011	-37.6949841	-36.02108254	-34.61902793	-33.57590962
	6800000	-38.64700999	-36.65427609	-34.9954019	-33.6151881	-32.55019398	-38.6847858	-36.38481147	-34.37873337	-32.59373225	-31.00536869	-29.61253037	-28.48754259	-39.62531766	-37.03259001	-34.76781967	-32.71296617	-30.81830493	-29.05279245	-27.37631935	-25.80467394	-24.44612442	-41.48116212	-38.46354915	-35.93590988	-33.67119048	-31.57656184	-29.5762582	-27.64854447	-25.75588967	-23.8349336	-21.92344071	-20.10051313	-40.70036189	-37.77916201	-35.28796767	-33.03306187	-30.91786676	-28.87590498	-26.84686426	-24.78284394	-22.61978733	-20.31195369	-17.75857706	-40.48585034	-37.59116605	-35.06941701	-32.82275755	-30.69481337	-28.62749476	-26.56760323	-24.43056276	-22.20566375	-19.7451054	-16.90975593	-40.72723487	-37.7973865	-35.27324933	-33.02946131	-30.89701296	-28.86872163	-26.845982	-24.78657916	-22.61684726	-20.323603	-17.7808841	-41.47429145	-38.45606857	-35.90714429	-33.66817006	-31.57907316	-29.59183897	-27.65986658	-25.74620788	-23.85772269	-21.95647641	-20.13745615	-39.61729939	-37.02631611	-34.76937666	-32.73241164	-30.80871771	-29.0584614	-27.39411264	-25.84946032	-24.50274493	-38.68712621	-36.36076144	-34.350205	-32.59282291	-30.97992077	-29.62073901	-28.50428559	-38.65674267	-36.67336422	-35.00567492	-33.60310792	-32.55635987
	7650000	-37.79715654	-35.7987461	-34.13746526	-32.75891656	-31.69966073	-37.83604933	-35.52601015	-33.52084533	-31.73251947	-30.14467353	-28.75333661	-27.62842011	-38.77998623	-36.1710898	-33.90570208	-31.84485336	-29.95477931	-28.18603109	-26.51267333	-24.94344714	-23.59076612	-40.61510858	-37.60999951	-35.07424148	-32.80604932	-30.71284212	-28.70980172	-26.78614753	-24.89326256	-22.97408708	-21.06510952	-19.24496641	-39.85077894	-36.91645943	-34.42973482	-32.17019681	-30.05247036	-28.00667043	-25.97944695	-23.91762134	-21.75500545	-19.45028463	-16.8996006	-39.6359424	-36.73111757	-34.20931067	-31.95540984	-29.8261347	-27.76182373	-25.70121095	-23.56614152	-21.34168927	-18.88293217	-16.05060546	-39.87114791	-36.93506178	-34.41286438	-32.16554643	-30.02989034	-28.00305835	-25.97907118	-23.91944351	-21.75348722	-19.46098664	-16.92292759	-40.62458983	-37.6091499	-35.04588989	-32.80505327	-30.71163727	-28.72832488	-26.79422422	-24.8833613	-22.99348712	-21.09756007	-19.28032859	-38.76190819	-36.17262862	-33.90709896	-31.86596743	-29.94594284	-28.19590849	-26.53037705	-24.9888447	-23.64323716	-37.84075978	-35.50468876	-33.49564434	-31.73067287	-30.12149515	-28.75937271	-27.64854339	-37.80405432	-35.82083983	-34.14969191	-32.74820491	-31.70486385
	8500000	-37.08024393	-35.08044896	-33.41810194	-32.0403243	-30.98400681	-37.11325931	-34.80699487	-32.79559882	-31.01022748	-29.41994512	-28.03298867	-26.90966549	-38.05471602	-35.44574529	-33.18118032	-31.12674059	-29.23148184	-27.46461988	-25.7892603	-24.22364701	-22.87167105	-39.90231112	-36.88746892	-34.34729499	-32.08291429	-29.98652682	-27.98877029	-26.06042333	-24.1674347	-22.25175969	-20.3441764	-18.52709915	-39.12693858	-36.19921489	-33.70247999	-31.44242199	-29.32359856	-27.28216458	-25.25469923	-23.18978	-21.03049453	-18.72731758	-16.18052453	-38.91527592	-36.00488136	-33.48167557	-31.22961077	-29.10099972	-27.03456898	-24.97285607	-22.84195735	-20.61551005	-18.15890487	-15.32992227	-39.14965078	-36.21164518	-33.68806946	-31.43924933	-29.30730006	-27.27524207	-25.25263062	-23.1933015	-21.02934037	-18.73868463	-16.20350696	-39.90416798	-36.87676548	-34.32896627	-32.08152656	-29.9871495	-28.00417161	-26.07091253	-24.15957552	-22.27119691	-20.37623916	-18.56382078	-38.0488279	-35.44782502	-33.18423047	-31.1399749	-29.22348562	-27.47091568	-25.80620801	-24.26469943	-22.92580783	-37.11825641	-34.78293454	-32.77345002	-31.01117494	-29.40344149	-28.040315	-26.93022039	-37.09099016	-35.10314716	-33.42839487	-32.03198219	-30.98835151
	9350000	-36.47307076	-34.46702603	-32.80339838	-31.4251932	-30.36941053	-36.50615425	-34.18858246	-32.18005584	-30.3934536	-28.80333664	-27.41367992	-26.29366746	-37.44412119	-34.83531375	-32.56336435	-30.50664078	-28.61024987	-26.84374739	-25.1682417	-23.60690164	-22.25661251	-39.28968884	-36.2779412	-33.72825699	-31.465173	-29.36556717	-27.36591335	-25.44098085	-23.54682713	-21.63365447	-19.72738905	-17.91270652	-38.522197	-35.58534643	-33.08557772	-30.82332907	-28.70342883	-26.65815815	-24.62934535	-22.5679494	-20.40973031	-18.10804155	-15.56236778	-38.30200817	-35.3901584	-32.86834106	-30.60745459	-28.47806633	-26.41162146	-24.34923348	-22.21937118	-19.99426944	-17.53945717	-14.71159128	-38.53394302	-35.59347713	-33.07072813	-30.81689173	-28.6862814	-26.65284708	-24.62973312	-22.57016138	-20.40915665	-18.11938849	-15.58657606	-39.29872359	-36.26846977	-33.70922928	-31.45821078	-29.36962778	-27.38413469	-25.44953892	-23.54158782	-21.65127036	-19.75958898	-17.94841854	-37.43305614	-34.8351834	-32.5679501	-30.52226096	-28.60683541	-26.85024366	-25.18495966	-23.64866438	-22.30852023	-36.50149805	-34.17060919	-32.15971086	-30.39324747	-28.78759169	-27.42300456	-26.3152541	-36.48203136	-34.48944931	-32.81491387	-31.41878598	-30.37781131
	10200000	-35.9306984	-33.91899156	-32.25817648	-30.87880707	-29.82021733	-35.95769913	-33.64085336	-31.62918192	-29.84066075	-28.25063534	-26.86421021	-25.74327963	-36.89887979	-34.2815262	-32.00936584	-29.95426737	-28.05916768	-26.29133932	-24.61548769	-23.05647676	-21.70771588	-38.75499991	-35.72663095	-33.17880772	-30.9107758	-28.81164041	-26.81573435	-24.88852033	-22.9943973	-21.08110674	-19.17655729	-17.36209448	-37.97772335	-35.0391848	-32.53025565	-30.27049485	-28.14794661	-26.10152641	-24.07586139	-22.0125015	-19.85678262	-17.55535603	-15.01145589	-37.75274208	-34.83974484	-32.31477461	-30.05428979	-27.9247057	-25.8547603	-23.79462217	-21.66576284	-19.44038365	-16.98552247	-14.16004111	-37.99090767	-35.05116356	-32.52543146	-30.26451928	-28.13333063	-26.09691698	-24.07570612	-22.01679039	-19.857271	-17.56670323	-15.03625151	-38.74547044	-35.71787065	-33.15795601	-30.9081062	-28.8137525	-26.82787875	-24.89928407	-22.98963595	-21.1009308	-19.20775558	-17.39907919	-36.88901275	-34.28428411	-32.01697573	-29.96828427	-28.05468864	-26.29621453	-24.63331712	-23.09596385	-21.75825949	-35.95624971	-33.62591809	-31.61118535	-29.84191676	-28.23764264	-26.87191235	-25.76457847	-35.93504588	-33.93992384	-32.26627818	-30.87358735	-29.82924025
	11050000	-35.41225981	-33.40404846	-31.73590702	-30.35896779	-29.30077865	-35.43801763	-33.1276347	-31.10844923	-29.32057406	-27.73138979	-26.34264386	-25.22504077	-36.38304889	-33.75981066	-31.49059591	-29.43213996	-27.54053961	-25.76854761	-24.09664189	-22.5372854	-21.18915946	-38.23524228	-35.20833604	-32.65870104	-30.39252354	-28.29354958	-26.2948198	-24.36869948	-22.47236196	-20.56155328	-18.65696132	-16.84186383	-37.46302946	-34.52050152	-32.0117813	-29.74847847	-27.62651501	-25.5816687	-23.55309172	-21.49061387	-19.33641207	-17.0332458	-14.48979123	-37.24344825	-34.31963973	-31.79735366	-29.53340052	-27.40165704	-25.33654652	-23.2743902	-21.14488168	-18.91950695	-16.46445994	-13.6373333	-37.478375	-34.53174232	-32.00090029	-29.74519754	-27.61271638	-25.57748509	-23.55589764	-21.4955154	-19.33513215	-17.04535623	-14.51472472	-38.22633793	-35.19854869	-32.63985868	-30.3884567	-28.29480542	-26.31032267	-24.37774455	-22.47092002	-20.57996211	-18.68791749	-16.87875119	-36.37265705	-33.76316742	-31.49338564	-29.44718577	-27.53715922	-25.77650977	-24.11141535	-22.57639678	-21.23709323	-35.43906365	-33.10810961	-31.09457787	-29.32404242	-27.71940396	-26.35103225	-25.24532105	-35.41908558	-33.42528746	-31.7464418	-30.35310272	-29.31172455
	11900000	-34.90056655	-32.89206579	-31.22298094	-29.84375319	-28.78765045	-34.92258614	-32.60923928	-30.59703958	-28.80788867	-27.21494169	-25.8288784	-24.70992787	-35.87868796	-33.25171419	-30.9764879	-28.92199617	-27.02630034	-25.25557047	-23.58144336	-22.02303684	-20.6737078	-37.72016454	-34.69869634	-32.14443446	-29.87630131	-27.78034831	-25.78338993	-23.85603398	-21.95918083	-20.04956759	-18.14329964	-16.3266354	-36.95161207	-34.00890098	-31.50034329	-29.23615896	-27.1129671	-25.06938343	-23.04026129	-20.9779938	-18.82219183	-16.51858157	-13.97288942	-36.72810699	-33.80996321	-31.28412252	-29.02137716	-26.88799354	-24.82260507	-22.759829	-20.63209346	-18.40503672	-15.94883307	-13.1215927	-36.96516264	-34.01834213	-31.49053831	-29.23268933	-27.09866228	-25.06504855	-23.04014503	-20.98179677	-18.82227002	-16.53104979	-13.99950108	-37.72002922	-34.68764955	-32.13406706	-29.87592241	-27.78033173	-25.7965717	-23.86544159	-21.95783723	-20.06662961	-18.17310982	-16.3634859	-35.86292478	-33.25348975	-30.9814476	-28.93444862	-27.02329422	-25.26381145	-23.59874319	-22.06321068	-20.72447457	-34.92455552	-32.59621426	-30.58349114	-28.80864655	-27.20912329	-25.84003584	-24.73026115	-34.90726813	-32.91067236	-31.23376994	-29.84188963	-28.79713766
	12750000	-34.3859762	-32.37634654	-30.70408653	-29.32708776	-28.26997492	-34.40690329	-32.08943137	-30.08055298	-28.29033308	-26.70003264	-25.31104535	-24.19222502	-35.34770039	-32.73225318	-30.46109921	-28.40405676	-26.50910615	-24.73732975	-23.06433031	-21.50624661	-20.15809693	-37.19856756	-34.17428131	-31.62980339	-29.3608812	-27.2638554	-25.26663942	-23.34077544	-21.44294191	-19.53274263	-17.62569151	-15.80626887	-36.43860465	-33.49782205	-30.9841885	-28.72050905	-26.59640004	-24.5526071	-22.52370338	-20.46162939	-18.30529261	-15.99864833	-13.45292568	-36.20562636	-33.29353703	-30.77369656	-28.50518358	-26.3737499	-24.30514337	-22.24366523	-20.11603883	-17.88756746	-15.43011364	-12.60062851	-36.44344408	-33.49971195	-30.97381638	-28.71528631	-26.58412863	-24.54822074	-22.52507989	-20.4640631	-18.30543978	-16.01235012	-13.47878884	-37.20574792	-34.17124174	-31.61647205	-29.35951341	-27.26260236	-25.28025351	-23.34939987	-21.44369314	-19.54985068	-17.65426092	-15.84380846	-35.34644944	-32.73761962	-30.46684467	-28.41731404	-26.50679487	-24.74698693	-23.08206199	-21.54553487	-20.20376933	-34.40254499	-32.07914683	-30.06721084	-28.29275367	-26.69043743	-25.32047345	-24.21177728	-34.39182923	-32.39083037	-30.71569349	-29.32396187	-28.28001933
	13600000	-33.84859202	-31.84423324	-30.17523366	-28.7949788	-27.73873932	-33.87936191	-31.56289216	-29.55073896	-27.76194126	-26.17118248	-24.78005842	-23.66079567	-34.81932355	-32.20292626	-29.93461304	-27.87449167	-25.98203861	-24.20891886	-22.5352009	-20.97614	-19.62586008	-36.67538038	-33.64294871	-31.10026901	-28.82930579	-26.73361128	-24.74064649	-22.81314511	-20.9139346	-19.00370785	-17.09546083	-15.27378514	-35.90911366	-32.96869316	-30.45443991	-28.19037829	-26.06855721	-24.0236108	-21.99515861	-19.93226477	-17.77520093	-15.46796065	-12.91937268	-35.67895068	-32.75998347	-30.24168813	-27.97880739	-25.84480474	-23.77716907	-21.71593473	-19.58672241	-17.35775863	-14.89967762	-12.06691533	-35.9193535	-32.97047669	-30.44690682	-28.18629993	-26.05785792	-24.02010814	-21.99610661	-19.93536859	-17.77549411	-15.48128759	-12.94767584	-36.66875239	-33.64241852	-31.08503216	-28.82973381	-26.73694728	-24.75169437	-22.82081103	-20.91559833	-19.01998062	-17.12400748	-15.31061233	-34.817229	-32.20812045	-29.93915003	-27.88903831	-25.97899092	-24.21801773	-22.55279592	-21.01406111	-19.67334349	-33.87416261	-31.55350647	-29.53811408	-27.76275567	-26.16415868	-24.79254469	-23.68241727	-33.86054126	-31.86461567	-30.1824616	-28.79378568	-27.74820679
	14450000	-33.32591151	-31.314607	-29.64531851	-28.26399791	-27.20796054	-33.34517518	-31.03206826	-29.02061572	-27.23238909	-25.63952947	-24.25130321	-23.12980622	-34.29263106	-31.67267134	-29.39837833	-27.34789657	-25.45193025	-23.68007268	-22.00618025	-20.44787694	-19.09524028	-36.1392697	-33.11959257	-30.57080621	-28.30343073	-26.20499838	-24.21163486	-22.28608244	-20.38523775	-18.47475206	-16.56546245	-14.74140528	-35.37653992	-32.43572297	-29.92700912	-27.66141996	-25.54114864	-23.49370201	-21.46689339	-19.40334392	-17.24642463	-14.93702915	-12.38737394	-35.14611118	-32.23568678	-29.7128279	-27.44894429	-25.31710308	-23.25037986	-21.18771914	-19.05895976	-16.82759483	-14.36845944	-11.53537467	-35.38125399	-32.44571252	-29.91872027	-27.65929887	-25.52888135	-23.4926546	-21.46802335	-19.40639332	-17.24766925	-14.95084434	-12.41541987	-36.13848702	-33.11143256	-30.55746842	-28.30217956	-26.21012656	-24.22499179	-22.29356353	-20.3889131	-18.49021356	-16.59319351	-14.77914714	-34.28685638	-31.67679823	-29.4086939	-27.35920628	-25.45152004	-23.68965628	-22.02287646	-20.48489175	-19.1420298	-33.34752341	-31.02349357	-29.01002385	-27.23320635	-25.63488088	-24.26365548	-23.15339054	-33.33109695	-31.331916	-29.65267546	-28.26292795	-27.21670019
	15300000	-32.79857918	-30.79507294	-29.12222287	-27.74114459	-26.68485709	-32.8269576	-30.51511755	-28.49940579	-26.71157288	-25.12204501	-23.72807809	-22.6089949	-33.77137119	-31.15183917	-28.88437858	-26.82869861	-24.93472017	-23.16256142	-21.48573588	-19.92708151	-18.57525447	-35.61693365	-32.59970744	-30.04923245	-27.78350485	-25.68765787	-23.69408905	-21.76694315	-19.86714621	-17.95618399	-16.04547565	-14.21944313	-34.85728529	-31.92182473	-29.40746614	-27.14568	-25.02260483	-22.97572396	-20.9466679	-18.88476315	-16.72645451	-14.41671748	-11.86466301	-34.62756232	-31.71326966	-29.19768099	-26.93188838	-24.79909778	-22.73069562	-20.66995336	-18.54025625	-16.30890272	-13.84767841	-11.01325291	-34.86536494	-31.92280955	-29.39662043	-27.14128198	-25.01150322	-22.97369693	-20.9489859	-18.88835177	-16.72846008	-14.43076678	-11.89440487	-35.61776391	-32.5884372	-30.03561099	-27.78196351	-25.68967805	-23.70640229	-21.77560484	-19.87110164	-17.97062617	-16.07348698	-14.25753557	-33.76569438	-31.16061892	-28.88955316	-26.83984821	-24.93483737	-23.17073196	-21.50374136	-19.96506425	-18.62135011	-32.82741231	-30.50276019	-28.49101121	-26.71334872	-25.11604728	-23.7435419	-22.63239986	-32.81195988	-30.81277276	-29.1326664	-27.74137736	-26.69776553
	16150000	-32.31122817	-30.30512223	-28.63186838	-27.25307497	-26.19381916	-32.33672753	-30.02453106	-28.01118394	-26.219283	-24.62951072	-23.24087504	-22.11850458	-33.28174816	-30.6651462	-28.39742023	-26.34129801	-24.44629532	-22.67220603	-20.99693317	-19.43867005	-18.08546518	-35.13067902	-32.11125752	-29.55952601	-27.29577367	-25.20008217	-23.20887195	-21.28059301	-19.37799177	-17.4691998	-15.55632046	-13.72812261	-34.37131165	-31.4359803	-28.91876978	-26.65705798	-24.53581275	-22.48740609	-20.46052965	-18.39632441	-16.23814457	-13.92674009	-11.37411841	-34.1359411	-31.2213059	-28.70723622	-26.44257235	-24.31050339	-22.24404577	-20.18126965	-18.05242921	-15.81945356	-13.35795995	-10.52220465	-34.37882277	-31.43352103	-28.91467799	-26.65395917	-24.52617455	-22.48628689	-20.46316701	-18.3997202	-16.24053187	-13.94125548	-11.4035111	-35.12391125	-32.10497348	-29.54999425	-27.29617017	-25.20294742	-23.21922704	-21.28947619	-19.38493414	-17.48377398	-15.58360033	-13.76708077	-33.27722488	-30.66951143	-28.40045481	-26.35216537	-24.44603608	-22.68165062	-21.01527907	-19.47550354	-18.13008656	-32.33532327	-30.01204309	-28.00533289	-26.22632317	-24.62927202	-23.25453235	-22.1419996	-32.32161646	-30.32267989	-28.6461182	-27.25229458	-26.20772896
	17000000	-31.85587604	-29.846552	-28.16942169	-26.79434086	-25.73252058	-31.87272576	-29.57018407	-27.55073835	-25.76304977	-24.17300508	-22.78165144	-21.65985777	-32.8205183	-30.20322792	-27.93605887	-25.88381868	-23.988639	-22.21540451	-20.53911498	-18.9807355	-17.62663999	-34.6709403	-31.65146891	-29.10180744	-26.83514692	-24.74306878	-22.75219782	-20.82603406	-18.92163803	-17.01184356	-15.09840893	-13.26809864	-33.91146215	-30.97595678	-28.46091172	-26.20015974	-24.07747803	-22.03282751	-20.00323349	-17.94019997	-15.7806737	-13.46812558	-10.91308606	-33.67608218	-30.76594465	-28.24930018	-25.98563947	-23.85534062	-21.78638278	-19.724209	-17.59674039	-15.36240848	-12.89987541	-10.06141333	-33.91613143	-30.97688569	-28.45603897	-26.19703016	-24.07114342	-22.03031213	-20.00474546	-17.94161257	-15.78328889	-13.48269213	-10.94371558	-34.67184729	-31.64552645	-29.09384382	-26.83645103	-24.74645731	-22.76275804	-20.83357444	-18.92991477	-17.02611889	-15.12509457	-13.30627797	-32.82079665	-30.2124042	-27.94138829	-25.89377981	-23.99115311	-22.2265761	-20.55697105	-19.01778288	-17.66965502	-31.87656909	-29.55956451	-27.54748923	-25.76772951	-24.1724927	-22.79625154	-21.68164742	-31.86516787	-29.86304628	-28.18406269	-26.79543784	-25.74913856
	17850000	-31.40496189	-29.39903434	-27.72302789	-26.34430053	-25.28495243	-31.42536069	-29.11838937	-27.10217879	-25.31248589	-23.7250565	-22.33339701	-21.20942793	-32.36877948	-29.7552167	-27.48986886	-25.43587259	-23.54303751	-21.76858311	-20.09304022	-18.5331302	-17.1786547	-34.22179013	-31.20219511	-28.65385343	-26.39126322	-24.29651693	-22.30660663	-20.37973839	-18.4751215	-16.5649787	-14.6509178	-12.81716612	-33.4610542	-30.53002642	-28.01530839	-25.7532319	-23.6314683	-21.58671749	-19.55737576	-17.4931583	-15.33495914	-13.01925557	-10.46307111	-33.23339733	-30.31975418	-27.80389282	-25.53937955	-23.41068445	-21.34023948	-19.27749012	-17.15104433	-14.91496415	-12.4510001	-9.611184238	-33.46508021	-30.53076559	-28.00908961	-25.74968594	-23.62410509	-21.58511094	-19.55949468	-17.49592367	-15.33753142	-13.03473594	-10.49346875	-34.2236428	-31.19560399	-28.64976888	-26.39267917	-24.30113837	-22.31815508	-20.38845498	-18.48509643	-16.57919521	-14.67684687	-12.85666319	-32.37189462	-29.76692082	-27.49465518	-25.44804177	-23.54711404	-21.77980106	-20.11074002	-18.56870228	-17.22068856	-31.42979547	-29.11204763	-27.10264791	-25.32051587	-23.72764685	-22.34903521	-21.23350081	-31.41278102	-29.41191173	-27.73622946	-26.34783763	-25.29947471
	18700000	-30.98141656	-28.97372888	-27.29740995	-25.91844056	-24.85751629	-30.99850016	-28.69282506	-26.67941022	-24.89011991	-23.29970952	-21.90769911	-20.78246026	-31.94862702	-29.33254991	-27.06648344	-25.01450979	-23.11907798	-21.34398131	-19.66855325	-18.10817005	-16.75335742	-33.79070295	-30.7757761	-28.22959677	-25.96461725	-23.87696277	-21.8844255	-19.95784049	-18.05283673	-16.14197586	-14.22656188	-12.39078243	-33.03700238	-30.10788669	-27.59169674	-25.33229584	-23.20908456	-21.16470518	-19.13420116	-17.07125462	-14.91039837	-12.59426396	-10.03581285	-32.80162307	-29.89414669	-27.38183402	-25.1176372	-22.98797064	-20.91872914	-18.8560965	-16.72799704	-14.49144816	-12.02708772	-9.184242764	-33.04317296	-30.10430486	-27.58853826	-25.32975069	-23.20243863	-21.16296376	-19.13660361	-17.07202723	-14.9137809	-12.6098006	-10.06697295	-33.79683561	-30.77778647	-28.22520577	-25.96772156	-23.87897806	-21.89574797	-19.966335	-18.06323278	-16.1554896	-14.25150661	-12.42923609	-31.94746934	-29.34244764	-27.07217799	-25.02534012	-23.1243605	-21.35727405	-19.68638602	-18.14369785	-16.79457355	-31.00459808	-28.68608477	-26.67898563	-24.89685113	-23.30368209	-21.92387597	-20.80851384	-30.98645466	-28.98661942	-27.30980207	-25.92050936	-24.87207033
	19550000	-30.57935162	-28.57444492	-26.90011482	-25.51862812	-24.45788221	-30.59533665	-28.29277969	-26.27750618	-24.48991983	-22.89916324	-21.50876787	-20.38209494	-31.54626841	-28.93078203	-26.66542597	-24.61224271	-22.71919096	-20.94602294	-19.26797147	-17.70744794	-16.35369813	-33.39270036	-30.37788161	-27.82865988	-25.56631262	-23.47533093	-21.48526393	-19.5584128	-17.6519999	-15.7422782	-13.82621889	-11.98977648	-32.63811238	-29.7050928	-27.1922011	-24.9322547	-22.80985213	-20.76395764	-18.73411533	-16.67037217	-14.5104774	-12.19302902	-9.634671315	-32.40134467	-29.4974677	-26.98060088	-24.71814206	-22.58750429	-20.5188027	-18.45508319	-16.32872224	-14.09035851	-11.62556314	-8.783174885	-32.63729597	-29.7048916	-27.18480406	-24.92952894	-22.80353894	-20.76234619	-18.73711761	-16.67273657	-14.5146749	-12.20920666	-9.666400919	-33.39275261	-30.37076944	-27.82378968	-25.56782679	-23.47912522	-21.49699508	-19.56811658	-17.66364404	-15.75620717	-13.85024433	-12.02961083	-31.54769259	-28.93729216	-26.67530975	-24.62428574	-22.72478736	-20.95719329	-19.28682689	-17.74350773	-16.39493796	-30.60219013	-28.28985091	-26.2793246	-24.49799201	-22.90608393	-21.52334262	-20.40794139	-30.5892688	-28.58847101	-26.90816397	-25.52297476	-24.47309431
	20400000	-30.26498213	-28.25741098	-26.57939435	-25.20336078	-24.14112777	-30.27772276	-27.97086203	-25.95957794	-24.17094416	-22.58104866	-21.18811152	-20.06500071	-31.22585288	-28.61046945	-26.34447249	-24.29236231	-22.39894939	-20.62287834	-18.94709148	-17.3884263	-16.03475494	-33.07018949	-30.05830511	-27.50786707	-25.24629607	-23.15361762	-21.16378901	-19.23775567	-17.32963739	-15.42085255	-13.50580863	-11.67100706	-32.31847422	-29.38740071	-26.87191556	-24.60928414	-22.48807525	-20.43981862	-18.41073529	-16.34731961	-14.18707519	-11.87079645	-9.313742777	-32.08148211	-29.17384953	-26.66212791	-24.39583138	-22.2656466	-20.19634707	-18.13126635	-16.00456851	-13.76689964	-11.303174	-8.46170646	-32.32542511	-29.38670911	-26.86739351	-24.60819711	-22.48224171	-20.4397363	-18.41406657	-16.3486498	-14.19120112	-11.88699139	-9.345059412	-33.07675515	-30.05410632	-27.50573031	-25.24837107	-23.15854013	-21.17453556	-19.24623253	-17.34364393	-15.43399372	-13.53018086	-11.71018809	-31.22991737	-28.62241826	-26.35193581	-24.30363972	-22.40426747	-20.6358237	-18.96498191	-17.42299548	-16.0750378	-30.28437491	-27.97078796	-25.9637414	-24.17813172	-22.58704155	-21.20693939	-20.09044595	-30.27155051	-28.27016637	-26.59363631	-25.20833683	-24.15876299
	21250000	-30.04104189	-28.03337225	-26.35580182	-24.97701786	-23.91678366	-30.05209084	-27.74584503	-25.73027743	-23.94273066	-22.35235468	-20.96251703	-19.83880087	-30.99977958	-28.38259043	-26.11579843	-24.06368387	-22.16963187	-20.39456769	-18.71826032	-17.16263697	-15.81158883	-32.84961124	-29.82858568	-27.28017733	-25.01426469	-22.92335538	-20.93573372	-19.00941361	-17.10135729	-15.19406104	-13.28142343	-11.44793925	-32.09495146	-29.1646957	-26.64395129	-24.38036668	-22.25594468	-20.20971763	-18.17981152	-16.1176219	-13.95977142	-11.64473147	-9.089196404	-31.85893759	-28.94711518	-26.43273066	-24.16660204	-22.03403222	-19.96437816	-17.90108714	-15.77685807	-13.53883832	-11.0757507	-8.236977091	-32.0989496	-29.15791576	-26.63905901	-24.37777448	-22.25358523	-20.20838313	-18.18301528	-16.11966685	-13.96461838	-11.66122258	-9.122200091	-32.85109368	-29.82560561	-27.27813124	-25.01983794	-22.92863478	-20.94517343	-19.01833797	-17.11676327	-15.20887188	-13.30552905	-11.48811873	-31.00561459	-28.39457717	-26.12459872	-24.07476898	-22.17649115	-20.40763363	-18.73736571	-17.19550158	-15.85095607	-30.06049293	-27.74668958	-25.74073744	-23.95057206	-22.36322523	-20.97902562	-19.86577287	-30.04790548	-28.04566669	-26.36874107	-24.98511657	-23.93642007
