BPM Serial No.	16elec																																																																																																																																																																																																																																																																																																																																																																																				
BPM Size	110																																																																																																																																																																																																																																																																																																																																																																																				
"Experi,menter"	Tajima      Hanamura      Kawachi      																																																																																																																																																																																																																																																																																																																																																																																				
Meas. Start Time	2019/08/2619:10																																																																																																																																																																																																																																																																																																																																																																																				
Meas. Finish Time	2019/08/2623:14																																																																																																																																																																																																																																																																																																																																																																																				
Linear Scale Origin X(mm)	-99.673																																																																																																																																																																																																																																																																																																																																																																																				
Linear Scale Origin Y(mm)	88.51																																																																																																																																																																																																																																																																																																																																																																																				
note																																																																																																																																																																																																																																																																																																																																																																																					
																																																																																																																																																																																																																																																																																																																																																																																					
																																																																																																																																																																																																																																																																																																																																																																																					
Data Point Number	1	2	3	4	5	6	7	8	9	10	11	12	13	14	15	16	17	18	19	20	21	22	23	24	25	26	27	28	29	30	31	32	33	34	35	36	37	38	39	40	41	42	43	44	45	46	47	48	49	50	51	52	53	54	55	56	57	58	59	60	61	62	63	64	65	66	67	68	69	70	71	72	73	74	75	76	77	78	79	80	81	82	83	84	85	86	87	88	89	90	91	92	93	94	95	96	97	98	99	100	101	102	103	104	105	106	107	108	109	110	111	112	113	114	115	116	117	118	119	120	121	122	123	124	125	126	127	128	129	130	131	132	133	134	135	136	137	138	139	140	141	142	143	144	145	146	147	148	149	150	151	152	153	154	155	156	157	158	159	160	161	162	163	164	165	166	167	168	169	170	171	172	173	174	175	176	177	178	179	180	181	182	183	184	185	186	187	188	189	190	191	192	193	194	195	196	197	198	199	200	201	202	203	204	205	206	207	208	209	210	211	212	213	214	215	216	217	218	219	220	221	222	223	224	225	226	227	228	229	230	231	232	233	234	235	236	237	238	239	240	241	242	243	244	245	246	247	248	249	250	251	252	253	254	255	256	257	258	259	260	261	262	263	264	265	266	267	268	269	270	271	272	273	274	275	276	277	278	279	280	281	282	283	284	285	286	287	288	289	290	291	292	293	294	295	296	297	298	299	300	301	302	303	304	305	306	307	308	309	310	311	312	313	314	315	316	317	318	319	320	321	322	323	324	325	326	327	328	329	330	331	332	333	334	335	336	337	338	339	340	341	342	343	344	345	346	347	348	349	350	351	352	353	354	355	356	357	358	359	360	361	362	363	364	365	366	367	368	369	370	371	372	373
R(beam)[mm]	20.001	15.004	10.004	5.003	0.002	-4.998	-9.998	-14.999	-19.999	30.002	25.005	20.004	15.004	10.004	5.003	0.003	-4.998	-9.998	-14.999	-19.999	-25	-30	35.003	30.005	25.005	20.004	15.004	10.004	5.003	0.002	-4.998	-9.998	-14.998	-19.999	-25	-30	-35.001	40.004	35.006	30.005	25.005	20.004	15.004	10.004	5.003	0.002	-4.998	-9.998	-14.999	-19.999	-25	-30	-35.001	-40.001	45.005	40.006	35.006	30.005	25.005	20.004	15.004	10.004	5.003	0.003	-4.998	-9.998	-14.998	-19.999	-25	-30	-35.001	-40.001	-45.002	45.004	40.007	35.006	30.005	25.005	20.005	15.004	10.004	5.003	0.002	-4.998	-9.998	-14.999	-19.999	-25	-30	-35.001	-40.001	-45.002	50.005	45.007	40.007	35.006	30.006	25.005	20.005	15.004	10.004	5.003	0.002	-4.998	-9.998	-14.999	-19.999	-25	-30	-35.001	-40.001	-45.002	-50.003	50.005	45.007	40.007	35.006	30.005	25.005	20.005	15.004	10.004	5.003	0.003	-4.998	-9.998	-14.998	-19.999	-25	-30	-35.001	-40.001	-45.002	-50.002	50.005	45.007	40.007	35.006	30.006	25.005	20.005	15.004	10.004	5.003	0.003	-4.998	-9.998	-14.999	-19.999	-25	-30	-35.001	-40.001	-45.002	-50.003	50.005	45.007	40.007	35.006	30.005	25.005	20.005	15.004	10.004	5.003	0.003	-4.998	-9.998	-14.998	-19.999	-25	-30	-35.001	-40.001	-45.002	-50.002	50.005	45.007	40.007	35.006	30.006	25.005	20.005	15.004	10.004	5.003	0.003	-4.998	-9.998	-14.999	-19.999	-24.999	-30	-35.001	-40.001	-45.002	-50.002	50.005	45.007	40.007	35.006	30.005	25.005	20.005	15.004	10.004	5.003	0.003	-4.998	-9.998	-14.998	-19.999	-25	-30	-35.001	-40.001	-45.002	-50.002	50.005	45.007	40.007	35.006	30.005	25.005	20.005	15.004	10.004	5.003	0.003	-4.998	-9.998	-14.998	-19.999	-25	-30	-35.001	-40.001	-45.002	-50.002	50.005	45.007	40.007	35.006	30.005	25.005	20.005	15.004	10.004	5.003	0.003	-4.998	-9.998	-14.998	-19.999	-24.999	-30	-35.001	-40.001	-45.002	-50.002	50.005	45.007	40.007	35.006	30.006	25.005	20.005	15.004	10.004	5.003	0.003	-4.998	-9.998	-14.998	-19.999	-24.999	-30	-35.001	-40.001	-45.002	-50.002	45.004	40.007	35.006	30.006	25.005	20.005	15.004	10.004	5.003	0.003	-4.998	-9.998	-14.998	-19.999	-24.999	-30	-35.001	-40.001	-45.002	45.005	40.007	35.006	30.006	25.005	20.005	15.004	10.004	5.003	0.003	-4.998	-9.998	-14.998	-19.999	-24.999	-30	-35.001	-40.001	-45.002	40.004	35.006	30.006	25.005	20.005	15.004	10.004	5.003	0.003	-4.998	-9.998	-14.998	-19.999	-24.999	-30	-35	-40.001	35.003	30.006	25.005	20.005	15.004	10.004	5.004	0.003	-4.998	-9.998	-14.998	-19.999	-24.999	-30	-35	30.003	25.005	20.005	15.004	10.004	5.003	0.003	-4.998	-9.998	-14.998	-19.999	-25	-30	20.002	15.004	10.004	5.003	0.003	-4.998	-9.998	-14.998	-19.999
Y(beam)[mm]	-49.997	-49.997	-49.997	-49.997	-49.997	-49.997	-49.997	-49.997	-49.997	-44.999	-44.999	-44.999	-44.999	-44.999	-44.999	-44.999	-44.999	-44.999	-44.999	-44.999	-44.999	-44.999	-40	-40	-40	-40	-40	-40	-40	-40	-40	-40	-40	-40	-40	-40	-40	-35	-35	-35	-35	-35	-35	-35	-35	-35	-35	-35	-35	-35	-35	-35	-35	-35	-30	-30	-30	-30	-30	-30	-30	-30	-30	-30	-30	-30	-30	-30	-30	-30	-30	-30	-30	-25.001	-25.001	-25.001	-25.001	-25.001	-25.001	-25.001	-25.001	-25.001	-25.001	-25.001	-25.001	-25.001	-25.001	-25.001	-25.001	-25.001	-25.001	-25.001	-20.001	-20.001	-20.001	-20.001	-20.001	-20.001	-20.001	-20.001	-20.001	-20.001	-20.001	-20.001	-20.001	-20.001	-20.001	-20.001	-20.001	-20.001	-20.001	-20.001	-20.001	-15.001	-15.001	-15.001	-15.001	-15.001	-15.001	-15.001	-15.001	-15.001	-15.001	-15.001	-15.001	-15.001	-15.001	-15.001	-15.001	-15.001	-15.001	-15.001	-15.001	-15.001	-10.001	-10.001	-10.001	-10.001	-10.001	-10.001	-10.001	-10.001	-10.001	-10.001	-10.001	-10.001	-10.001	-10.001	-10.001	-10.001	-10.001	-10.001	-10.001	-10.001	-10.001	-5.002	-5.002	-5.002	-5.001	-5.001	-5.001	-5.001	-5.002	-5.002	-5.002	-5.002	-5.002	-5.002	-5.002	-5.002	-5.001	-5.002	-5.001	-5.001	-5.001	-5.001	-0.001	-0.001	-0.001	-0.001	-0.001	-0.001	-0.001	-0.001	-0.001	-0.001	-0.001	-0.001	-0.001	-0.001	-0.001	-0.001	-0.001	-0.001	-0.001	-0.001	-0.001	4.998	4.998	4.998	4.998	4.998	4.998	4.998	4.998	4.998	4.998	4.998	4.998	4.998	4.998	4.998	4.998	4.998	4.998	4.998	4.998	4.998	9.998	9.999	9.999	9.999	9.999	9.999	9.999	9.999	9.999	9.999	9.999	9.999	9.999	9.999	9.999	9.999	9.999	9.999	9.999	9.999	9.999	14.998	14.998	14.998	14.998	14.998	14.998	14.998	14.998	14.998	14.998	14.998	14.998	14.998	14.998	14.998	14.998	14.998	14.998	14.998	14.998	14.998	19.999	19.999	19.999	19.999	19.999	19.999	19.999	19.999	19.999	19.999	19.999	19.999	19.999	19.999	19.999	19.999	19.999	19.999	19.999	19.999	19.999	24.998	24.998	24.998	24.998	24.998	24.998	24.998	24.998	24.998	24.998	24.998	24.998	24.998	24.998	24.998	24.998	24.998	24.998	24.998	29.998	29.998	29.998	29.998	29.998	29.998	29.998	29.998	29.998	29.998	29.998	29.998	29.998	29.998	29.998	29.998	29.998	29.998	29.998	34.998	34.998	34.998	34.998	34.998	34.998	34.998	34.998	34.998	34.998	34.998	34.998	34.998	34.998	34.998	34.998	34.998	39.998	39.998	39.998	39.998	39.998	39.998	39.998	39.998	39.998	39.998	39.998	39.998	39.998	39.998	39.998	44.998	44.998	44.998	44.998	44.998	44.998	44.998	44.998	44.998	44.998	44.998	44.998	44.998	49.999	49.999	49.999	49.999	49.999	49.999	49.999	49.999	49.999
S32-5.1MHz(dB)	-42.19724526	-43.14924133	-44.15941141	-45.20166637	-46.21106498	-47.34130644	-48.46043496	-49.60387295	-50.83261018	-38.81131594	-39.87163173	-40.92051758	-41.99205633	-43.05493599	-44.12233076	-45.19925838	-46.3142098	-47.40687969	-48.57574286	-49.79326673	-51.02652392	-52.39553059	-36.38389342	-37.58517549	-38.7946928	-39.93273725	-41.05227078	-42.1541061	-44.6307134	-45.70062361	-45.46228627	-47.74541108	-47.76127385	-49.87053872	-50.16279702	-51.49369624	-52.91950577	-34.07764612	-35.44962738	-36.75534809	-38.00736798	-39.21799337	-40.3590023	-41.48869684	-42.60667858	-45.08965278	-44.86775602	-45.94776882	-47.10026408	-48.28308395	-49.52478372	-50.79446951	-52.15805135	-53.62961009	-31.89134853	-33.41020765	-34.87621208	-36.23724509	-37.51305129	-38.69264592	-39.87786497	-41.01379502	-42.14598421	-43.29195753	-44.3570667	-45.51202457	-46.64915745	-47.77274325	-49.00183408	-50.27091112	-51.57119922	-53.00760767	-54.5754392	-31.73572118	-33.27833466	-34.69156914	-35.99339723	-37.24802086	-38.43178763	-39.59852742	-40.7960283	-41.8666941	-42.94765311	-44.0509066	-45.19192198	-46.30306324	-47.42056366	-48.63816581	-49.88308996	-51.16133598	-52.54096154	-54.05867931	-32.20723134	-33.69240158	-35.07542762	-36.42736411	-35.98075514	-38.85365903	-40.00739407	-39.48948812	-40.63804548	-43.20552899	-42.80442958	-43.87353722	-44.95350148	-46.09065166	-47.23098403	-48.38060117	-49.57317415	-50.86045134	-52.23363707	-53.68508243	-55.27592366	-33.08966127	-34.35808514	-33.8740059	-35.05324696	-36.2610961	-37.4140142	-38.51378172	-39.63952888	-40.67243384	-41.76394262	-42.81992392	-43.85951812	-44.91429513	-46.00258354	-47.09876911	-48.2405812	-49.43056137	-50.7021606	-52.00675412	-53.46182157	-55.04749958	-34.27507776	-33.94062265	-34.59324326	-37.37946279	-36.68037121	-37.74354442	-38.78055918	-39.88075707	-40.82612029	-41.90758152	-42.87989909	-43.90310282	-44.95358293	-46.04255002	-47.20670407	-48.25430266	-49.38610243	-50.62403553	-51.95088507	-53.34859995	-54.86839917	-33.88648252	-34.63478433	-35.49009788	-36.36269174	-37.2986957	-38.25964386	-39.22452278	-40.18149445	-41.14533577	-42.12351614	-43.11293906	-44.10594906	-45.1460846	-46.17149787	-47.21746036	-48.30822584	-49.49639381	-50.66953446	-51.99109243	-53.36645529	-54.83708078	-35.43081665	-35.87139281	-36.53370153	-37.28402084	-38.11468986	-38.96719695	-39.80471442	-42.23354309	-41.62145016	-42.5645681	-43.44485807	-44.40271564	-45.40294801	-46.38924678	-47.42848485	-48.49420149	-49.63384275	-50.82648576	-52.12264889	-53.44965758	-54.95331542	-36.9388208	-37.21441642	-37.70829199	-38.29675533	-38.98103456	-39.70614636	-40.49941866	-41.28247434	-43.75951243	-44.56916918	-43.88835556	-46.25698217	-45.75890383	-46.73753977	-47.7570833	-48.80217428	-49.89868469	-51.08437588	-52.34700593	-53.68656108	-55.16301502	-38.49509284	-38.61189362	-38.98511478	-39.37405342	-39.95357254	-40.60576276	-41.29331808	-42.03180775	-42.79824281	-43.5952762	-44.43803119	-45.30612185	-46.21427847	-47.18100946	-48.15267645	-49.1741757	-50.29025929	-51.42724906	-52.66306173	-54.02229999	-55.51299001	-40.12493096	-40.1032297	-40.24676846	-40.59205683	-41.02590229	-41.53478756	-42.14198115	-42.80420142	-43.50666383	-44.25870121	-45.06280023	-45.89513165	-46.77986852	-47.68287418	-48.64528589	-49.66528548	-50.73542214	-51.89219835	-53.12924647	-54.4809012	-55.98610907	-41.79055266	-41.63609695	-41.62513825	-41.84714934	-42.1677877	-42.58803166	-43.11009757	-43.71054915	-44.40465448	-45.04199457	-45.78548697	-46.59287499	-47.42334043	-48.30268183	-49.24045363	-50.24117261	-51.28412315	-52.42786713	-53.66812074	-55.0234492	-56.54517098	-43.23447822	-43.08029072	-43.16768648	-43.39130372	-43.73473679	-44.19199	-44.68795717	-45.25916802	-45.90351575	-46.6075563	-47.34168569	-48.159954	-49.01749074	-49.93501016	-50.9105726	-51.98217377	-53.12049906	-54.35938859	-55.71900952	-44.82356671	-44.61075358	-44.59137246	-44.70595917	-44.96394705	-45.3086022	-45.75160504	-46.26442201	-46.86212101	-47.51551175	-48.22501019	-49.01117101	-49.8155307	-50.72867584	-51.6905421	-52.747034	-53.90387416	-55.15349643	-56.55284991	-46.23222255	-46.08130253	-46.10458287	-46.26609481	-46.54645202	-46.91730398	-47.38454627	-47.91419259	-48.52600214	-49.19461895	-49.94332195	-50.74045288	-51.61345312	-52.58622991	-53.64412529	-54.79524481	-56.08087772	-47.72412777	-47.63032776	-47.69899157	-47.88647044	-48.20485131	-48.59283673	-49.08652511	-49.64812929	-50.27592624	-50.99121413	-51.7849127	-52.64909008	-53.62054886	-54.67501147	-55.84978638	-49.27726603	-49.2547939	-49.38079384	-49.60183528	-49.92896525	-50.38426483	-50.89512495	-51.49931586	-52.18135163	-52.97942353	-53.82745366	-54.81329798	-55.88119391	-51.00276644	-51.14562004	-51.43325261	-51.82372079	-52.30256819	-52.87544603	-53.53766983	-54.3233916	-55.18564359
S42-5.1MHz(dB)	-55.31188723	-54.43118341	-53.62151647	-52.99986969	-52.40837023	-51.92686064	-51.55514577	-51.27841194	-51.1115736	-56.00228166	-54.91958129	-53.92617943	-53.08173833	-52.29676683	-51.61541188	-51.01376151	-50.50838515	-50.0393261	-49.7135077	-49.4747315	-49.33767381	-49.36399549	-55.98436628	-54.78485361	-53.71926133	-52.75579865	-51.90068478	-51.10082688	-51.07202582	-50.50332063	-49.19443118	-49.58105691	-48.32067232	-48.91966539	-47.77815361	-47.71507638	-47.80477988	-56.21007989	-54.88134397	-53.75176584	-52.69920888	-51.74507017	-50.85034756	-50.03901351	-49.30920835	-49.51820864	-48.05781555	-47.47588936	-47.03849864	-46.65754161	-46.40577815	-46.21454099	-46.18256755	-46.3265507	-56.69312143	-55.24280291	-54.01714183	-52.85952544	-51.79891752	-50.82839336	-49.9367859	-49.10072429	-48.33723374	-47.66448258	-46.95816755	-46.39837977	-45.89729496	-45.4085343	-45.08035406	-44.83559455	-44.68296062	-44.74046013	-44.9545366	-55.8513063	-54.48392607	-53.23466481	-52.07170866	-51.02204636	-50.0495327	-49.11972223	-48.31578618	-47.48411306	-46.71727978	-46.01721737	-45.3991336	-44.81618975	-44.2705002	-43.86594656	-43.53344194	-43.29365364	-43.2018834	-43.30090967	-56.23556055	-55.07085962	-53.98201583	-52.9307877	-51.41894862	-51.05075213	-50.19839739	-48.41600119	-47.5493942	-47.78529244	-45.9045815	-45.14109989	-44.44353404	-43.82416792	-43.25602668	-42.70075553	-42.25582084	-41.92713183	-41.74276433	-41.74548154	-41.88652018	-55.79753338	-54.60865841	-53.24729722	-51.99385888	-50.84684499	-49.80946816	-48.77243882	-47.83640772	-46.89402782	-46.04973418	-45.20778286	-44.40047597	-43.63435342	-42.92745507	-42.23546488	-41.6319246	-41.10202448	-40.71383139	-40.34206199	-40.20036505	-40.26027395	-55.45417516	-54.19748486	-52.79999513	-52.13239621	-50.39438528	-49.27947536	-48.26455164	-47.32370443	-46.31189864	-45.45345845	-44.52961824	-43.6847918	-42.8718902	-42.11792104	-41.48207399	-40.69375451	-40.02959333	-39.48348046	-39.07772237	-38.76304754	-38.62193429	-55.28108859	-53.80199686	-52.44322114	-51.17018853	-50.00463597	-48.89775079	-47.84347927	-46.83020063	-45.85218513	-44.9181573	-43.99177471	-43.09369446	-42.25966668	-41.41248775	-40.57310282	-39.78162157	-39.06499733	-38.38446203	-37.83436127	-37.35832732	-36.99136699	-55.08400064	-53.54918835	-52.19407175	-50.94572971	-49.76781668	-48.65014564	-47.5422688	-47.6309423	-45.52620412	-44.55619971	-43.54985358	-42.61081455	-41.69370538	-40.77155214	-39.87986569	-39.00555077	-38.17455646	-37.36220252	-36.67524567	-35.9648818	-35.4530246	-54.95435743	-53.44310736	-52.0747784	-50.79138122	-49.57863362	-48.43721794	-47.33694113	-46.24278235	-46.57870751	-45.62843793	-43.19947017	-43.7528278	-41.24837653	-40.29206197	-39.32160858	-38.35045529	-37.39561539	-36.47214997	-35.56179794	-34.74516085	-33.99608716	-54.96874301	-53.42798563	-52.06255037	-50.71604821	-49.50499605	-48.33837651	-47.22833176	-46.13939679	-45.06332122	-44.01167088	-42.96860286	-41.95142683	-40.92838435	-39.93432172	-38.87229831	-37.82523443	-36.8125511	-35.71738835	-34.65918139	-33.61500031	-32.62970175	-55.11296366	-53.54225783	-52.0968096	-50.78919659	-49.53207073	-48.33427974	-47.1932689	-46.07066294	-44.99251319	-43.92542608	-42.86066513	-41.80432646	-40.76227225	-39.67124922	-38.57683092	-37.46276992	-36.33527886	-35.15794149	-33.94698124	-32.70710343	-31.45702468	-55.37342166	-53.79268867	-52.29254228	-50.97045961	-49.67669288	-48.45614201	-47.29340678	-46.16905329	-45.10920425	-43.96371454	-42.87601955	-41.81305603	-40.69851033	-39.60229386	-38.45434111	-37.28476297	-36.0747344	-34.8024874	-33.47551798	-32.05340262	-30.56292502	-54.14508701	-52.62253159	-51.23879934	-49.95317824	-48.70226757	-47.53610109	-46.37686745	-45.23783276	-44.13429007	-43.02993889	-41.92829359	-40.816712	-39.67542883	-38.52509591	-37.32200516	-36.0638672	-34.73504936	-33.31864735	-31.76963698	-54.64241353	-53.10312509	-51.66361524	-50.32828431	-49.08300109	-47.87155612	-46.70903655	-45.57232774	-44.44892028	-43.33721554	-42.22499509	-41.12172317	-39.96052077	-38.79457158	-37.57009202	-36.3044032	-34.96824675	-33.51754673	-31.93685626	-53.71166193	-52.22656833	-50.88755473	-49.59490772	-48.35669816	-47.18716098	-46.03639829	-44.92117987	-43.80241406	-42.68992174	-41.5760409	-40.43760161	-39.2738268	-38.07774101	-36.83797989	-35.5294694	-34.12818199	-53.01098125	-51.59118008	-50.28236467	-49.02982873	-47.81315492	-46.6659626	-45.54691821	-44.43355687	-43.334375	-42.23340457	-41.13249156	-40.00890741	-38.86323127	-37.67962379	-36.45563492	-52.48265943	-51.13126213	-49.87094849	-48.65098242	-47.47534797	-46.38188244	-45.27396417	-44.1898905	-43.11453924	-42.06477313	-40.99447306	-39.92809435	-38.85417657	-50.92084278	-49.66401566	-48.51400911	-47.38367173	-46.30629663	-45.27382793	-44.23910982	-43.24898137	-42.27178007
S12-5.1MHz(dB)	-55.32216691	-55.03506461	-54.91116407	-54.90724207	-54.97679241	-55.23868139	-55.56860414	-56.04367347	-56.57328249	-54.63606145	-54.09313003	-53.72615947	-53.47368441	-53.37627894	-53.37885552	-53.5029118	-53.75526119	-54.04919022	-54.55559493	-55.06165981	-55.71658153	-56.55788063	-53.69109442	-53.04196195	-52.59109215	-52.24271879	-52.04137793	-51.96096652	-53.30777707	-53.46731189	-52.35842321	-53.96575341	-53.17892576	-54.86975676	-54.35427682	-55.16660579	-56.10402247	-52.99262261	-52.21356923	-51.62295162	-51.17138577	-50.90774355	-50.72127532	-50.64719679	-50.7025229	-52.26214525	-51.14675071	-51.45668215	-51.9010061	-52.45566814	-53.13787219	-53.87988311	-54.81099577	-55.88673603	-52.49480664	-51.55395744	-50.8432041	-50.29117874	-49.90959229	-49.59058216	-49.46396466	-49.42410934	-49.49459191	-49.70712696	-49.92449931	-50.31452012	-50.79510151	-51.31001634	-52.00667231	-52.79503643	-53.66825501	-54.71022231	-55.9143808	-51.13529686	-50.28797064	-49.59221621	-49.04086556	-48.67139906	-48.39567125	-48.2664664	-48.32107786	-48.36648061	-48.5360165	-48.81362539	-49.23314091	-49.72052964	-50.25925442	-50.95963017	-51.73783833	-52.63362083	-53.64354496	-54.83730192	-52.24454886	-51.27719476	-50.43589061	-49.84022867	-47.8120871	-49.01093351	-48.80757905	-47.11537164	-47.15887991	-48.81415977	-47.46017962	-47.75888889	-48.15551276	-48.68948743	-49.29316362	-49.96890537	-50.73092893	-51.65223305	-52.69267355	-53.88427348	-55.17224974	-51.08235118	-50.13693167	-47.79061682	-47.11922255	-46.68358445	-46.34155439	-46.12585166	-46.0743778	-46.06075451	-46.22278087	-46.45954494	-46.77166272	-47.19226043	-47.722596	-48.31210541	-49.01538699	-49.81371887	-50.79704756	-51.80644087	-53.00627287	-54.36313883	-49.99983478	-47.92910846	-46.64088866	-47.63502082	-45.49973271	-45.19042403	-44.99135399	-44.99915071	-44.97134201	-45.19023966	-45.40014678	-45.76057548	-46.2263649	-46.80978772	-47.55696383	-48.20292477	-48.99920992	-49.94676256	-51.04816789	-52.24841183	-53.56123056	-47.33540132	-46.30974565	-45.49954909	-44.84390337	-44.37674325	-44.07335523	-43.9077595	-43.85174814	-43.92052395	-44.11798755	-44.41807667	-44.81172381	-45.34649234	-45.9320171	-46.59497292	-47.35131743	-48.25579267	-49.21764739	-50.33407272	-51.54703254	-52.88610281	-46.31473356	-45.20538346	-44.38068959	-43.75871477	-43.3183364	-43.02672611	-42.83013216	-44.50967113	-42.94051201	-43.17872714	-43.45350314	-43.90077912	-44.4563864	-45.06729455	-45.79105632	-46.60593912	-47.52410899	-48.53618472	-49.70583055	-50.89682526	-52.28349282	-45.24111358	-44.12771959	-43.29900239	-42.64131435	-42.18045672	-41.88042918	-41.75651843	-41.71938519	-43.77987388	-44.01458921	-42.51717267	-44.83871098	-43.5981804	-44.29646488	-45.05172023	-45.91506662	-46.85414773	-47.92730278	-49.08626469	-50.38988728	-51.8126698	-44.19083003	-43.05584945	-42.23361248	-41.49369148	-41.04274106	-40.77810952	-40.67074376	-40.70127032	-40.86787914	-41.16805212	-41.59256614	-42.13338541	-42.78010528	-43.55223776	-44.34177133	-45.26489171	-46.30582091	-47.38471687	-48.59886245	-49.93872221	-51.42035471	-43.19130143	-42.02773216	-41.06559021	-40.38994286	-39.90297081	-39.59957644	-39.50947992	-39.58183568	-39.8121188	-40.18515036	-40.67781113	-41.2917327	-42.02018521	-42.79870919	-43.6996653	-44.67973118	-45.7571561	-46.92230939	-48.20626457	-49.59357753	-51.14894938	-42.20996292	-40.97545884	-39.9364094	-39.22590121	-38.72315764	-38.43442977	-38.36838249	-38.50272687	-38.8445657	-39.21228211	-39.78010623	-40.49608161	-41.26171343	-42.15172118	-43.10559821	-44.17487191	-45.31611214	-46.53739661	-47.88949612	-49.36587766	-50.98895748	-39.92556824	-38.78973533	-38.00150898	-37.4858584	-37.22810528	-37.23003697	-37.38259533	-37.73136493	-38.25344412	-38.90993895	-39.68640588	-40.56671813	-41.53731684	-42.60184741	-43.73871095	-44.95671189	-46.28255527	-47.69768232	-49.24513949	-38.78293947	-37.61502431	-36.76272422	-36.22291735	-35.97121559	-35.98436955	-36.22753164	-36.67565005	-37.29890689	-38.06477525	-38.94812472	-39.95055398	-40.99897882	-42.16100666	-43.38615336	-44.70381243	-46.12196954	-47.62902729	-49.2879307	-36.38170252	-35.436268	-34.86655757	-34.63410176	-34.7097755	-35.05158627	-35.61886276	-36.36472673	-37.25756078	-38.26891189	-39.37755582	-40.55542427	-41.8176943	-43.15069432	-44.56224052	-46.081235	-47.71627495	-34.05717563	-33.42597907	-33.21263511	-33.37439201	-33.83681178	-34.55409858	-35.46014305	-36.51018662	-37.66642018	-38.91321262	-40.23188426	-41.61375424	-43.05863694	-44.59079947	-46.20811351	-31.82919501	-31.67111472	-31.983738	-32.60045092	-33.50802503	-34.64106659	-35.86152739	-37.19955125	-38.59694158	-40.06656534	-41.58014452	-43.16101422	-44.80249291	-30.46222513	-31.34483534	-32.52211304	-33.8729363	-35.34529257	-36.8895542	-38.46255826	-40.09608894	-41.75510768
S52-5.1MHz(dB)	-41.69168143	-40.00342125	-38.39492519	-36.82459865	-35.24927992	-33.82582021	-32.48144399	-31.29428195	-30.376333	-44.77974096	-43.10614726	-41.50797983	-39.99236533	-38.53214864	-37.125845	-35.78352297	-34.57925508	-33.42090775	-32.53525767	-31.86893913	-31.52937597	-31.67829208	-46.15238256	-44.50340501	-42.99988934	-41.53931152	-40.15367197	-38.8281645	-39.30087154	-38.19208414	-35.37271455	-36.22162509	-33.76928041	-35.00293593	-33.0685638	-33.26938058	-33.88664259	-47.6529907	-46.01242925	-44.49596957	-43.0801779	-41.76231261	-40.47607897	-39.28218851	-38.1772557	-38.92033267	-36.3131785	-35.49999222	-34.94293201	-34.58987392	-34.53866931	-34.73806312	-35.2958934	-36.23236145	-49.24134619	-47.53392601	-46.03505597	-44.63570345	-43.32418246	-42.05516001	-40.90757708	-39.83119979	-38.85583859	-38.00786782	-37.18287351	-36.60272274	-36.1547091	-35.85204962	-35.86198584	-36.1221388	-36.61786699	-37.49932693	-38.67263176	-49.22150081	-47.66479648	-46.22934537	-44.88251222	-43.65780942	-42.49093209	-41.43824736	-40.52855984	-39.60945525	-38.80038606	-38.1451944	-37.65287694	-37.28391414	-37.06794888	-37.13046673	-37.40726243	-37.90118684	-38.67236032	-39.75123343	-52.2358849	-50.69804652	-49.29942741	-48.02053047	-45.2134922	-45.71581655	-44.72128214	-42.02506981	-41.18594864	-42.106732	-39.68772347	-39.0921424	-38.65057633	-38.39301678	-38.28637755	-38.31181576	-38.56118298	-39.06098835	-39.81046997	-40.84550474	-42.06046347	-52.40800962	-50.9415566	-48.1244074	-46.82956899	-45.68638452	-44.62263834	-43.62282741	-42.75749418	-41.91212721	-41.22804566	-40.61236896	-40.09109613	-39.70494704	-39.47652265	-39.3677685	-39.45752035	-39.73265173	-40.26451336	-40.91027908	-41.87152248	-43.08642876	-52.66124826	-50.14173414	-48.52287597	-48.88269759	-46.17057769	-45.16947134	-44.24590439	-43.48163991	-42.66365074	-42.07296073	-41.46601888	-41.02562947	-40.70881392	-40.55266366	-40.62414944	-40.63017362	-40.87872228	-41.34996781	-42.06965089	-42.95038279	-44.06590113	-51.71224873	-50.27970347	-48.99211657	-47.80575184	-46.74887581	-45.80455196	-44.94270389	-44.15778693	-43.46524953	-42.88042696	-42.39137318	-42.00305918	-41.76860297	-41.61892468	-41.58047454	-41.71157335	-42.02482559	-42.47699515	-43.17457174	-44.02183976	-45.03971337	-52.23976337	-50.78159645	-49.55456984	-48.4425484	-47.44039426	-46.54813195	-45.69644722	-46.59981167	-44.35454007	-43.83029716	-43.32302007	-42.98743801	-42.77076277	-42.64383879	-42.6567551	-42.81001243	-43.1321689	-43.57956823	-44.27070286	-45.03827937	-46.08346746	-52.79389267	-51.39205333	-50.19898534	-49.10899443	-48.14889967	-47.25718188	-46.48654091	-45.77174728	-46.96312133	-46.46899906	-44.27868276	-45.76177624	-43.79114326	-43.72303612	-43.75682997	-43.91217823	-44.22275978	-44.69566938	-45.31252566	-46.15683829	-47.17793132	-53.44591894	-52.07545393	-50.92919251	-49.8192747	-48.90084941	-48.07127878	-47.34171045	-46.69170797	-46.11675292	-45.642791	-45.26578248	-44.99470323	-44.82579668	-44.80398397	-44.83791607	-45.01634016	-45.38313676	-45.81886568	-46.45013699	-47.26373027	-48.28687678	-54.20598888	-52.88574771	-51.68289958	-50.66067301	-49.73363952	-48.89948904	-48.1802035	-47.56026969	-47.03758669	-46.60065925	-46.27008257	-46.03114765	-45.90273096	-45.85983653	-45.94380156	-46.13894149	-46.49254503	-46.97428638	-47.61128392	-48.42551551	-49.45312321	-55.08000022	-53.74551931	-52.54942963	-51.54114235	-50.62333266	-49.80281557	-49.11882665	-48.53835806	-48.07874869	-47.61589841	-47.30338277	-47.10674162	-46.97388397	-46.98451732	-47.063069	-47.29532384	-47.65207437	-48.14498968	-48.80888146	-49.62970463	-50.67398568	-54.74482926	-53.51327893	-52.47470212	-51.57613828	-50.79537073	-50.14847189	-49.5434038	-49.05003832	-48.6757953	-48.38133267	-48.19164771	-48.09844487	-48.10477559	-48.24441098	-48.48479666	-48.86211082	-49.37382999	-50.05632242	-50.90977654	-55.77156508	-54.57408791	-53.51966207	-52.62590096	-51.85075899	-51.18605047	-50.62065239	-50.14319159	-49.78165339	-49.5188228	-49.33241168	-49.28922772	-49.30585469	-49.45083696	-49.715186	-50.11268535	-50.66317338	-51.36155398	-52.29460732	-55.73588157	-54.69827269	-53.76739784	-52.98642559	-52.31926363	-51.76196042	-51.30808529	-50.94900077	-50.69868387	-50.54653061	-50.50004879	-50.54948376	-50.72736078	-51.01957169	-51.44130597	-52.03401993	-52.78873415	-55.97359014	-55.03712243	-54.22389161	-53.55537441	-52.98454029	-52.54415192	-52.20218698	-51.97588754	-51.82407067	-51.78536635	-51.87297271	-52.07049937	-52.39655547	-52.86304163	-53.51070196	-56.43736665	-55.59802963	-54.93429702	-54.35503677	-53.90364133	-53.57922569	-53.33018937	-53.21519628	-53.19810566	-53.3321036	-53.52706345	-53.90287656	-54.43379485	-56.45196607	-55.85577958	-55.39064827	-55.03732735	-54.82935514	-54.73134563	-54.73879731	-54.87997534	-55.1643785
S22-5.1MHz(dB)	-36.65554818	-36.69276811	-36.66984347	-36.70566747	-36.66398622	-36.6732726	-36.6696581	-36.65784413	-36.67299855	-36.65018272	-36.66590891	-36.67546748	-36.72329742	-36.70073742	-36.70897505	-36.70524694	-36.70586194	-36.6950163	-36.71991031	-36.6736336	-36.64635425	-36.61702228	-36.62457672	-36.65891806	-36.64499613	-36.68351189	-36.65747284	-36.65796152	-38.32195276	-38.30206162	-36.65793089	-38.32028089	-36.64780259	-38.33446442	-36.61475611	-36.59835155	-36.57117948	-36.58876646	-36.60228534	-36.62270697	-36.63303657	-36.64544085	-36.6552059	-36.65631367	-36.65999981	-38.31506064	-36.66283298	-36.64940665	-36.64267841	-36.62767627	-36.62573123	-36.59775111	-36.56589697	-36.5472646	-36.56312977	-36.5818083	-36.6026446	-36.62230738	-36.66314327	-36.63888632	-36.65031303	-36.64746782	-36.65229563	-36.67828896	-36.64519711	-36.64356079	-36.63449233	-36.62154366	-36.61612529	-36.60292063	-36.5747783	-36.58648534	-36.52562573	-36.55952663	-36.58282322	-36.6262307	-36.61196353	-36.61893918	-36.62344889	-36.66610648	-36.64653786	-36.64062952	-36.63028666	-36.66585047	-36.63310361	-36.6298761	-36.62030225	-36.60753376	-36.59168028	-36.57521794	-36.54919152	-36.52581525	-38.21119518	-38.20231037	-38.24140266	-38.19408948	-36.59944104	-38.25109381	-38.26068181	-36.62835639	-36.63636378	-38.3134726	-36.65755046	-36.62848402	-36.63431351	-36.64809837	-36.64245075	-36.60379858	-36.58881224	-36.57087126	-36.5510052	-36.56333717	-36.52273381	-38.20229184	-38.17729073	-36.60378173	-36.59069785	-36.61195312	-36.65706213	-36.62976215	-36.64599717	-36.64183139	-36.64467522	-36.63946598	-36.63687172	-36.63377762	-36.62426144	-36.61826541	-36.63562975	-36.59688468	-36.58231875	-36.55790351	-36.56508531	-36.51544424	-38.18348768	-36.88501307	-36.57885161	-38.17387271	-36.63447923	-36.62188051	-36.63159823	-36.64399175	-36.64091131	-36.65187054	-36.64079365	-36.64226221	-36.63833843	-36.62901025	-36.66976059	-36.61788991	-36.60250438	-36.60515722	-36.56923267	-36.54567204	-36.51334327	-36.5194652	-36.54257522	-36.60371882	-36.58470556	-36.60020311	-36.60920533	-36.62334823	-36.63113026	-36.66347381	-36.63574711	-36.65886348	-36.632039	-36.63662891	-36.63050448	-36.61765652	-36.60314153	-36.59271563	-36.57922304	-36.56153582	-36.54349195	-36.50044925	-36.52600253	-36.56483732	-36.56197349	-36.57951956	-36.59909217	-36.6136108	-36.61404603	-38.27518214	-36.6300988	-36.62945725	-36.65295278	-36.62556253	-36.62554899	-36.63975332	-36.60716535	-36.60057705	-36.57740638	-36.55800723	-36.52779399	-36.51475115	-36.48552495	-36.49351497	-36.51306667	-36.54459163	-36.55936638	-36.57133289	-36.584513	-36.5948724	-36.60137225	-38.10471395	-38.12985335	-36.60561901	-38.1381885	-36.60271835	-36.6007291	-36.6138847	-36.58427176	-36.56503884	-36.54576091	-36.53313794	-36.5066162	-36.48163944	-36.48924061	-36.51215923	-36.5719617	-36.58550744	-36.57412083	-36.59118677	-36.5997689	-36.63728688	-36.60902241	-36.60675863	-36.61339953	-36.61165887	-36.60854471	-36.61133583	-36.62799469	-36.59970238	-36.58493191	-36.56402497	-36.56870383	-36.52012044	-36.49346883	-36.51896505	-36.52211627	-36.5397564	-36.56496645	-36.58167742	-36.58763964	-36.59583223	-36.60876069	-36.63553684	-36.61260446	-36.62052307	-36.61276839	-36.64042197	-36.60241933	-36.59680426	-36.58551205	-36.57285635	-36.58810877	-36.53841991	-36.5177684	-36.48035298	-36.48015034	-36.51646764	-36.53805266	-36.55472659	-36.57352487	-36.61157234	-36.62423681	-36.60314285	-36.61204151	-36.63496334	-36.62832064	-36.60599722	-36.59999151	-36.62439652	-36.61322681	-36.57998232	-36.5589319	-36.54710611	-36.53002132	-36.4992294	-36.49337891	-36.53352655	-36.51621554	-36.56263461	-36.55441096	-36.58934586	-36.58508496	-36.58784073	-36.59290554	-36.5928011	-36.59253545	-36.59567637	-36.58846042	-36.58728651	-36.57827046	-36.5960757	-36.5558589	-36.53790235	-36.51149028	-36.49101215	-36.47071582	-36.49542059	-36.54749767	-36.54229245	-36.58048006	-36.57138291	-36.59928671	-36.58027273	-36.58464759	-36.57941629	-36.57846022	-36.57853089	-36.56473201	-36.55190765	-36.53922884	-36.52846272	-36.50481263	-36.48251672	-36.45361704	-36.50019943	-36.4954396	-36.51175808	-36.53094321	-36.54274496	-36.5480117	-36.55753357	-36.55587906	-36.55704716	-36.55797681	-36.55424162	-36.55052201	-36.5381505	-36.55330308	-36.51483845	-36.51778838	-36.49977255	-36.47652192	-36.49315124	-36.51025481	-36.5259149	-36.56170033	-36.5359524	-36.53906164	-36.54082488	-36.56787169	-36.53378176	-36.51978251	-36.54366335	-36.52411429	-36.48441723	-36.45922803	-36.48413116	-36.4760677	-36.52390296	-36.5073545	-36.50294339	-36.51032083	-36.50839002	-36.50464879	-36.5047052	-36.49014967	-36.48857693	-36.46836814	-36.48469666	-36.457706	-36.46402257	-36.47346032	-36.478776	-36.47646143	-36.50525127	-36.49783727	-36.4558776	-36.44320656
S12-S52	-0.006516775	-0.008224947	-0.01023311	-0.012616149	-0.015496655	-0.018626697	-0.022098855	-0.025667999	-0.028798251	-0.003913464	-0.005019485	-0.006347056	-0.007888892	-0.009697305	-0.011779023	-0.014136115	-0.016613116	-0.019344225	-0.021746043	-0.023735055	-0.024879955	-0.024580362	-0.002857214	-0.003726355	-0.004732914	-0.005933291	-0.007324686	-0.008921167	-0.008677399	-0.010192447	-0.014625525	-0.013446509	-0.018296642	-0.015971639	-0.020295671	-0.019959065	-0.018648701	-0.001902716	-0.002553828	-0.003336059	-0.004251092	-0.005315172	-0.006556354	-0.007926303	-0.009418365	-0.008886361	-0.012516497	-0.014114028	-0.015359337	-0.016259085	-0.016549352	-0.016304184	-0.015369809	-0.013824873	-0.001078111	-0.001556279	-0.002121964	-0.002806257	-0.003624738	-0.004578095	-0.00564427	-0.00681719	-0.008056221	-0.009307134	-0.010641202	-0.01173663	-0.012683479	-0.013401642	-0.013592817	-0.013335451	-0.012687747	-0.011497641	-0.010050547	-0.000683974	-0.001078556	-0.001566989	-0.002168514	-0.002878171	-0.003702986	-0.004613189	-0.005573022	-0.006643299	-0.007738204	-0.00875547	-0.009648396	-0.010405447	-0.01094602	-0.011083278	-0.010889497	-0.010398118	-0.009572656	-0.008478641	-2.4372E-06	-0.000188224	-0.000420405	-0.000750689	-0.001418741	-0.001634891	-0.002179173	-0.003512492	-0.004337865	-0.004221406	-0.006129721	-0.007008657	-0.007770334	-0.008355043	-0.008750572	-0.008971708	-0.008894542	-0.008527179	-0.007901252	-0.00705043	-0.006144819	0.000395166	0.000275405	0.000153748	-0.000149405	-0.000563582	-0.001054494	-0.001649816	-0.002310759	-0.003047112	-0.0037966	-0.004565661	-0.005309851	-0.005976478	-0.006510938	-0.006914467	-0.007102615	-0.007081752	-0.006815046	-0.006436558	-0.005824544	-0.005095799	0.000834581	0.000902602	0.000906896	0.000555544	0.000394601	-1.3287E-05	-0.000504436	-0.001073618	-0.00171698	-0.002375252	-0.003076706	-0.003734305	-0.004333413	-0.004817808	-0.005117232	-0.005411038	-0.005489367	-0.005378829	-0.005077044	-0.004678949	-0.00416324	0.001701144	0.001774226	0.001757764	0.001654281	0.001443886	0.001130585	0.000716305	0.000222201	-0.000342661	-0.000953145	-0.001580245	-0.002193848	-0.002754237	-0.003248282	-0.003656297	-0.003921707	-0.00405507	-0.004058499	-0.003895632	-0.003647372	-0.00332949	0.002390021	0.002601855	0.002710331	0.002703988	0.002578691	0.002352342	0.002029149	0.00127254	0.001070895	0.000501214	-0.000101702	-0.000707642	-0.00128218	-0.001795768	-0.002230924	-0.002561859	-0.002767272	-0.002879745	-0.002844753	-0.002746624	-0.002532715	0.003176979	0.003523476	0.003749246	0.003874037	0.003866549	0.003716871	0.003430248	0.003058773	0.001985679	0.001550554	0.001373784	0.000577577	0.00014519	-0.000416156	-0.000898684	-0.001312572	-0.001607339	-0.001809404	-0.001911605	-0.001898717	-0.001809614	0.004045774	0.004543923	0.004891038	0.005191301	0.005279893	0.005194587	0.004962323	0.004596139	0.004104159	0.003519447	0.002870813	0.002195389	0.001523637	0.000891604	0.000336791	-0.000158338	-0.000542274	-0.000844179	-0.001042914	-0.001148581	-0.001166498	0.004976741	0.005649598	0.006240178	0.006630324	0.006851581	0.006882366	0.006681654	0.006305401	0.005771114	0.005112097	0.004390883	0.003624205	0.002856531	0.002152032	0.001487153	0.000902293	0.000418398	2.68895E-05	-0.000275635	-0.000476981	-0.000597317	0.005991597	0.006883142	0.007715563	0.008283982	0.00864027	0.008740195	0.008566563	0.008139478	0.007477636	0.006788218	0.005942883	0.00503259	0.004167686	0.003330932	0.002559392	0.001866299	0.001278659	0.000796016	0.000404973	0.000101773	-0.00010421	0.008254765	0.009384852	0.010208777	0.010719439	0.01087368	0.010647507	0.010183729	0.009456943	0.00854415	0.007527054	0.006473441	0.005432166	0.004444543	0.003540916	0.002737304	0.002046598	0.001452791	0.000980236	0.000601585	0.009876982	0.011292134	0.012407852	0.013110106	0.013346123	0.013118823	0.012494951	0.011552247	0.01040477	0.009153315	0.007872485	0.006625158	0.005488189	0.00442873	0.003503927	0.002696961	0.002012163	0.001451311	0.001004327	0.013533704	0.015070536	0.016008687	0.016305685	0.01596578	0.015095816	0.0138397	0.012362223	0.010794799	0.009236035	0.007757551	0.006412137	0.005203512	0.004145654	0.003235325	0.00246315	0.00181942	0.018231995	0.019545076	0.019901326	0.019342688	0.018088322	0.016360185	0.014411162	0.01242595	0.010518864	0.008758126	0.007187674	0.005812896	0.004632042	0.003620376	0.002782329	0.024110643	0.024428246	0.023374155	0.021525721	0.019097852	0.016438741	0.01394841	0.011620618	0.009564874	0.007768917	0.006229759	0.004931734	0.003854687	0.02847941	0.025475405	0.021953369	0.018475997	0.015276175	0.012471993	0.010103797	0.00808696	0.006425482
S12+S52	0.009943835	0.011767177	0.013826231	0.016210892	0.019062729	0.022086855	0.025430048	0.028821887	0.031765581	0.007622209	0.008967452	0.010465394	0.012128696	0.013984923	0.016065369	0.018361676	0.020717679	0.023312215	0.025489305	0.027266456	0.028154877	0.027552959	0.006992211	0.008182219	0.009426182	0.010818623	0.012324583	0.013967567	0.012998965	0.014435363	0.019446211	0.017452798	0.022682794	0.01958193	0.024126707	0.023448055	0.021780752	0.006383962	0.007455583	0.008582713	0.009777726	0.011012128	0.012376934	0.013796736	0.015251525	0.013760779	0.018058828	0.019462083	0.020440694	0.0210261	0.020956284	0.020350277	0.019004607	0.017036264	0.005823695	0.006844774	0.007861407	0.008922307	0.010015466	0.011207902	0.01237143	0.013575288	0.014759703	0.015848578	0.017020972	0.017836267	0.018454796	0.018840769	0.018612732	0.017919805	0.016833632	0.015174855	0.013251733	0.006233618	0.007196866	0.008195549	0.009231474	0.010248044	0.011310564	0.012334778	0.013246215	0.014276487	0.015223848	0.016005649	0.016556724	0.016936805	0.017084591	0.016746303	0.016067212	0.015068463	0.013730352	0.012102447	0.00488674	0.005647943	0.006435403	0.007192657	0.009555017	0.008722232	0.009434401	0.012328286	0.01310961	0.011471139	0.014602405	0.015194917	0.015591191	0.015709585	0.015611326	0.015318946	0.014708656	0.013756176	0.012539953	0.011094478	0.009631542	0.00518841	0.005950226	0.008002663	0.008961291	0.009828696	0.010691725	0.011529371	0.012249037	0.013000989	0.013566518	0.014072864	0.014481488	0.014714577	0.014731475	0.01459559	0.014186322	0.013543412	0.01258507	0.011573539	0.010298754	0.008922927	0.005490095	0.007124792	0.008403873	0.007748296	0.010223415	0.011016228	0.011762463	0.012321545	0.013000975	0.013378426	0.01381716	0.014038195	0.014099301	0.013949276	0.013496032	0.013189321	0.012586281	0.011742268	0.010682638	0.00956108	0.008360525	0.006894134	0.007898362	0.008860476	0.009796493	0.010639616	0.011382438	0.012037566	0.01261418	0.013077803	0.013402035	0.013606382	0.013687123	0.013561243	0.013350788	0.013016416	0.012501249	0.011786153	0.01097916	0.009981554	0.008940085	0.007866031	0.007277015	0.008382152	0.009367683	0.01027062	0.011070697	0.011763074	0.012409395	0.010627446	0.013185325	0.013369335	0.013540327	0.013471766	0.013255392	0.012955796	0.012498719	0.011910168	0.011177825	0.010365244	0.009387173	0.008450745	0.007395167	0.007761937	0.008911473	0.009930558	0.010881814	0.011693363	0.012389902	0.012907947	0.013349419	0.010957362	0.011047415	0.013594478	0.010880043	0.013071448	0.012611857	0.01207874	0.011434813	0.01069229	0.009838467	0.008937745	0.007945657	0.006942912	0.008299152	0.009524244	0.010573942	0.011648828	0.012457629	0.013091658	0.01355136	0.013852592	0.013994069	0.013964014	0.013778706	0.013449076	0.012998306	0.012395126	0.011795461	0.01106735	0.010219234	0.009390794	0.008474592	0.007517913	0.006536968	0.008873742	0.010186325	0.011450745	0.012491656	0.013373089	0.014061227	0.014480311	0.014681012	0.014666211	0.01446609	0.014107741	0.013612068	0.012993158	0.012338841	0.011575962	0.010766971	0.009889549	0.008987048	0.008050928	0.007104503	0.006138245	0.009515549	0.010992311	0.012431397	0.013580286	0.014526854	0.01520997	0.015566412	0.015623105	0.015367919	0.015110359	0.014569904	0.013857147	0.01312826	0.012280543	0.01142843	0.010501328	0.009566212	0.008626354	0.007659113	0.006701785	0.005748146	0.011917357	0.013605373	0.014965358	0.015994447	0.016644818	0.016864872	0.016849644	0.016512447	0.015910294	0.015147202	0.014261829	0.013304577	0.012311218	0.011282136	0.01026722	0.009256419	0.008250124	0.007263914	0.006297207	0.013131238	0.015027435	0.016625273	0.017784604	0.01845696	0.018636134	0.018383352	0.017773393	0.016890328	0.015838122	0.014702307	0.013489021	0.012338925	0.011166065	0.010039305	0.008939995	0.007871809	0.00685826	0.005860561	0.016801357	0.018752812	0.020107519	0.02079013	0.020808249	0.020259171	0.019280036	0.018032183	0.016630537	0.0151749	0.013728283	0.012348984	0.011020015	0.009769733	0.008592856	0.007467285	0.006407102	0.021411434	0.023086467	0.023790303	0.023542804	0.022573741	0.021078886	0.019319343	0.017463689	0.015645428	0.013907586	0.012285457	0.010796058	0.009431611	0.008168978	0.007004102	0.027124771	0.027748172	0.026957719	0.025356421	0.023132893	0.020627339	0.018258839	0.015988493	0.013941352	0.012078396	0.010443587	0.00896713	0.007650809	0.031488476	0.028698262	0.025353515	0.022017304	0.018903298	0.016140275	0.013768933	0.011693006	0.009915367
(S12-S52)/(S12+S52)	-0.655358357	-0.698973672	-0.740122917	-0.778251354	-0.812929506	-0.843338582	-0.869005638	-0.890573147	-0.906586624	-0.513429164	-0.559744868	-0.606480341	-0.650431992	-0.693411423	-0.733193436	-0.769870615	-0.801881134	-0.829789263	-0.853143809	-0.870485523	-0.883681903	-0.892113347	-0.408628033	-0.455421091	-0.502102945	-0.548433114	-0.594315086	-0.638705868	-0.667545372	-0.706074882	-0.752101535	-0.770450022	-0.806630864	-0.815631521	-0.841211843	-0.851203441	-0.856200956	-0.298046174	-0.342539086	-0.388695175	-0.434773091	-0.482665329	-0.529723629	-0.574505641	-0.617535977	-0.645774582	-0.693095746	-0.725206427	-0.751409766	-0.773281031	-0.78970831	-0.801177507	-0.808741245	-0.811496755	-0.185124841	-0.227367418	-0.269921596	-0.314521405	-0.361914023	-0.40847027	-0.456234238	-0.502176421	-0.545825456	-0.587253547	-0.625181807	-0.65802053	-0.687272783	-0.71131079	-0.730296702	-0.744173873	-0.753714178	-0.757677165	-0.758432625	-0.10972342	-0.149864718	-0.1912	-0.234904436	-0.280850736	-0.327391785	-0.373998567	-0.420725629	-0.465331483	-0.508294876	-0.54702375	-0.582747888	-0.614368931	-0.640695464	-0.661834306	-0.67774656	-0.690058314	-0.697189397	-0.700572475	-0.000498738	-0.033326107	-0.065326912	-0.104368795	-0.148481307	-0.18743957	-0.230981617	-0.284913266	-0.330891971	-0.368002358	-0.419774734	-0.461250076	-0.498379738	-0.531843659	-0.56052717	-0.585660962	-0.604714795	-0.61988008	-0.630086298	-0.635489994	-0.637989068	0.076163249	0.04628484	0.019212166	-0.016672254	-0.057340474	-0.09862709	-0.143096764	-0.188648253	-0.234375385	-0.279850693	-0.32443015	-0.366664747	-0.406160363	-0.441974623	-0.473736728	-0.500666369	-0.522892795	-0.541518325	-0.55614432	-0.565558127	-0.571090474	0.152015799	0.12668465	0.107914044	0.071698807	0.038597757	-0.001206133	-0.042885209	-0.087133421	-0.132065455	-0.177543416	-0.22267281	-0.266010329	-0.307349496	-0.345380513	-0.379165675	-0.410258999	-0.436138966	-0.458074145	-0.475261296	-0.489374533	-0.497963962	0.246752307	0.224632176	0.198382616	0.168864598	0.135708493	0.099327098	0.059505803	0.017615187	-0.026201704	-0.071119442	-0.116139979	-0.160285521	-0.203096212	-0.243302623	-0.280898921	-0.313705193	-0.34405372	-0.369654739	-0.390283137	-0.407979551	-0.42327446	0.328434214	0.31040418	0.289327792	0.263274129	0.232929424	0.199976826	0.163517156	0.11974091	0.081218702	0.037489807	-0.007511068	-0.05252775	-0.09672891	-0.138607312	-0.178492244	-0.21509851	-0.247568038	-0.277827012	-0.303046786	-0.32501564	-0.34248245	0.409302371	0.39538651	0.377546296	0.356010237	0.330661871	0.299991957	0.265746943	0.22913156	0.181218671	0.140354507	0.101054558	0.053085956	0.011107378	-0.032997229	-0.074402129	-0.114787349	-0.15032689	-0.183911154	-0.213880045	-0.238962874	-0.260641923	0.4874924	0.47709019	0.462555743	0.445650048	0.423828035	0.396786002	0.366186331	0.331789082	0.293278432	0.252036887	0.208351417	0.16323717	0.117218131	0.071931854	0.028552624	-0.014306801	-0.053064079	-0.089894314	-0.123063621	-0.152779284	-0.178446362	0.560839024	0.55462577	0.544958222	0.530780201	0.51234096	0.489456988	0.461430289	0.429493606	0.393497301	0.35338486	0.311239272	0.266249362	0.219848871	0.174411172	0.128469022	0.083801893	0.042307121	0.002992027	-0.034236453	-0.067137907	-0.097310687	0.629663809	0.626177859	0.620651321	0.61000057	0.594779139	0.574635881	0.550323556	0.520989816	0.486574417	0.449242659	0.407887599	0.363176491	0.317459169	0.27123657	0.223949525	0.177720305	0.133664133	0.092277233	0.052874717	0.015185934	-0.018129248	0.692667431	0.689790144	0.682160559	0.670197569	0.653277198	0.631342271	0.604388347	0.572715996	0.537020222	0.496927064	0.453899755	0.408293023	0.36101569	0.313851516	0.266606104	0.221100459	0.176093294	0.134946028	0.09553199	0.752174458	0.751434565	0.74632474	0.73716043	0.723094311	0.703945507	0.679688388	0.649974187	0.616019427	0.577929332	0.535459143	0.491151863	0.444786626	0.396624044	0.349020899	0.30167361	0.255616409	0.21161505	0.171370432	0.805512559	0.803641386	0.796154269	0.784299318	0.767281303	0.745134937	0.717825414	0.685564438	0.649095024	0.608638918	0.56507803	0.519244133	0.472187383	0.424336461	0.376513354	0.329858835	0.283969261	0.851507427	0.846603162	0.836530989	0.821596615	0.801299276	0.776140902	0.745944686	0.711530673	0.672328249	0.629737331	0.585055471	0.538427621	0.491118876	0.443185951	0.39724275	0.888879141	0.880355117	0.867067244	0.848925836	0.825571285	0.796939479	0.76392643	0.726811355	0.686079398	0.643207649	0.59651525	0.549979067	0.503827298	0.90443914	0.887698534	0.865890544	0.839157992	0.808122232	0.772724939	0.733811161	0.691606614	0.648032722
S32-S42	0.006049375	0.005060225	0.004110704	0.0032556	0.00249503	0.001761591	0.001131647	0.000580358	9.08128E-05	0.009882111	0.008354067	0.006982148	0.005732798	0.00460731	0.003595728	0.002681957	0.001851307	0.001114425	0.000457422	-0.000120967	-0.000603053	-0.001002449	0.013575957	0.011382209	0.009427749	0.007775184	0.006318263	0.005017739	0.003072543	0.002203386	0.001862353	0.000780946	0.000255231	-0.000371339	-0.000980502	-0.001451172	-0.001811997	0.018228034	0.015082944	0.012475788	0.010260974	0.008355389	0.006727746	0.005276802	0.003983359	0.002223029	0.001755025	0.000813414	-3.15111E-05	-0.000793053	-0.001443008	-0.002003727	-0.002441035	-0.00274476	0.023971713	0.019625252	0.016046714	0.013146673	0.010744476	0.008749705	0.00695623	0.005391139	0.003981428	0.002707591	0.001567053	0.000514306	-0.000420531	-0.001278437	-0.002024246	-0.002665697	-0.003193459	-0.003557219	-0.003785564	0.024282624	0.019794059	0.016246548	0.01336975	0.010916499	0.00883443	0.006973497	0.005285345	0.003841446	0.002507631	0.001270755	0.000129668	-0.000903667	-0.001860398	-0.002708645	-0.003452628	-0.004077599	-0.004556593	-0.004856572	0.022984173	0.018908046	0.01562964	0.012831373	0.013198417	0.008608862	0.006900625	0.006810468	0.005098702	0.002833201	0.002173433	0.00086931	-0.000341873	-0.001478765	-0.002524213	-0.003517213	-0.004391191	-0.005146172	-0.005736822	-0.006110554	-0.006325064	0.020535034	0.017286548	0.018068276	0.015160451	0.012511086	0.01023547	0.00822386	0.006366977	0.004733373	0.003178861	0.001737274	0.000387186	-0.00090168	-0.002128452	-0.003314511	-0.004414805	-0.005431895	-0.006294334	-0.007103906	-0.007649162	-0.007936212	0.01764295	0.018139079	0.016344493	0.011047673	0.011632948	0.009530713	0.007645617	0.0058348	0.004257628	0.002690884	0.001241682	-0.000162396	-0.001531103	-0.002848791	-0.004069544	-0.005366145	-0.00657212	-0.007669648	-0.008594103	-0.009379835	-0.009913916	0.018493446	0.016505181	0.014420264	0.012437066	0.01048729	0.008628349	0.006880408	0.005238198	0.003666729	0.002154475	0.000672451	-0.000770425	-0.002179704	-0.003585266	-0.005005095	-0.006412327	-0.007785491	-0.009116493	-0.010317169	-0.011408269	-0.012327473	0.015161127	0.01398379	0.01244803	0.010834911	0.009176168	0.007568674	0.006030884	0.003578682	0.00300427	0.001525199	8.08149E-05	-0.001380166	-0.002859892	-0.004357797	-0.005887442	-0.007452133	-0.009040344	-0.010673207	-0.012186836	-0.013787367	-0.015091217	0.01243757	0.011653573	0.010528879	0.009279509	0.007925244	0.006558461	0.005144363	0.003753604	0.001797877	0.000678455	-0.000527534	-0.00162594	-0.003508325	-0.005065472	-0.006718356	-0.008461546	-0.010297061	-0.012219271	-0.014255508	-0.016243682	-0.018216397	0.010107048	0.009601814	0.008745567	0.007835208	0.006705866	0.00549739	0.00426562	0.002982167	0.001663258	0.000309427	-0.001105824	-0.002559151	-0.004096554	-0.005701189	-0.007474659	-0.009367431	-0.011375177	-0.013689983	-0.016167158	-0.018866765	-0.021685968	0.008101895	0.007778624	0.00723585	0.006453461	0.005548662	0.004549551	0.003445953	0.002269592	0.001050051	-0.000239559	-0.001611037	-0.003051508	-0.00457832	-0.006256634	-0.008084325	-0.01010598	-0.01234326	-0.014919103	-0.017869131	-0.021267207	-0.025151792	0.006433703	0.006239686	0.005864906	0.005256318	0.00450911	0.003645925	0.002671821	0.001608108	0.000469213	-0.000739696	-0.002044043	-0.003434907	-0.004972949	-0.00662379	-0.008496405	-0.010594109	-0.012985468	-0.015800649	-0.019121571	-0.023191417	-0.028149857	0.004928692	0.004676163	0.004202142	0.003588232	0.002833373	0.001972164	0.001030044	-1.34233E-05	-0.001144918	-0.002381814	-0.003714599	-0.005194148	-0.00683975	-0.008664705	-0.010763754	-0.013215775	-0.016125713	-0.019666414	-0.024156964	0.003885791	0.003668852	0.003283214	0.00277205	0.002132413	0.001386746	0.000538266	-0.000403225	-0.001453446	-0.002600435	-0.0038609	-0.005244908	-0.0068154	-0.008580903	-0.010625045	-0.012998235	-0.015830456	-0.019345108	-0.023814977	0.002817043	0.002517967	0.002096782	0.001547407	0.000885381	0.000137951	-0.000717522	-0.00165408	-0.002707608	-0.003867236	-0.005157633	-0.006604802	-0.008245783	-0.010129132	-0.012312623	-0.014910481	-0.01809013	0.001873651	0.001521224	0.001060324	0.000497478	-0.000179358	-0.000923547	-0.001767281	-0.002709348	-0.003748704	-0.00491144	-0.006202728	-0.007658733	-0.009313898	-0.011216199	-0.013426435	0.001060548	0.000669452	0.00018633	-0.000382997	-0.001040705	-0.001770867	-0.002596193	-0.003512196	-0.00452673	-0.005640237	-0.006882888	-0.008266211	-0.009803425	-2.66997E-05	-0.00051547	-0.001071067	-0.001710436	-0.002412322	-0.003177842	-0.004033906	-0.004957065	-0.005957911
S32+S42	0.009480492	0.008857489	0.008278958	0.007733109	0.007288075	0.006827845	0.006419419	0.006039312	0.005655635	0.013051065	0.011943707	0.011006732	0.010168303	0.009462337	0.008846938	0.008309799	0.007816311	0.00741041	0.006994063	0.006597859	0.006222633	0.005802584	0.016751453	0.015027963	0.013549359	0.012380295	0.011399808	0.01058945	0.00866276	0.008171869	0.008801538	0.007418027	0.007928782	0.006790866	0.007187622	0.006776485	0.006331126	0.021322075	0.018688422	0.016582003	0.014896185	0.013528794	0.012462471	0.011573014	0.010831451	0.008908309	0.009664346	0.009270788	0.008862652	0.008499883	0.008123228	0.007775464	0.00737422	0.006909132	0.026898384	0.023083769	0.020029371	0.017697117	0.015885908	0.014498943	0.013326982	0.012405592	0.011640362	0.010983313	0.010543854	0.010088694	0.009722441	0.009451651	0.009119015	0.008796035	0.008471467	0.008030741	0.007520284	0.027507141	0.023568336	0.020604644	0.018352219	0.016538976	0.015123021	0.013972624	0.012963214	0.012290817	0.011736873	0.01127465	0.010871376	0.0105837	0.010371814	0.01010677	0.009862885	0.009610631	0.009277027	0.008820229	0.02606915	0.022435709	0.019628436	0.017344635	0.018569756	0.014212788	0.013082357	0.014400261	0.013484807	0.010994614	0.0123079	0.011934911	0.011649069	0.01139844	0.011223443	0.011138002	0.011034299	0.01087423	0.010627265	0.010248415	0.009770418	0.023779576	0.021007012	0.022420038	0.020187777	0.018248125	0.016700293	0.015508499	0.014480502	0.013776708	0.013145375	0.012718248	0.012437717	0.01226003	0.012149215	0.012147172	0.01215944	0.012184976	0.012127736	0.012123774	0.011894761	0.011473375	0.021018319	0.022039897	0.020926231	0.015995451	0.017676757	0.016402287	0.015368909	0.014441661	0.013927819	0.013365618	0.013114371	0.012923106	0.012838193	0.012823552	0.012793125	0.013098555	0.013359855	0.013555756	0.013646363	0.013681138	0.013524771	0.021936752	0.020587718	0.019194116	0.017964462	0.016808471	0.015808646	0.01498733	0.014348231	0.013862516	0.013507776	0.013303554	0.01323658	0.013238957	0.013413039	0.01371788	0.014096882	0.014487582	0.014971848	0.015346097	0.015700739	0.015951371	0.018683456	0.018186898	0.017360799	0.016507006	0.015672065	0.014956603	0.014423871	0.011886422	0.013589975	0.013361609	0.013371192	0.013427591	0.013596883	0.013942257	0.014391099	0.0149739	0.015637213	0.016423709	0.017140169	0.018038915	0.018666943	0.016012867	0.015908329	0.015509587	0.015053299	0.014564177	0.014129738	0.013738118	0.013501051	0.01117554	0.011140295	0.013309929	0.011357465	0.013814199	0.014273211	0.014906318	0.01572129	0.01669582	0.017801545	0.019082535	0.020380839	0.02170683	0.013676429	0.013863983	0.013733292	0.013659291	0.013401323	0.013155316	0.012967507	0.012846328	0.012828392	0.01291163	0.013104365	0.013416503	0.013876041	0.014450614	0.01529807	0.016322816	0.017491875	0.019056192	0.0208217	0.022847057	0.025038558	0.011612499	0.011985088	0.01220394	0.012228702	0.01222328	0.01221109	0.012183038	0.012212121	0.012306576	0.012488398	0.012776841	0.013197007	0.013741297	0.014514851	0.015476389	0.016679011	0.018154367	0.020005616	0.022280442	0.025042798	0.028326652	0.009840599	0.0103266	0.010722295	0.010912287	0.011073515	0.011200723	0.011308756	0.011438647	0.011575523	0.011932278	0.012318423	0.012797286	0.013481644	0.014313251	0.01539892	0.016745472	0.018440834	0.020582947	0.02326752	0.026738387	0.031126806	0.008853113	0.009352474	0.009686049	0.009946972	0.010177102	0.010371113	0.010628173	0.010929626	0.011280629	0.011728382	0.01230366	0.013011007	0.013921742	0.01503676	0.016458854	0.018249869	0.020541469	0.023495195	0.027430971	0.007591824	0.008093449	0.008505363	0.008862029	0.009161193	0.009467506	0.009776271	0.010126417	0.010530062	0.011019317	0.011619431	0.012332055	0.013275711	0.014396525	0.015831029	0.017607995	0.019865388	0.022839368	0.026789295	0.006942261	0.007412391	0.007806995	0.008173913	0.008527171	0.008881182	0.009264306	0.009695271	0.010201888	0.010806271	0.011523593	0.012412544	0.013498178	0.014825028	0.016470042	0.018551876	0.021230539	0.006345436	0.006787104	0.007182584	0.007569418	0.007955917	0.008360383	0.00879321	0.009295375	0.009875504	0.01055391	0.011352457	0.012320768	0.013482616	0.01490835	0.016651516	0.005812774	0.006221675	0.006605555	0.00700422	0.007417196	0.007821722	0.00830143	0.008834065	0.0094467	0.010128298	0.010953477	0.011900045	0.013016866	0.005661671	0.006058523	0.006433568	0.006837208	0.007264108	0.007719952	0.008242592	0.008801747	0.009439262
(S32-S42)/(S32+S42)	0.638086535	0.57129339	0.496524295	0.420994934	0.342344227	0.258001047	0.176284951	0.096096758	0.016057045	0.7571881	0.699453422	0.634352479	0.56379101	0.48691036	0.406437571	0.322746287	0.236851785	0.150386442	0.06540152	-0.018334307	-0.0969129	-0.172759035	0.81043455	0.757402003	0.695807724	0.628029011	0.554242962	0.47384315	0.354684053	0.269630642	0.211594057	0.105276727	0.032190439	-0.054682069	-0.136415343	-0.214148139	-0.28620458	0.85489027	0.807074262	0.752369168	0.688832317	0.617600417	0.539840433	0.455957466	0.367758565	0.249545591	0.181597901	0.087739498	-0.00355549	-0.09330158	-0.177639674	-0.257698738	-0.331022812	-0.397265582	0.891195281	0.850175396	0.801159154	0.742870915	0.676352638	0.603471891	0.521965902	0.43457333	0.34203645	0.246518627	0.148622378	0.050978477	-0.04325368	-0.135260746	-0.221980727	-0.303056661	-0.376966455	-0.442950253	-0.503380488	0.882775273	0.839858174	0.78848964	0.728508656	0.66004685	0.584170976	0.499082855	0.407718734	0.312546061	0.213654136	0.112709016	0.011927494	-0.085382919	-0.179370542	-0.268002981	-0.350062624	-0.424280055	-0.491169527	-0.550617465	0.881661762	0.842765725	0.796275384	0.739789131	0.710748002	0.605712409	0.527475703	0.472940585	0.378107164	0.257689867	0.176588416	0.072837553	-0.029347656	-0.129734005	-0.224905432	-0.31578494	-0.397958321	-0.473244702	-0.539821159	-0.596243819	-0.647368849	0.863557639	0.822894194	0.805898549	0.750971787	0.685609432	0.612891681	0.530280832	0.43969309	0.343577942	0.241823525	0.136596994	0.031129975	-0.07354633	-0.175192515	-0.27286278	-0.363076373	-0.445786297	-0.519003165	-0.585948416	-0.643069873	-0.691706879	0.83940824	0.823011036	0.781052887	0.69067594	0.658092876	0.581060018	0.49747302	0.404025549	0.305692359	0.20132878	0.094681014	-0.012566331	-0.119261559	-0.222153057	-0.318103968	-0.409674603	-0.491930489	-0.56578535	-0.629772378	-0.685603438	-0.733019147	0.843034849	0.801700355	0.751285659	0.692314976	0.623928874	0.545799332	0.459081599	0.365076221	0.264506758	0.159498904	0.050546732	-0.058204198	-0.164643214	-0.267297074	-0.364859237	-0.454875577	-0.537390646	-0.608908973	-0.672299249	-0.726607159	-0.772815893	0.81147335	0.768893618	0.717019384	0.656382555	0.585511069	0.506042321	0.418118259	0.301073119	0.221065146	0.114147847	0.006043954	-0.102785832	-0.210334371	-0.31256038	-0.409103003	-0.497674782	-0.578130139	-0.64986585	-0.711010244	-0.764312418	-0.808446088	0.7767235	0.732545397	0.678862633	0.61644358	0.54416007	0.464160155	0.374459113	0.278023099	0.160876072	0.06090095	-0.039634657	-0.143160486	-0.253965165	-0.354893649	-0.450705251	-0.538222139	-0.616744834	-0.68641629	-0.747044784	-0.797007548	-0.839201185	0.739012245	0.69257252	0.636815059	0.573617449	0.500388392	0.417883546	0.328946841	0.232141568	0.129654468	0.023965015	-0.08438593	-0.190746526	-0.295224977	-0.394529179	-0.488601416	-0.573885687	-0.650312054	-0.718400792	-0.776457179	-0.825785328	-0.866102899	0.697687493	0.649025233	0.592910935	0.527730615	0.453942104	0.372575341	0.282848424	0.185847494	0.085324394	-0.019182505	-0.12609041	-0.231227273	-0.333179632	-0.431050508	-0.522365085	-0.605909993	-0.679905824	-0.745745786	-0.802009721	-0.849234459	-0.887919697	0.653791777	0.604234257	0.546982322	0.481688012	0.407197721	0.325507966	0.236261282	0.140585542	0.040534922	-0.061991196	-0.165933801	-0.268408986	-0.368868134	-0.462773266	-0.551753339	-0.632655133	-0.704169266	-0.767657275	-0.821813881	-0.867345396	-0.90436059	0.556718468	0.499992046	0.433834517	0.360736099	0.278406693	0.190159366	0.096916331	-0.001228156	-0.101494148	-0.203081203	-0.301910062	-0.399211834	-0.491299839	-0.576234869	-0.653979552	-0.724157266	-0.78503213	-0.837039816	-0.880645625	0.511838895	0.45331132	0.38601693	0.312800872	0.232765885	0.146474271	0.055058451	-0.039819084	-0.13802828	-0.2359888	-0.332279622	-0.425306888	-0.513373608	-0.596039855	-0.671153111	-0.738200753	-0.796886296	-0.847007164	-0.888973613	0.405781802	0.339696975	0.268577398	0.189310434	0.103830587	0.015532968	-0.077450214	-0.170606871	-0.265402673	-0.357869626	-0.447571596	-0.532107012	-0.610881212	-0.683245363	-0.747576936	-0.803718247	-0.852080613	0.295275388	0.224134411	0.147624277	0.065722121	-0.022544036	-0.110467129	-0.200982453	-0.291472678	-0.379596221	-0.465366849	-0.546377599	-0.621611674	-0.6908079	-0.752343437	-0.806319057	0.182451344	0.10760003	0.028208084	-0.054680894	-0.140309781	-0.226403756	-0.312740403	-0.397574158	-0.479186427	-0.556878993	-0.62837467	-0.694636947	-0.753132522	-0.00471587	-0.085081808	-0.166481011	-0.25016589	-0.332087906	-0.411640084	-0.489397777	-0.563191034	-0.631183984
Net Ana Temperature[]	22.07738509	22.0769852	22.08400935	22.05457543	22.07221501	22.09179174	22.07610231	22.05479096	22.04574916	22.06695144	22.08056868	22.07401974	22.07370553	22.08471566	22.07626331	22.06231888	22.04578551	22.04559076	22.00336796	21.9681719	21.93157881	21.88700338	21.78259153	21.71338094	21.70584264	21.71237601	21.73247468	21.73974812	21.75023371	21.75258634	21.78204622	21.81708387	21.83969878	21.85531031	21.82875097	21.80281485	21.81700857	21.91191119	21.90338613	21.88544274	21.89414957	21.86775643	21.82038951	21.7782524	21.77291872	21.86644768	21.80030382	21.80644248	21.81472864	21.81510257	21.82151389	21.77154246	21.72086211	21.75669696	21.76739548	21.77037912	21.74209556	21.76514672	21.82699039	21.83356011	21.80525318	21.76187743	21.76993768	21.77552584	21.82003895	21.76988055	21.7907167	21.7872241	21.78626071	21.80642171	21.81796417	21.82503246	21.75335757	21.77797715	21.82371592	21.78955336	21.71066476	21.70069073	21.71200208	21.68703454	21.68342508	21.69095819	21.70582446	21.7128564	21.69997144	21.72353155	21.73081537	21.67712023	21.66203324	21.65861854	21.68070891	21.66295767	21.64708128	21.74132433	21.83565048	21.73687614	21.70123604	21.72437029	21.69131394	21.76422228	21.77616983	21.71616983	21.67402493	21.6594443	21.63538821	21.68576993	21.68640613	21.71262529	21.69343547	21.72454427	21.7254791	21.69257336	21.72210335	21.84296027	21.94458582	21.75707089	21.67335497	21.64168268	21.64651259	21.64914308	21.69367956	21.70351337	21.69977668	21.70384056	21.67985458	21.69378343	21.72257336	21.73715918	21.73779278	21.72537523	21.72453908	21.7361075	21.72051935	21.69842638	21.72600104	21.72953519	21.72636718	21.69789146	21.70249546	21.70475201	21.67810958	21.65990392	21.64935341	21.66140223	21.64313425	21.61458323	21.59216827	21.60255518	21.63311088	21.59092184	21.61251883	21.65930667	21.64581148	21.64740327	21.70210335	21.71287458	21.75774604	21.75931706	21.73540119	21.71298364	21.68223319	21.67709426	21.67121267	21.62827318	21.65329784	21.65470787	21.65836925	21.67139444	21.6974604	21.69493638	21.67861854	21.70893274	21.68453389	21.6510335	21.59750195	21.59159699	21.63101013	21.61930667	21.64696702	21.60821085	21.60516489	21.61481693	21.60880031	21.69158141	21.60096858	21.61513373	21.60508439	21.63049857	21.61975591	21.64478058	21.68777201	21.6625396	21.66080758	21.65583485	21.64848611	21.63739548	21.58076344	21.55376006	21.56088289	21.59533368	21.61742664	21.60608933	21.65623994	21.62663724	21.63542197	21.61609712	21.6580187	21.64562192	21.63803687	21.60274734	21.5796806	21.61404051	21.63120748	21.65301999	21.64303558	21.65088548	21.64378343	21.63645287	21.69665541	21.707933	21.7257128	21.68606855	21.64909634	21.60726045	21.60451571	21.63870943	21.62681641	21.60251883	21.61457024	21.65852246	21.69856661	21.73355752	21.73297066	21.70718255	21.68792262	21.69640353	21.65316281	21.62703194	21.59449234	21.62546611	21.64424565	21.66864191	21.67053493	21.64988315	21.66970138	21.65449234	21.64180992	21.61274214	21.61886783	21.65281485	21.67209816	21.64997663	21.67267723	21.69662945	21.69200208	21.6581745	21.65482732	21.64573617	21.61495715	21.56522981	21.64256557	21.66112438	21.64111659	21.67502727	21.69828876	21.68087769	21.63688912	21.61550247	21.64551545	21.65263308	21.68407427	21.67827318	21.64528954	21.65305895	21.61176578	21.61088808	21.60870943	21.62101792	21.6206336	21.61150091	21.61213451	21.60011685	21.5733368	21.55935341	21.59289016	21.63939756	21.66564009	21.65799273	21.6403194	21.61330563	21.60414697	21.60510776	21.58846533	21.63225136	21.67266684	21.64797975	21.66114256	21.67775643	21.69041548	21.62708647	21.63689951	21.62603999	21.6684887	21.68863152	21.66292392	21.65733576	21.65820826	21.65566346	21.63655414	21.6366684	21.63187743	21.60273695	21.60680343	21.57848611	21.55857959	21.56751233	21.5753986	21.55924695	21.58518047	21.61121527	21.64162555	21.64570501	21.61509738	21.63535965	21.61653596	21.60241755	21.55759024	21.57227993	21.53676707	21.58081797	21.62985199	21.6684939	21.67994547	21.59746819	21.63734095	21.62050377	21.63045443	21.60879512	21.6396053	21.61633342	21.60021553	21.65256297	21.67941833	21.67592314	21.6289691	21.62608413	21.6512698	21.6006336	21.59270839	21.60248247	21.56217346	21.58885484	21.60159958	21.59854324	21.61139704	21.60093482	21.60649701	21.59070891	21.59620878	21.60966762	21.61349779	21.57257336	21.54066217	21.5071462	21.56248247	21.56939237	21.54799792	21.5233368	21.5761932	21.61935341	21.55528434	21.56392885	21.58256297
BPM Temperature[]	20.29968839	20.27735653	20.23313425	20.22116333	20.22344845	20.2097637	20.24300182	20.23754869	20.24235264	20.26400935	20.27385095	20.24993508	20.21890418	20.24798754	20.24385874	20.16193197	20.0421449	19.95414178	19.84663724	19.78231628	19.76219164	19.72072189	19.65048039	19.65788107	19.67465593	19.69768891	19.76694365	19.82884965	19.85247988	19.85029862	19.84980525	19.84388471	19.79877954	19.77735653	19.75954298	19.78299143	19.77644768	19.73905479	19.70888081	19.7083355	19.71558037	19.71659309	19.71635939	19.70540119	19.71781355	19.71750195	19.6900026	19.69810439	19.70337575	19.70124643	19.68073228	19.63219943	19.63290055	19.61345105	19.63970397	19.65136328	19.62633082	19.63754869	19.64458582	19.64837704	19.63941833	19.6788107	19.65725786	19.63162815	19.62098156	19.60903661	19.62472085	19.63614646	19.65525837	19.64733835	19.62710984	19.60729681	19.6056349	19.6097637	19.59407946	19.5886523	19.59085952	19.58242015	19.53710724	19.53165412	19.54539081	19.57803168	19.57076084	19.58314723	19.58649701	19.57138406	19.56543755	19.58322514	19.57247468	19.54035316	19.56239938	19.5593612	19.5406388	19.55367437	19.55546611	19.55795897	19.54702675	19.5449234	19.55196053	19.56042586	19.55988055	19.53863931	19.54058686	19.54933783	19.57421449	19.576188	19.57997923	19.57696702	19.58252402	19.60454427	19.63269281	19.60537523	19.60106466	19.62165671	19.61036095	19.61934562	19.61695663	19.59950662	19.56400935	19.55772527	19.55925734	19.56263308	19.54684498	19.54250844	19.54121008	19.51742405	19.51791742	19.56928071	19.56961828	19.556349	19.55967281	19.56715139	19.5913529	19.60098676	19.54554661	19.55468709	19.54606596	19.56533368	19.57281226	19.5759543	19.58184887	19.57200727	19.54687094	19.52781096	19.53458842	19.54510517	19.53635419	19.54526097	19.56969618	19.5731758	19.53796417	19.53227733	19.5226175	19.53648403	19.54892236	19.55305116	19.53232927	19.50321994	19.4915866	19.50789405	19.51734614	19.55572579	19.57205921	19.56967022	19.55266165	19.52846014	19.54323552	19.53386133	19.52233186	19.52277331	19.53552324	19.52448715	19.4972215	19.51490522	19.519839	19.52066996	19.5156323	19.5013503	19.46738509	19.4815113	19.51760582	19.49324851	19.48431576	19.48299143	19.51036095	19.49169047	19.47886263	19.47385095	19.47250065	19.49044404	19.49363802	19.48512075	19.49633861	19.49493638	19.48800312	19.4846014	19.51246429	19.54814334	19.53461439	19.52292911	19.49483251	19.53479616	19.54848091	19.55421968	19.57216307	19.57263049	19.5491301	19.53064139	19.51861854	19.51524279	19.52318878	19.52272137	19.53458842	19.52279927	19.50607634	19.5307972	19.54502727	19.54131394	19.52492859	19.49662425	19.50062321	19.50532329	19.51503506	19.5210335	19.51955336	19.49104129	19.46673591	19.4676967	19.4831732	19.48226435	19.48530252	19.49415736	19.50916645	19.48932745	19.46847572	19.47886263	19.46564529	19.44487146	19.4477798	19.46143859	19.45790704	19.44710465	19.44162555	19.43895092	19.44567645	19.42866788	19.42923916	19.44219683	19.44840301	19.46930667	19.45235004	19.45232407	19.45323293	19.45868606	19.46416515	19.43871722	19.44476759	19.45385614	19.45684238	19.43692547	19.45427162	19.45076603	19.45595949	19.43438068	19.43391327	19.44894833	19.45710205	19.43196572	19.43266684	19.42942093	19.42433134	19.4154765	19.42160478	19.41508699	19.41173721	19.39909115	19.40140223	19.4183329	19.41664503	19.42487666	19.41337315	19.41529473	19.44549468	19.46673591	19.46439886	19.4266684	19.43336796	19.4324591	19.45196053	19.43715918	19.43513373	19.44084653	19.43689951	19.42931706	19.43811997	19.42760322	19.42721371	19.44035316	19.44227473	19.43305635	19.41856661	19.4307972	19.43661387	19.44458582	19.43134251	19.44562451	19.4350039	19.43552324	19.44546871	19.43284861	19.42739548	19.43879512	19.43744482	19.48197871	19.47883667	19.4423007	19.42820047	19.43458842	19.43734095	19.43749675	19.41680083	19.41477538	19.40628408	19.41867048	19.40862114	19.4252402	19.43113477	19.43074526	19.4492859	19.42586341	19.42700597	19.4350039	19.42100753	19.39828616	19.39529992	19.40075305	19.41685277	19.41599585	19.39491041	19.38088808	19.3733316	19.35840042	19.35494677	19.35572579	19.35816671	19.41059465	19.40963386	19.43196572	19.41298364	19.40044144	19.3888081	19.37709686	19.36917684	19.350792	19.34141781	19.31957933	19.31498312	19.32326668	19.32965464	19.32739548	19.30797196	19.30862114	19.31147754	19.32072189	19.31721631	19.33736692	19.36211374	19.36164633	19.3548429	19.36086731	19.36239938	19.34123604	19.34513113
