BPM Serial No.	16elec																																																																																																																																																																																																																																																																																																																																																																																				
BPM Size	110																																																																																																																																																																																																																																																																																																																																																																																				
"Experi,menter"	Tajima      Hanamura      Kawachi      																																																																																																																																																																																																																																																																																																																																																																																				
Meas. Start Time	2019/08/2619:10																																																																																																																																																																																																																																																																																																																																																																																				
Meas. Finish Time	2019/08/2623:14																																																																																																																																																																																																																																																																																																																																																																																				
Linear Scale Origin X(mm)	-99.673																																																																																																																																																																																																																																																																																																																																																																																				
Linear Scale Origin Y(mm)	88.51																																																																																																																																																																																																																																																																																																																																																																																				
note																																																																																																																																																																																																																																																																																																																																																																																					
																																																																																																																																																																																																																																																																																																																																																																																					
																																																																																																																																																																																																																																																																																																																																																																																					
Data Point Number	1	2	3	4	5	6	7	8	9	10	11	12	13	14	15	16	17	18	19	20	21	22	23	24	25	26	27	28	29	30	31	32	33	34	35	36	37	38	39	40	41	42	43	44	45	46	47	48	49	50	51	52	53	54	55	56	57	58	59	60	61	62	63	64	65	66	67	68	69	70	71	72	73	74	75	76	77	78	79	80	81	82	83	84	85	86	87	88	89	90	91	92	93	94	95	96	97	98	99	100	101	102	103	104	105	106	107	108	109	110	111	112	113	114	115	116	117	118	119	120	121	122	123	124	125	126	127	128	129	130	131	132	133	134	135	136	137	138	139	140	141	142	143	144	145	146	147	148	149	150	151	152	153	154	155	156	157	158	159	160	161	162	163	164	165	166	167	168	169	170	171	172	173	174	175	176	177	178	179	180	181	182	183	184	185	186	187	188	189	190	191	192	193	194	195	196	197	198	199	200	201	202	203	204	205	206	207	208	209	210	211	212	213	214	215	216	217	218	219	220	221	222	223	224	225	226	227	228	229	230	231	232	233	234	235	236	237	238	239	240	241	242	243	244	245	246	247	248	249	250	251	252	253	254	255	256	257	258	259	260	261	262	263	264	265	266	267	268	269	270	271	272	273	274	275	276	277	278	279	280	281	282	283	284	285	286	287	288	289	290	291	292	293	294	295	296	297	298	299	300	301	302	303	304	305	306	307	308	309	310	311	312	313	314	315	316	317	318	319	320	321	322	323	324	325	326	327	328	329	330	331	332	333	334	335	336	337	338	339	340	341	342	343	344	345	346	347	348	349	350	351	352	353	354	355	356	357	358	359	360	361	362	363	364	365	366	367	368	369	370	371	372	373
R(beam)[mm]	20.001	15.004	10.004	5.003	0.002	-4.998	-9.998	-14.999	-19.999	30.002	25.005	20.004	15.004	10.004	5.003	0.003	-4.998	-9.998	-14.999	-19.999	-25	-30	35.003	30.005	25.005	20.004	15.004	10.004	5.003	0.002	-4.998	-9.998	-14.998	-19.999	-25	-30	-35.001	40.004	35.006	30.005	25.005	20.004	15.004	10.004	5.003	0.002	-4.998	-9.998	-14.999	-19.999	-25	-30	-35.001	-40.001	45.005	40.006	35.006	30.005	25.005	20.004	15.004	10.004	5.003	0.003	-4.998	-9.998	-14.998	-19.999	-25	-30	-35.001	-40.001	-45.002	45.004	40.007	35.006	30.005	25.005	20.005	15.004	10.004	5.003	0.002	-4.998	-9.998	-14.999	-19.999	-25	-30	-35.001	-40.001	-45.002	50.005	45.007	40.007	35.006	30.006	25.005	20.005	15.004	10.004	5.003	0.002	-4.998	-9.998	-14.999	-19.999	-25	-30	-35.001	-40.001	-45.002	-50.003	50.005	45.007	40.007	35.006	30.005	25.005	20.005	15.004	10.004	5.003	0.003	-4.998	-9.998	-14.998	-19.999	-25	-30	-35.001	-40.001	-45.002	-50.002	50.005	45.007	40.007	35.006	30.006	25.005	20.005	15.004	10.004	5.003	0.003	-4.998	-9.998	-14.999	-19.999	-25	-30	-35.001	-40.001	-45.002	-50.003	50.005	45.007	40.007	35.006	30.005	25.005	20.005	15.004	10.004	5.003	0.003	-4.998	-9.998	-14.998	-19.999	-25	-30	-35.001	-40.001	-45.002	-50.002	50.005	45.007	40.007	35.006	30.006	25.005	20.005	15.004	10.004	5.003	0.003	-4.998	-9.998	-14.999	-19.999	-24.999	-30	-35.001	-40.001	-45.002	-50.002	50.005	45.007	40.007	35.006	30.005	25.005	20.005	15.004	10.004	5.003	0.003	-4.998	-9.998	-14.998	-19.999	-25	-30	-35.001	-40.001	-45.002	-50.002	50.005	45.007	40.007	35.006	30.005	25.005	20.005	15.004	10.004	5.003	0.003	-4.998	-9.998	-14.998	-19.999	-25	-30	-35.001	-40.001	-45.002	-50.002	50.005	45.007	40.007	35.006	30.005	25.005	20.005	15.004	10.004	5.003	0.003	-4.998	-9.998	-14.998	-19.999	-24.999	-30	-35.001	-40.001	-45.002	-50.002	50.005	45.007	40.007	35.006	30.006	25.005	20.005	15.004	10.004	5.003	0.003	-4.998	-9.998	-14.998	-19.999	-24.999	-30	-35.001	-40.001	-45.002	-50.002	45.004	40.007	35.006	30.006	25.005	20.005	15.004	10.004	5.003	0.003	-4.998	-9.998	-14.998	-19.999	-24.999	-30	-35.001	-40.001	-45.002	45.005	40.007	35.006	30.006	25.005	20.005	15.004	10.004	5.003	0.003	-4.998	-9.998	-14.998	-19.999	-24.999	-30	-35.001	-40.001	-45.002	40.004	35.006	30.006	25.005	20.005	15.004	10.004	5.003	0.003	-4.998	-9.998	-14.998	-19.999	-24.999	-30	-35	-40.001	35.003	30.006	25.005	20.005	15.004	10.004	5.004	0.003	-4.998	-9.998	-14.998	-19.999	-24.999	-30	-35	30.003	25.005	20.005	15.004	10.004	5.003	0.003	-4.998	-9.998	-14.998	-19.999	-25	-30	20.002	15.004	10.004	5.003	0.003	-4.998	-9.998	-14.998	-19.999
Y(beam)[mm]	-49.997	-49.997	-49.997	-49.997	-49.997	-49.997	-49.997	-49.997	-49.997	-44.999	-44.999	-44.999	-44.999	-44.999	-44.999	-44.999	-44.999	-44.999	-44.999	-44.999	-44.999	-44.999	-40	-40	-40	-40	-40	-40	-40	-40	-40	-40	-40	-40	-40	-40	-40	-35	-35	-35	-35	-35	-35	-35	-35	-35	-35	-35	-35	-35	-35	-35	-35	-35	-30	-30	-30	-30	-30	-30	-30	-30	-30	-30	-30	-30	-30	-30	-30	-30	-30	-30	-30	-25.001	-25.001	-25.001	-25.001	-25.001	-25.001	-25.001	-25.001	-25.001	-25.001	-25.001	-25.001	-25.001	-25.001	-25.001	-25.001	-25.001	-25.001	-25.001	-20.001	-20.001	-20.001	-20.001	-20.001	-20.001	-20.001	-20.001	-20.001	-20.001	-20.001	-20.001	-20.001	-20.001	-20.001	-20.001	-20.001	-20.001	-20.001	-20.001	-20.001	-15.001	-15.001	-15.001	-15.001	-15.001	-15.001	-15.001	-15.001	-15.001	-15.001	-15.001	-15.001	-15.001	-15.001	-15.001	-15.001	-15.001	-15.001	-15.001	-15.001	-15.001	-10.001	-10.001	-10.001	-10.001	-10.001	-10.001	-10.001	-10.001	-10.001	-10.001	-10.001	-10.001	-10.001	-10.001	-10.001	-10.001	-10.001	-10.001	-10.001	-10.001	-10.001	-5.002	-5.002	-5.002	-5.001	-5.001	-5.001	-5.001	-5.002	-5.002	-5.002	-5.002	-5.002	-5.002	-5.002	-5.002	-5.001	-5.002	-5.001	-5.001	-5.001	-5.001	-0.001	-0.001	-0.001	-0.001	-0.001	-0.001	-0.001	-0.001	-0.001	-0.001	-0.001	-0.001	-0.001	-0.001	-0.001	-0.001	-0.001	-0.001	-0.001	-0.001	-0.001	4.998	4.998	4.998	4.998	4.998	4.998	4.998	4.998	4.998	4.998	4.998	4.998	4.998	4.998	4.998	4.998	4.998	4.998	4.998	4.998	4.998	9.998	9.999	9.999	9.999	9.999	9.999	9.999	9.999	9.999	9.999	9.999	9.999	9.999	9.999	9.999	9.999	9.999	9.999	9.999	9.999	9.999	14.998	14.998	14.998	14.998	14.998	14.998	14.998	14.998	14.998	14.998	14.998	14.998	14.998	14.998	14.998	14.998	14.998	14.998	14.998	14.998	14.998	19.999	19.999	19.999	19.999	19.999	19.999	19.999	19.999	19.999	19.999	19.999	19.999	19.999	19.999	19.999	19.999	19.999	19.999	19.999	19.999	19.999	24.998	24.998	24.998	24.998	24.998	24.998	24.998	24.998	24.998	24.998	24.998	24.998	24.998	24.998	24.998	24.998	24.998	24.998	24.998	29.998	29.998	29.998	29.998	29.998	29.998	29.998	29.998	29.998	29.998	29.998	29.998	29.998	29.998	29.998	29.998	29.998	29.998	29.998	34.998	34.998	34.998	34.998	34.998	34.998	34.998	34.998	34.998	34.998	34.998	34.998	34.998	34.998	34.998	34.998	34.998	39.998	39.998	39.998	39.998	39.998	39.998	39.998	39.998	39.998	39.998	39.998	39.998	39.998	39.998	39.998	44.998	44.998	44.998	44.998	44.998	44.998	44.998	44.998	44.998	44.998	44.998	44.998	44.998	49.999	49.999	49.999	49.999	49.999	49.999	49.999	49.999	49.999
S32-5.1MHz(dB)	-42.19422683	-43.15833379	-44.16047105	-45.20872577	-46.21660776	-47.33531816	-48.46551916	-49.6106696	-50.84830308	-38.8088588	-39.87500642	-40.92165982	-41.99021277	-43.05437052	-44.11958627	-45.18949363	-46.31738491	-47.40703387	-48.59130357	-49.78778562	-51.02233806	-52.37949887	-36.38534178	-37.58671426	-38.79483566	-39.93358766	-41.04916234	-42.15385666	-44.65917272	-45.65769682	-45.4670634	-47.76688156	-47.76615592	-49.88603813	-50.16608175	-51.47695776	-52.89888412	-34.0954809	-35.45153567	-36.75546708	-38.00716804	-39.22359239	-40.35352798	-41.48364158	-42.606415	-45.09021684	-44.88917201	-45.9473422	-47.10947952	-48.27881632	-49.52884919	-50.78650571	-52.16106178	-53.63637217	-31.89337479	-33.4120475	-34.87728105	-36.23657837	-37.51565691	-38.69174023	-39.87425677	-41.01817857	-42.15109932	-43.2930929	-44.35634066	-45.50789334	-46.66147925	-47.7762351	-49.00115266	-50.28153652	-51.58882446	-53.01782904	-54.57966757	-31.7375029	-33.27937076	-34.69587852	-35.9988468	-37.2471724	-38.43361218	-39.59319588	-40.79902365	-41.87014325	-42.94061321	-44.05320974	-45.18245148	-46.30600452	-47.42835657	-48.63232771	-49.86960009	-51.17418368	-52.52729802	-54.07646707	-32.1969523	-33.67417012	-35.10034908	-36.42433872	-35.98110183	-38.86609238	-39.9776727	-39.49037689	-40.66776212	-43.20478766	-42.80721195	-43.87794218	-44.959295	-46.09959795	-47.23854454	-48.3660287	-49.58595547	-50.86150676	-52.21067382	-53.70525196	-55.27814773	-33.0999808	-34.36237054	-33.87787019	-35.05358867	-36.26423828	-37.41721485	-38.51201819	-39.64632885	-40.67433438	-41.76521706	-42.82266857	-43.86269871	-44.9193863	-46.00607659	-47.08668524	-48.2424144	-49.43560446	-50.6987024	-52.01730716	-53.45693295	-55.01145074	-34.29851292	-35.29650398	-34.59672439	-37.35987251	-36.68186007	-37.74485307	-38.78093587	-39.8599565	-40.82940911	-41.91178866	-42.88005255	-43.91448612	-44.95570437	-46.03921467	-47.19453051	-48.24692177	-49.39551432	-50.62515001	-51.95786408	-53.36966161	-54.89324741	-33.88895878	-34.63876987	-35.49225211	-36.36355207	-37.29949304	-38.26109801	-39.22456665	-40.17967104	-41.14231931	-42.12412238	-43.11286967	-44.09857735	-45.14337745	-46.17441896	-47.22702129	-48.3119545	-49.45889908	-50.67221224	-51.99094011	-53.36414588	-54.86463686	-35.39535933	-35.87415034	-36.53314188	-37.28721826	-38.11700845	-38.98756465	-39.80264596	-42.25089155	-41.62511803	-42.55907833	-43.44586553	-44.40752917	-45.39787797	-46.40644428	-47.42874615	-48.50550892	-49.64195669	-50.81946907	-52.11416204	-53.445476	-54.96934195	-36.93711234	-37.21813697	-37.70662699	-38.30107641	-38.98004894	-39.71229446	-40.50041213	-41.28107867	-43.75109887	-44.56587312	-43.88428252	-46.24481134	-45.75527346	-46.73835264	-47.74324825	-48.79093811	-49.89699452	-51.08253676	-52.33475102	-53.69361632	-55.19247558	-38.49910318	-38.61007576	-38.99360959	-39.3729011	-39.95188524	-40.60175895	-41.29851398	-42.03654658	-42.80385277	-43.60034444	-44.42686665	-45.31010832	-46.21658684	-47.19569172	-48.14517462	-49.18321404	-50.30407302	-51.43092155	-52.67376723	-54.03839986	-55.53775392	-40.12713856	-40.1033556	-40.2458002	-40.59194718	-41.03830422	-41.52955971	-42.13947456	-42.8033692	-43.5119247	-44.26018494	-45.05899906	-45.89661593	-46.78801324	-47.67661135	-48.64900552	-49.65449267	-50.73866834	-51.86648654	-53.13783314	-54.48698696	-55.97172645	-41.78383601	-41.63710661	-41.62382426	-41.85204879	-42.17330877	-42.58721159	-43.11622316	-43.70898032	-44.40961561	-45.04773855	-45.78981197	-46.59730732	-47.41219582	-48.3074673	-49.24549579	-50.22815659	-51.29379919	-52.41229749	-53.68819066	-55.03873311	-56.54847338	-43.23407422	-43.07627633	-43.15944601	-43.38124629	-43.72663059	-44.20182511	-44.68978576	-45.25617098	-45.90964479	-46.60540986	-47.35158986	-48.16350782	-49.01224225	-49.92972431	-50.89405704	-51.96500628	-53.10011421	-54.34323498	-55.71540481	-44.82344075	-44.61281423	-44.58373118	-44.70808233	-44.96034988	-45.30935757	-45.75483873	-46.27994713	-46.85867234	-47.51141696	-48.22550765	-49.00871892	-49.82768327	-50.71374701	-51.68404425	-52.73808921	-53.88362251	-55.14893893	-56.57220674	-46.23128467	-46.08779703	-46.10562743	-46.26814255	-46.54969376	-46.92421422	-47.36831995	-47.9260549	-48.52146372	-49.19740463	-49.94148552	-50.73933848	-51.60849027	-52.58353973	-53.62833762	-54.78974313	-56.08857068	-47.7169312	-47.62673574	-47.69343242	-47.89237822	-48.19094764	-48.59368378	-49.08265643	-49.64765314	-50.27621088	-50.98717167	-51.77339724	-52.64276352	-53.61168093	-54.66842347	-55.85973734	-49.27152904	-49.24234871	-49.38956025	-49.59378554	-49.93562332	-50.37305637	-50.8966595	-51.494623	-52.179422	-52.97375835	-53.83680603	-54.80469752	-55.89445896	-51.01125389	-51.15007797	-51.43407378	-51.81111032	-52.30045445	-52.86793181	-53.54765917	-54.30592647	-55.20097698
S42-5.1MHz(dB)	-55.3225709	-54.41610186	-53.63939706	-52.97274181	-52.3882284	-51.92051198	-51.55462765	-51.27547114	-51.11450012	-56.00988667	-54.93853035	-53.94775023	-53.08942714	-52.29907084	-51.61165869	-50.99391421	-50.51175669	-50.03877531	-49.7206428	-49.49619196	-49.3319398	-49.36303059	-55.98144138	-54.76101565	-53.71940568	-52.75872952	-51.90266034	-51.11228016	-51.0637637	-50.48148006	-49.1974952	-49.57685266	-48.32985981	-48.93383187	-47.78831977	-47.71716311	-47.82062482	-56.22820976	-54.92015255	-53.74605132	-52.71067287	-51.75660079	-50.85389994	-50.04192971	-49.30279171	-49.50775632	-48.06442914	-47.47818006	-47.04149034	-46.65821677	-46.40064751	-46.22563617	-46.18445708	-46.32729412	-56.65600174	-55.27647601	-54.01365876	-52.86674726	-51.81510054	-50.82331313	-49.93671956	-49.10985421	-48.35223903	-47.66915872	-46.96367494	-46.40024388	-45.89480446	-45.41025463	-45.07516776	-44.8503476	-44.6849489	-44.73619618	-44.95478579	-55.85601278	-54.47629125	-53.23663848	-52.08452734	-51.04280562	-50.04564123	-49.11982216	-48.31893424	-47.48832233	-46.70424596	-46.01769569	-45.40097183	-44.8135594	-44.27494038	-43.86451927	-43.51723622	-43.29951858	-43.20356635	-43.31010117	-56.22992059	-55.06909237	-53.97488361	-52.94569274	-51.39890091	-51.0514543	-50.16093069	-48.39631062	-47.57564811	-47.79367181	-45.90031217	-45.14699282	-44.44549408	-43.82690287	-43.25397694	-42.70367133	-42.2505739	-41.92991475	-41.73812183	-41.75215299	-41.88575152	-55.79829517	-54.62922564	-53.2436164	-51.99237521	-50.85965787	-49.79710894	-48.76760383	-47.84618349	-46.8950126	-46.05101924	-45.20682646	-44.39812332	-43.63991089	-42.92208675	-42.23781292	-41.63396249	-41.09774127	-40.70792497	-40.34485617	-40.20478414	-40.2622038	-55.47501404	-54.27918778	-52.82827824	-52.12122426	-50.35814176	-49.30479428	-48.26413808	-47.30725042	-46.31750501	-45.46005163	-44.53148663	-43.68414011	-42.8699315	-42.12686284	-41.46728287	-40.69354566	-40.02790443	-39.47816862	-39.07812387	-38.7694961	-38.62226204	-55.29117692	-53.78924579	-52.45070308	-51.18363072	-50.01453363	-48.89552735	-47.84490471	-46.8347576	-45.85766138	-44.91366259	-43.99782613	-43.09336426	-42.26341831	-41.41220024	-40.57364092	-39.78213208	-39.06177524	-38.38138267	-37.83379524	-37.36246586	-36.99245676	-55.05531474	-53.56384283	-52.21364455	-50.94851662	-49.77012432	-48.6639169	-47.53901001	-47.63543502	-45.5144415	-44.54851035	-43.54721926	-42.60322443	-41.69880706	-40.77294246	-39.87960909	-39.00117544	-38.18111663	-37.36364719	-36.67546254	-35.96220528	-35.45119482	-54.97050891	-53.45084573	-52.07316147	-50.79583042	-49.57274943	-48.43647787	-47.33381702	-46.24306377	-46.56978532	-45.62334725	-43.19847118	-43.7396802	-41.2510265	-40.29260852	-39.32053258	-38.34398545	-37.39568097	-36.47001473	-35.56345173	-34.74499981	-34.00106931	-54.95407849	-53.43420194	-52.05779299	-50.7127938	-49.49711778	-48.35967693	-47.2264029	-46.14596073	-45.07606792	-44.02582652	-42.97815476	-41.94613026	-40.92760183	-39.93763573	-38.86884137	-37.82347231	-36.81514108	-35.71932481	-34.66058637	-33.61835036	-32.62969649	-55.09777078	-53.54840898	-52.10507138	-50.78676122	-49.55818909	-48.33288278	-47.19136445	-46.08091904	-44.9884228	-43.93004135	-42.86278546	-41.81433608	-40.76220035	-39.66709837	-38.57891548	-37.46033795	-36.33327084	-35.1543452	-33.94768316	-32.70549243	-31.4570985	-55.38480209	-53.77861717	-52.30514602	-50.95560055	-49.68107147	-48.44612332	-47.29033243	-46.17374262	-45.11551633	-43.95839489	-42.8796887	-41.81275766	-40.7014497	-39.60668922	-38.45533237	-37.28788519	-36.07766012	-34.80276311	-33.4790544	-32.05444284	-30.56380088	-54.15848225	-52.61891209	-51.23038488	-49.95024384	-48.69413621	-47.5463902	-46.37500247	-45.25080121	-44.13794098	-43.02886753	-41.93238687	-40.81067257	-39.68036623	-38.52430211	-37.32135841	-36.06175515	-34.73245107	-33.31696393	-31.76994167	-54.66821283	-53.09420085	-51.66483125	-50.33874338	-49.07272099	-47.86120013	-46.70304281	-45.56880718	-44.45659796	-43.33674778	-42.22780997	-41.11805884	-39.96438275	-38.79363673	-37.5723306	-36.30690612	-34.96396077	-33.52272605	-31.93886986	-53.73719292	-52.23717077	-50.88434951	-49.59284761	-48.3600288	-47.17682885	-46.03361134	-44.90950241	-43.7982668	-42.69047153	-41.57512683	-40.43537528	-39.27370953	-38.0804993	-36.83727386	-35.53046353	-34.13181998	-52.99229756	-51.59002046	-50.27673063	-49.01923402	-47.8242454	-46.67112458	-45.54244826	-44.43445546	-43.33336856	-42.23824243	-41.13044539	-40.00215051	-38.85989134	-37.67772969	-36.45483367	-52.48684404	-51.12462776	-49.86826435	-48.64755278	-47.47507547	-46.3746165	-45.26551143	-44.19258993	-43.11598242	-42.06595896	-40.99878522	-39.93420725	-38.85550494	-50.90970371	-49.67515063	-48.49555295	-47.38259593	-46.30720043	-45.27563712	-44.24349803	-43.24903767	-42.27079273
S12-5.1MHz(dB)	-55.30165378	-55.02736546	-54.90052281	-54.8944642	-54.9807559	-55.21563302	-55.57701203	-56.00962911	-56.60601626	-54.62081838	-54.09509916	-53.70356575	-53.491236	-53.38197927	-53.4072466	-53.5041738	-53.7493404	-54.06050936	-54.51195294	-55.06867665	-55.70561593	-56.56171707	-53.66906702	-53.04096888	-52.5753313	-52.24681048	-52.04356226	-51.95902706	-53.31931918	-53.40715841	-52.36879634	-53.98093968	-53.18104986	-54.85085737	-54.36534273	-55.1532245	-56.11311141	-53.01659683	-52.19014275	-51.61729526	-51.20583366	-50.89978939	-50.70402929	-50.64976508	-50.69254977	-52.24099303	-51.15654747	-51.44230947	-51.91341396	-52.46169952	-53.14313814	-53.91646912	-54.78544949	-55.8916593	-52.4939899	-51.53480694	-50.82601688	-50.29810559	-49.89567047	-49.60041259	-49.47026162	-49.42338052	-49.50534297	-49.70101139	-49.91563042	-50.3162687	-50.78661899	-51.3169734	-51.98848481	-52.79209818	-53.663431	-54.74056748	-55.93324446	-51.13133216	-50.28463913	-49.59607082	-49.04524888	-48.66638044	-48.395444	-48.25834887	-48.31463666	-48.37010404	-48.53229378	-48.82451733	-49.23814797	-49.7074771	-50.25258681	-50.974475	-51.71689727	-52.61690686	-53.63777737	-54.87165715	-52.24795552	-51.22811986	-50.45309101	-49.8722703	-47.81544085	-49.06630855	-48.79529196	-47.10024784	-47.18494952	-48.80167051	-47.46488928	-47.75504318	-48.16288461	-48.68722238	-49.28294893	-49.95985797	-50.72411903	-51.63118672	-52.68641057	-53.89765679	-55.19708139	-51.09202494	-50.13494722	-47.7910683	-47.12285433	-46.671624	-46.34889667	-46.12393221	-46.07933329	-46.05858206	-46.22814076	-46.46438244	-46.77020677	-47.18973496	-47.72568607	-48.3145328	-49.01926005	-49.83565785	-50.80212766	-51.79465395	-52.9930734	-54.37423546	-50.01419169	-49.03832356	-46.64592205	-47.64854106	-45.50294643	-45.18613665	-44.9903395	-44.97607465	-44.97097965	-45.18232602	-45.39506351	-45.75852222	-46.23357932	-46.80991184	-47.54083001	-48.19721525	-49.00580383	-49.94844665	-51.05074442	-52.23461082	-53.57969992	-47.33552071	-46.30259972	-45.50105159	-44.84361597	-44.37361761	-44.0781695	-43.90970833	-43.85292022	-43.92037577	-44.1191293	-44.42367476	-44.81339756	-45.34437534	-45.93464617	-46.58724764	-47.35507358	-48.24722046	-49.22868863	-50.34264873	-51.54549587	-52.87719668	-46.29319384	-45.20228997	-44.38975748	-43.75200051	-43.31737976	-43.03815253	-42.82223649	-44.5258441	-42.94018491	-43.18086894	-43.45816057	-43.90348257	-44.45198681	-45.07145381	-45.80447226	-46.60624228	-47.54244578	-48.52477302	-49.70111936	-50.89265858	-52.28273831	-45.23567998	-44.13349344	-43.29457061	-42.64375604	-42.17315492	-41.87951075	-41.74774707	-41.7243568	-43.76122703	-44.00000807	-42.51289498	-44.84359726	-43.6047056	-44.3007985	-45.05997984	-45.89950895	-46.85385582	-47.91590177	-49.08923185	-50.38377017	-51.83084293	-44.18073802	-43.04643669	-42.24935382	-41.5000515	-41.04501025	-40.78195576	-40.66855183	-40.70032778	-40.86598934	-41.16715014	-41.59327825	-42.13485042	-42.78068339	-43.5542705	-44.34816286	-45.26239671	-46.31883063	-47.37949292	-48.60262826	-49.93538169	-51.42047006	-43.1978953	-42.02606073	-41.06652006	-40.39161091	-39.91534558	-39.6029293	-39.51274445	-39.58201761	-39.81006484	-40.17950413	-40.67757946	-41.2967819	-42.02169067	-42.80607141	-43.69637125	-44.67349953	-45.76224301	-46.92330305	-48.19053189	-49.5877465	-51.160145	-42.21024138	-40.97636089	-39.93792929	-39.22300657	-38.72533231	-38.43429744	-38.37441592	-38.5112428	-38.849257	-39.21622562	-39.78599508	-40.49202963	-41.26221199	-42.16190472	-43.10761758	-44.1600067	-45.3124593	-46.54730546	-47.89755188	-49.3529626	-50.9997639	-39.92783641	-38.78625606	-37.99830141	-37.48801019	-37.22876145	-37.2330052	-37.38714879	-37.7294002	-38.25349364	-38.90939461	-39.68746096	-40.57031456	-41.53418911	-42.58894235	-43.73237411	-44.95709726	-46.2728414	-47.71021918	-49.24199422	-38.78329172	-37.61258186	-36.76928325	-36.2224844	-35.968189	-35.9823698	-36.22716935	-36.6800524	-37.30070448	-38.06504161	-38.94785862	-39.94904468	-41.00350391	-42.16343674	-43.38028485	-44.70487784	-46.11396762	-47.63658901	-49.28411661	-36.37644792	-35.44148887	-34.86778483	-34.63492814	-34.70940607	-35.05223951	-35.614599	-36.36489631	-37.2593497	-38.26918335	-39.37760808	-40.55563675	-41.8143158	-43.15254767	-44.57352469	-46.08359046	-47.71772896	-34.0617276	-33.4248404	-33.21401751	-33.37375267	-33.8404612	-34.55705148	-35.46285691	-36.51034031	-37.67023462	-38.91117081	-40.2322475	-41.61267934	-43.06295395	-44.59013527	-46.2167121	-31.83143437	-31.67267108	-31.98845262	-32.60282681	-33.51074774	-34.64171992	-35.85976837	-37.19584799	-38.59700854	-40.0658864	-41.57449568	-43.15814742	-44.81402182	-30.46180885	-31.34388565	-32.51900964	-33.87455513	-35.33820734	-36.89575677	-38.46343961	-40.10004173	-41.75841579
S52-5.1MHz(dB)	-41.68959799	-40.00352964	-38.39215207	-36.83183682	-35.24885072	-33.8257165	-32.48079019	-31.2849571	-30.37627484	-44.77113655	-43.10541002	-41.50362642	-39.99576306	-38.53927321	-37.12678439	-35.7814223	-34.57781469	-33.4198089	-32.5371297	-31.86781537	-31.53016557	-31.67674152	-46.15387773	-44.50831127	-43.00640648	-41.54637934	-40.15452669	-38.82934108	-39.32252144	-38.14274626	-35.37439146	-36.21754706	-33.7696091	-35.00105375	-33.06802067	-33.26701852	-33.88628849	-47.68039731	-46.01680296	-44.49332533	-43.08071148	-41.76152168	-40.47478201	-39.27773467	-38.17759463	-38.90917082	-36.32795229	-35.49909097	-34.94311246	-34.58810294	-34.53953614	-34.73709321	-35.29631739	-36.23070305	-49.2473811	-47.52901164	-46.02885736	-44.63193568	-43.32496752	-42.05718787	-40.90543746	-39.83190936	-38.85985737	-38.01463143	-37.18232745	-36.60308121	-36.1590155	-35.84987458	-35.86098886	-36.13880272	-36.61793102	-37.49894185	-38.67183064	-49.21184586	-47.66606691	-46.23628786	-44.88893855	-43.66020569	-42.49978148	-41.44143116	-40.53337071	-39.61177045	-38.79569929	-38.14744585	-37.65563193	-37.28536575	-37.06635465	-37.13007323	-37.38553935	-37.90459196	-38.67507461	-39.75493813	-52.23393478	-50.70809285	-49.31745987	-48.01722153	-45.21221291	-45.73046871	-44.67892095	-42.02571287	-41.21441222	-42.1079234	-39.68639549	-39.09619727	-38.65064338	-38.39225533	-38.28651915	-38.31342467	-38.55806016	-39.06007097	-39.80765337	-40.843631	-42.06416545	-52.39134598	-50.94343202	-48.12429988	-46.82331277	-45.68684644	-44.6229981	-43.61895767	-42.76743147	-41.91092328	-41.22790221	-40.61626352	-40.08700544	-39.70534263	-39.47612404	-39.37004527	-39.45681153	-39.73752063	-40.2664303	-40.91118534	-41.87580364	-43.08800931	-52.68653221	-51.29582346	-48.52233159	-48.85423312	-46.1695666	-45.17092509	-44.24351775	-43.46495859	-42.65866439	-42.08265451	-41.46590034	-41.02457391	-40.70612838	-40.55113028	-40.60920909	-40.62752075	-40.8798169	-41.35231338	-42.06932243	-42.95984628	-44.0657047	-51.70804688	-50.28405385	-48.99197626	-47.79892991	-46.7456743	-45.80363794	-44.94303895	-44.15367267	-43.46993898	-42.88023203	-42.39266486	-42.00281279	-41.76926225	-41.62105988	-41.58156508	-41.70582272	-42.01786704	-42.47797347	-43.17352066	-44.02732297	-45.03843483	-52.21272538	-50.79382342	-49.54375801	-48.44169999	-47.45537352	-46.57084419	-45.70049334	-46.60131682	-44.35110224	-43.82312084	-43.32270385	-42.99266378	-42.77045948	-42.647063	-42.65997895	-42.81020886	-43.13324082	-43.57541402	-44.26840285	-45.03500704	-46.08442669	-52.79513419	-51.39608611	-50.19385473	-49.11017303	-48.13052559	-47.26663764	-46.50110197	-45.77021277	-46.96071754	-46.45161129	-44.28113088	-45.74149255	-43.79393454	-43.72125355	-43.76138466	-43.90770267	-44.22908312	-44.69741603	-45.32202399	-46.15777914	-47.18301559	-53.43404036	-52.08574194	-50.9499318	-49.8168516	-48.89552194	-48.07248984	-47.3404348	-46.68911359	-46.11925	-45.63890423	-45.27094471	-44.99076199	-44.82627343	-44.80401848	-44.83859431	-45.01593822	-45.38457675	-45.82257798	-46.45522998	-47.26683769	-48.2853715	-54.21772735	-52.88070427	-51.67624235	-50.65593003	-49.73662932	-48.8908263	-48.1880554	-47.56665336	-47.03665053	-46.59536764	-46.26781539	-46.02782944	-45.90903041	-45.8531052	-45.93979735	-46.14652359	-46.49403332	-46.96680413	-47.61070624	-48.41958681	-49.45589016	-55.08581811	-53.7675913	-52.544692	-51.53319815	-50.61184058	-49.80256597	-49.12836082	-48.55196737	-48.08827642	-47.61668474	-47.29911308	-47.10872877	-46.97424208	-46.98001759	-47.07315204	-47.29436033	-47.65280055	-48.13509359	-48.80718171	-49.62262675	-50.68706937	-54.72750507	-53.50930352	-52.47496262	-51.56754823	-50.78689295	-50.13775007	-49.54686238	-49.06415517	-48.6854542	-48.38242432	-48.20200613	-48.1020967	-48.1024902	-48.2347663	-48.49018472	-48.84900844	-49.37508506	-50.05268544	-50.902872	-55.76093425	-54.57579254	-53.53356527	-52.62186427	-51.84271229	-51.17279652	-50.60681756	-50.14564225	-49.77869926	-49.51488056	-49.34239272	-49.28224093	-49.29964946	-49.45399173	-49.71534019	-50.12090399	-50.66745635	-51.37826758	-52.27297391	-55.76734258	-54.65649826	-53.76146968	-52.98014809	-52.31901478	-51.75569901	-51.31072121	-50.95338256	-50.69713774	-50.54547523	-50.50780282	-50.55828382	-50.71446187	-51.01340628	-51.44442644	-52.02696056	-52.78858459	-55.96892452	-55.03385246	-54.21315898	-53.55083529	-52.9951044	-52.56041411	-52.21126502	-51.9808711	-51.82913764	-51.79256066	-51.87414247	-52.06519184	-52.40479485	-52.86731072	-53.48154165	-56.42666675	-55.61655078	-54.92290853	-54.3450719	-53.8854037	-53.57875459	-53.32086029	-53.21882181	-53.18239331	-53.32190573	-53.53417214	-53.90381534	-54.42881958	-56.41698116	-55.86663044	-55.39224202	-55.05013485	-54.83855245	-54.75500806	-54.73754668	-54.89000566	-55.13863413
S22-5.1MHz(dB)	-36.68220109	-36.68940929	-36.70010149	-36.67288473	-36.66432824	-36.67016509	-36.67176878	-36.65695149	-36.64345182	-36.65451618	-36.66752864	-36.682765	-36.69183678	-36.69880556	-36.70625348	-36.73081175	-36.70593523	-36.72726592	-36.71926982	-36.70126936	-36.64962014	-36.61898452	-36.62748032	-36.63244563	-36.64809794	-36.65369361	-36.69404513	-36.66087248	-38.29597931	-38.37896866	-36.65605722	-38.29657098	-36.64779387	-38.36778386	-36.61359579	-36.62618617	-36.57298133	-36.58957989	-36.60422908	-36.62076329	-36.63879573	-36.64769281	-36.68583294	-36.66150453	-36.69011783	-38.29395046	-36.66735639	-36.67808562	-36.64661158	-36.63194663	-36.62531758	-36.59721458	-36.56914747	-36.55056034	-36.56317521	-36.57956475	-36.60182692	-36.65031432	-36.63599448	-36.64412255	-36.64665639	-36.64612425	-36.68319975	-36.67973953	-36.64893968	-36.65348205	-36.63627843	-36.6256394	-36.61500061	-36.60667478	-36.57135987	-36.58554315	-36.52807482	-36.56232152	-36.58315791	-36.59871855	-36.6130747	-36.62462659	-36.62479523	-36.66325976	-36.64828438	-36.64016798	-36.65973911	-36.63600354	-36.63792705	-36.62823817	-36.61868065	-36.61300863	-36.5889221	-36.57537593	-36.58085607	-36.5276532	-38.20672199	-38.24011313	-38.2110236	-38.20098299	-36.60108688	-38.22212447	-38.32720756	-36.63072962	-36.64193053	-38.29363653	-36.6626865	-36.63640744	-36.66039822	-36.62482294	-36.61545666	-36.60458379	-36.59321484	-36.59849686	-36.55368378	-36.53733213	-36.49693376	-38.16743107	-38.16758597	-36.57817976	-36.59491904	-36.61227668	-36.62531818	-36.65828189	-36.6730161	-36.63349649	-36.6771673	-36.64085675	-36.63860369	-36.63385647	-36.62947374	-36.62131879	-36.64022939	-36.60168069	-36.58520535	-36.55646214	-36.53633707	-36.51428779	-38.14352771	-38.16023857	-36.57688445	-38.17816028	-36.6076105	-36.62546275	-36.63096424	-36.64463325	-36.64080384	-36.68129949	-36.63879277	-36.64030525	-36.64053576	-36.62727965	-36.66759761	-36.61399808	-36.60380589	-36.57524788	-36.57369837	-36.54704355	-36.5158947	-36.52214172	-36.54964445	-36.5818574	-36.58709709	-36.59955455	-36.61119203	-36.62567535	-36.63142875	-36.63119551	-36.64054582	-36.66193163	-36.64366078	-36.63357513	-36.66131072	-36.61628431	-36.60645334	-36.59108394	-36.60266425	-36.56576002	-36.57026721	-36.50616746	-36.52205489	-36.53969287	-36.56114489	-36.58241575	-36.60050532	-36.64865372	-36.61458769	-38.24318066	-36.6276989	-36.62982307	-36.62648011	-36.62810667	-36.62476006	-36.61460501	-36.60915582	-36.59775663	-36.58068927	-36.56125714	-36.53271663	-36.51416745	-36.48882012	-36.49412808	-36.5163134	-36.57207881	-36.56289398	-36.59999522	-36.58439738	-36.62847092	-36.60152826	-38.13568408	-38.13793006	-36.63629095	-38.1785468	-36.60430682	-36.59744524	-36.58854789	-36.61720071	-36.56609592	-36.54859838	-36.53189679	-36.50933719	-36.48731783	-36.48939201	-36.51845515	-36.54710314	-36.55412119	-36.57512048	-36.58745589	-36.60160629	-36.61090537	-36.60866028	-36.61385677	-36.64170027	-36.60821501	-36.60759645	-36.6103919	-36.59807444	-36.60567887	-36.58491587	-36.56365089	-36.54400777	-36.52279237	-36.52837478	-36.48845822	-36.52066302	-36.53877905	-36.56489467	-36.58119908	-36.58477296	-36.59727433	-36.6047927	-36.64097128	-36.64623456	-36.6466318	-36.61434901	-36.60926698	-36.60326957	-36.59773915	-36.58356596	-36.56735991	-36.58306305	-36.53429458	-36.54040739	-36.48184693	-36.51114264	-36.51564898	-36.53206043	-36.5564262	-36.56750774	-36.58133107	-36.59418104	-36.63633906	-36.61305939	-36.60449085	-36.6033782	-36.60654627	-36.60082685	-36.59194673	-36.61430905	-36.60687008	-36.5608693	-36.54665632	-36.52687846	-36.4993538	-36.4605015	-36.50220869	-36.5157224	-36.56263869	-36.55740968	-36.56272297	-36.58020284	-36.582738	-36.61299681	-36.59089632	-36.61815263	-36.58806261	-36.5884256	-36.58473277	-36.59913434	-36.59765902	-36.55586772	-36.5618746	-36.51324961	-36.49053864	-36.4694774	-36.49810597	-36.52047114	-36.54050008	-36.58226336	-36.60118535	-36.59924434	-36.57718949	-36.58652968	-36.57793055	-36.57987548	-36.60575287	-36.5675198	-36.54993174	-36.53968811	-36.51845721	-36.52916039	-36.47953008	-36.45140615	-36.49860644	-36.49224854	-36.50971903	-36.52723276	-36.53980486	-36.55117568	-36.58806063	-36.55469533	-36.55799769	-36.55574026	-36.55543442	-36.54959993	-36.56161146	-36.52490714	-36.51157243	-36.49229272	-36.47440622	-36.47676395	-36.52924008	-36.51014847	-36.52367212	-36.53573076	-36.53577265	-36.53981926	-36.53866993	-36.53868247	-36.5347784	-36.51956594	-36.53471736	-36.50100104	-36.50867561	-36.45958189	-36.45513102	-36.47434089	-36.49646414	-36.50925859	-36.50829032	-36.51008266	-36.53792388	-36.50604425	-36.50461467	-36.49229188	-36.51463208	-36.46950254	-36.47296301	-36.45870222	-36.46786966	-36.47485828	-36.47706232	-36.50775264	-36.47168031	-36.47231559	-36.45531834	-36.44695112
S12-S52	-0.006514698	-0.008223252	-0.010234749	-0.012601497	-0.015498322	-0.018622343	-0.022102256	-0.025691071	-0.028804034	-0.003915924	-0.005020526	-0.006345907	-0.007889257	-0.009689003	-0.011784511	-0.014140352	-0.016614812	-0.019349508	-0.021731525	-0.02373978	-0.024875476	-0.024585672	-0.002851116	-0.003722738	-0.004723342	-0.005927628	-0.007324348	-0.008919053	-0.008653287	-0.010247849	-0.014625113	-0.013457263	-0.018296403	-0.01597156	-0.020299499	-0.019962278	-0.018651163	-0.001895839	-0.00254469	-0.003336165	-0.004261599	-0.005313306	-0.006551984	-0.007932741	-0.009414533	-0.008894979	-0.01249364	-0.014111341	-0.015362592	-0.01626454	-0.016548816	-0.016314734	-0.015363617	-0.013828729	-0.001075491	-0.001552819	-0.002119843	-0.002811239	-0.003618996	-0.004580002	-0.005648927	-0.006816073	-0.008055091	-0.009295039	-0.010638813	-0.011736633	-0.012672942	-0.013407857	-0.013589404	-0.013304722	-0.012686487	-0.011504644	-0.010055094	-0.000686554	-0.001076778	-0.001564559	-0.00216608	-0.002874231	-0.003695242	-0.004606474	-0.005564966	-0.006642103	-0.007742796	-0.008756804	-0.009646231	-0.010398251	-0.010946235	-0.011088743	-0.010916999	-0.01038863	-0.009567634	-0.008481405	-3.94375E-06	-0.000169384	-0.000419246	-0.000764062	-0.00142112	-0.001648683	-0.002202427	-0.003504224	-0.004322468	-0.004215114	-0.006133602	-0.007001662	-0.007773561	-0.008355139	-0.008746337	-0.008966151	-0.008896506	-0.008522013	-0.007902894	-0.0070555	-0.006146434	0.000387456	0.000276729	0.000153488	-0.000154529	-0.000556922	-0.001058322	-0.00165166	-0.00230527	-0.003046979	-0.003799756	-0.00456413	-0.005313744	-0.005974736	-0.006512888	-0.006912722	-0.007105062	-0.007084123	-0.006814592	-0.00643213	-0.005817169	-0.005096967	0.000836124	0.000808503	0.000903964	0.000537281	0.000392065	-9.6479E-06	-0.000505464	-0.001071532	-0.00172097	-0.002361451	-0.003073677	-0.003734167	-0.004340317	-0.00481953	-0.005125465	-0.005411321	-0.005490921	-0.005377135	-0.005078174	-0.004667314	-0.00416784	0.001699828	0.00177974	0.001756789	0.001651272	0.001444366	0.001126578	0.000715093	0.0002184	-0.00033893	-0.000954124	-0.00158299	-0.00219518	-0.002752301	-0.003247771	-0.003651086	-0.003929	-0.004057601	-0.004062048	-0.003899475	-0.003642932	-0.003327987	0.002394404	0.002607877	0.002699884	0.002708636	0.002586759	0.002355352	0.002038132	0.001262282	0.001068766	0.000494186	-0.000105553	-0.000705363	-0.0012794	-0.001795702	-0.002236115	-0.002561859	-0.00277528	-0.002877992	-0.002844598	-0.002747366	-0.002531956	0.00318073	0.003520595	0.00375091	0.003872439	0.003864805	0.003722441	0.003446439	0.00305317	0.001998345	0.001551622	0.001379193	0.000562312	0.000142304	-0.000420535	-0.000900595	-0.001306784	-0.001602711	-0.00180296	-0.001906876	-0.001896054	-0.001812418	0.004050039	0.004554498	0.004883813	0.005184237	0.005275374	0.005191089	0.004964028	0.004595757	0.004107549	0.003518017	0.002873371	0.002191516	0.001523469	0.000890073	0.000332777	-0.000157031	-0.000548624	-0.000839421	-0.001041735	-0.001145806	-0.001167201	0.004974117	0.005649805	0.006237233	0.006626887	0.006838307	0.006874743	0.006681201	0.006308258	0.005773052	0.005115612	0.004389862	0.003617288	0.002858832	0.002141944	0.001487304	0.000910784	0.000416192	2.2513E-05	-0.000268864	-0.000477344	-0.000599813	0.005992528	0.006887428	0.007712514	0.008285203	0.008633473	0.008740284	0.008562024	0.008133694	0.007475793	0.006783625	0.005933811	0.005038006	0.004167375	0.003319467	0.002562911	0.001876412	0.001281287	0.000786181	0.000400526	0.000104145	-0.000103314	0.008248475	0.009388492	0.010213497	0.010713521	0.010869823	0.010638967	0.010177971	0.009465609	0.008548173	0.007528244	0.006476823	0.005429942	0.004446525	0.003547635	0.002744384	0.002040906	0.001458711	0.000972975	0.000600569	0.009874523	0.011296202	0.012400267	0.01310979	0.013349296	0.013118266	0.012490901	0.011545694	0.010400843	0.009151415	0.007876753	0.006624144	0.005481099	0.004427772	0.003508562	0.002699199	0.002018163	0.001452893	0.000999779	0.01354879	0.015051498	0.016004736	0.016302299	0.015966493	0.015092625	0.013848656	0.012363356	0.010791456	0.009235292	0.00776015	0.006414914	0.005202346	0.004142173	0.003228609	0.002459769	0.001818692	0.018220756	0.019547203	0.019895445	0.019343169	0.018082508	0.016358236	0.014408456	0.01242713	0.010514615	0.008762922	0.00718761	0.005812401	0.004630823	0.003621945	0.002770388	0.024102181	0.024427107	0.023358148	0.021517111	0.019086994	0.016437234	0.013949355	0.011627417	0.009560822	0.007767161	0.006236906	0.004934246	0.003845968	0.028474775	0.025480378	0.021962134	0.018474833	0.015292041	0.012466771	0.010102322	0.008084541	0.006417191
S12+S52	0.009949861	0.011768623	0.013832275	0.016201532	0.01906277	0.022091695	0.025430226	0.028857345	0.031760203	0.007631183	0.008967598	0.010474972	0.012120502	0.013973808	0.01605687	0.0183653	0.020722174	0.023312329	0.025493643	0.027268329	0.028154535	0.027556956	0.006996613	0.008179111	0.009425134	0.010810659	0.012322988	0.01396658	0.012969114	0.014520251	0.019440046	0.017456554	0.022681482	0.019589714	0.024125657	0.023456647	0.021779938	0.006364734	0.007459682	0.008586236	0.009766358	0.011015481	0.012384132	0.013801439	0.015254394	0.013781282	0.018029723	0.019468253	0.020436695	0.021028247	0.020953077	0.02034382	0.019009121	0.017038301	0.005821521	0.006852988	0.007870655	0.008922414	0.010019976	0.01120231	0.012371212	0.013574739	0.01475028	0.015841091	0.017025101	0.017835042	0.018449898	0.018842629	0.018619842	0.017890628	0.016834675	0.015169034	0.013249335	0.006238732	0.007197435	0.008190178	0.009225476	0.010248364	0.011303019	0.012335283	0.013243851	0.014272107	0.015231649	0.015997898	0.016550578	0.016939432	0.01708952	0.016742098	0.016107212	0.01506797	0.013728092	0.012090906	0.004886331	0.005660037	0.006422344	0.00718231	0.009554255	0.008690984	0.009467925	0.012335381	0.013067925	0.011475279	0.014601693	0.015191548	0.015587783	0.015711599	0.015615164	0.015320004	0.01471518	0.013763695	0.012544941	0.011093322	0.009623204	0.005189905	0.005950325	0.0080025	0.008962731	0.009834803	0.01068741	0.0115334	0.012237878	0.013003346	0.013563648	0.01406604	0.014486919	0.014715377	0.014730501	0.014591698	0.014185612	0.013529482	0.012581243	0.011576087	0.010298183	0.008919209	0.005478106	0.006256524	0.008401411	0.007753643	0.010222023	0.011018022	0.011764806	0.012349381	0.013005436	0.013374655	0.013820419	0.014040493	0.014098097	0.013950868	0.013519842	0.013194719	0.012582449	0.01173934	0.010682104	0.009557208	0.008356209	0.006895332	0.007900809	0.008859615	0.009799881	0.010643486	0.011379511	0.012035917	0.012616249	0.01307429	0.013401378	0.013601379	0.013686241	0.013561941	0.01334722	0.013019533	0.012504833	0.011796318	0.010973918	0.009979391	0.008936582	0.007869182	0.007296634	0.008380043	0.009365527	0.010276006	0.011064132	0.011741508	0.012413543	0.010615567	0.013187992	0.013372943	0.013536974	0.013465516	0.013258679	0.012950387	0.012488063	0.011909841	0.011168096	0.010373332	0.009390568	0.008454224	0.00739483	0.007765032	0.008906091	0.009935875	0.010879265	0.011708194	0.012386035	0.012908263	0.013345634	0.010972511	0.011067513	0.013596442	0.010888865	0.013064409	0.012610152	0.012070025	0.011447171	0.010687967	0.009842568	0.008930616	0.007947253	0.006934987	0.008309239	0.009528923	0.010553165	0.011643566	0.012457515	0.01308706	0.013554327	0.013854975	0.013994616	0.013967259	0.013774783	0.013450311	0.012997508	0.012393548	0.011790551	0.011069177	0.010211101	0.009391178	0.008470192	0.007517588	0.0065376	0.008865855	0.010189166	0.011451796	0.012491421	0.01335757	0.014060767	0.014472812	0.014677716	0.014669107	0.014475306	0.014109256	0.013608968	0.01298811	0.012336651	0.011580765	0.010766855	0.00988572	0.008990393	0.008058253	0.007109316	0.006133604	0.00951412	0.010986169	0.012430921	0.013586353	0.014527851	0.015210246	0.015554194	0.015605604	0.015357426	0.015105012	0.014565074	0.013860545	0.013127579	0.012273715	0.011421659	0.010512399	0.009568146	0.008625446	0.007656085	0.006709538	0.005740233	0.01191838	0.013610945	0.014969935	0.015993748	0.016646597	0.016864012	0.016841233	0.016509656	0.015906131	0.015147433	0.014255929	0.013299044	0.01231527	0.011297456	0.010269631	0.00926161	0.008255061	0.007259284	0.006300721	0.013132764	0.01503077	0.016610942	0.01778646	0.01846487	0.018644002	0.018388689	0.017765086	0.016888607	0.015839256	0.014698731	0.01349353	0.012336731	0.01116266	0.010043824	0.008936329	0.007874919	0.006849448	0.005868124	0.016804628	0.018751526	0.020106367	0.020789986	0.020809101	0.020259703	0.019287341	0.018030456	0.016628233	0.015174879	0.013725554	0.012345748	0.011027493	0.009770245	0.008584216	0.007467973	0.006406453	0.021401903	0.023089928	0.023789231	0.02354548	0.022562474	0.02106811	0.019311511	0.017461979	0.01563819	0.013908119	0.012284707	0.010798609	0.009425842	0.008168311	0.007006359	0.027120024	0.027739962	0.026946413	0.025352209	0.023130516	0.020626059	0.018264417	0.015993469	0.013945223	0.012081703	0.010447287	0.008969206	0.007644266	0.031495985	0.028699212	0.025361656	0.022010922	0.018915325	0.016125073	0.013767986	0.011686425	0.009917435
(S12-S52)/(S12+S52)	-0.654752688	-0.698743741	-0.739918027	-0.777796599	-0.813015246	-0.842956736	-0.869133291	-0.890278391	-0.906922242	-0.513147696	-0.559851839	-0.60581613	-0.65090181	-0.693368855	-0.733923339	-0.769949444	-0.801789044	-0.830011767	-0.852429192	-0.870599	-0.883533549	-0.892176631	-0.407499439	-0.455151891	-0.501143212	-0.548313312	-0.594364588	-0.638599657	-0.667222678	-0.705762539	-0.752318883	-0.770900319	-0.806666966	-0.815303346	-0.84140711	-0.851028622	-0.856345982	-0.29786613	-0.341125774	-0.38854797	-0.436354979	-0.482348981	-0.529062832	-0.574776387	-0.617168606	-0.645439193	-0.692946845	-0.724838585	-0.751716056	-0.773461539	-0.789803598	-0.801950372	-0.808223454	-0.811626089	-0.184743917	-0.22659014	-0.269335027	-0.315076029	-0.361178091	-0.408844413	-0.456618714	-0.502114498	-0.546097481	-0.58676763	-0.624889877	-0.6580659	-0.686884131	-0.711570401	-0.729834571	-0.743669956	-0.75359262	-0.758429607	-0.758913061	-0.110047022	-0.149605748	-0.19102874	-0.234793318	-0.280457521	-0.326925215	-0.37343887	-0.420192416	-0.465390482	-0.508336032	-0.547372207	-0.582833496	-0.613848881	-0.640523267	-0.662326978	-0.677770898	-0.689451169	-0.696938384	-0.701469787	-0.000807098	-0.029926222	-0.065279219	-0.106381141	-0.148742116	-0.18970041	-0.2326198	-0.284079113	-0.330769246	-0.36732129	-0.420061004	-0.460891965	-0.498695726	-0.531781584	-0.560118184	-0.585257795	-0.604580147	-0.619166089	-0.629966656	-0.636013282	-0.638709751	0.074655768	0.046506554	0.019179999	-0.01724129	-0.056627707	-0.099025111	-0.143206731	-0.188371669	-0.234322694	-0.280142654	-0.324478715	-0.366796017	-0.406019942	-0.442136204	-0.473743453	-0.500863982	-0.523606393	-0.541647003	-0.555639433	-0.564873332	-0.57145949	0.152630215	0.129225524	0.10759669	0.069293985	0.038354917	-0.000875648	-0.04296405	-0.086768094	-0.132326981	-0.176561624	-0.22240117	-0.26595696	-0.307865459	-0.345464541	-0.379106849	-0.410112649	-0.436395279	-0.458044057	-0.475390738	-0.488355378	-0.49877158	0.246518688	0.22526047	0.198291769	0.168499143	0.135704206	0.099000593	0.059413235	0.017310973	-0.025923417	-0.071195998	-0.116384525	-0.160393212	-0.202942984	-0.243329369	-0.280431417	-0.314198507	-0.343971823	-0.370154746	-0.390752802	-0.407642659	-0.42291398	0.32815182	0.311200905	0.288278873	0.263588362	0.233796811	0.200600429	0.164186125	0.118908585	0.081040813	0.036954156	-0.007797358	-0.052382953	-0.096495309	-0.138660104	-0.179060197	-0.215104369	-0.248500741	-0.27744144	-0.302920729	-0.324969595	-0.342395368	0.409622198	0.39530195	0.377511801	0.355946741	0.330094068	0.300535302	0.266994766	0.22877667	0.182122837	0.140196123	0.101437758	0.051641029	0.010892463	-0.033348918	-0.074614217	-0.114157771	-0.149954669	-0.183179811	-0.21352125	-0.238579749	-0.261344055	0.487413993	0.477965652	0.462781862	0.445244774	0.423469222	0.396658184	0.366232002	0.331704459	0.293509223	0.251875976	0.208596453	0.162934238	0.117212376	0.071817421	0.028224006	-0.014186339	-0.053728187	-0.089384036	-0.122988379	-0.152416754	-0.17853668	0.561041987	0.554491356	0.544651107	0.530515072	0.511942418	0.488930839	0.461638109	0.429784708	0.393551683	0.353402724	0.311133446	0.265801782	0.220111481	0.17362445	0.128428816	0.08459144	0.042100337	0.002504118	-0.033365058	-0.067143503	-0.097791264	0.629856219	0.626918107	0.620429816	0.609818022	0.594270492	0.574631359	0.550464028	0.521203399	0.486786881	0.449097585	0.4074	0.363478241	0.317451898	0.270453338	0.224390381	0.178495165	0.133911697	0.091146759	0.052314698	0.01552187	-0.0179982	0.692080263	0.689775172	0.682267282	0.669856818	0.652975695	0.630868089	0.604348342	0.573337754	0.537413739	0.49699798	0.454324859	0.40829568	0.361057859	0.314020701	0.267232957	0.22036187	0.176705069	0.134031827	0.095317559	0.751899789	0.751538474	0.746511965	0.737065696	0.722956399	0.703618547	0.679270909	0.649909297	0.615849667	0.57776796	0.535879757	0.490912579	0.444291003	0.396659198	0.349325324	0.302047863	0.256277258	0.212118227	0.170374619	0.806253459	0.802681202	0.796003407	0.78414188	0.767284158	0.744957847	0.718017881	0.685692928	0.648983915	0.608590831	0.565379737	0.519605099	0.471761425	0.423957906	0.376109962	0.329375757	0.283884394	0.851361478	0.846568406	0.836321497	0.821523647	0.801441698	0.776445344	0.746107143	0.711667916	0.672367757	0.630058052	0.585086006	0.538254584	0.491290187	0.443414127	0.395410589	0.8887227	0.880574632	0.86683699	0.848727287	0.82518669	0.79691586	0.763744908	0.727010313	0.685598324	0.64288628	0.59698811	0.550131853	0.503118066	0.90407634	0.887842451	0.865958188	0.839348414	0.808447171	0.773129564	0.733754515	0.691789081	0.647061592
S32-S42	0.006054182	0.005049645	0.004114234	0.003244133	0.002486346	0.001762701	0.00112928	0.000576845	8.65637E-05	0.009886742	0.008354036	0.006985956	0.005736448	0.004608412	0.003596559	0.002681702	0.001850698	0.00111415	0.000453437	-0.000110633	-0.000603953	-0.000998393	0.013572894	0.01137486	0.009427594	0.007774975	0.006322012	0.005021634	0.003050689	0.002221575	0.001860645	0.000769218	0.000256988	-0.000371225	-0.000976898	-0.001445047	-0.001799206	0.018190698	0.015087271	0.012474238	0.01026432	0.008351769	0.006734967	0.005282764	0.003981053	0.002218643	0.001743975	0.000814777	-3.46619E-05	-0.000790798	-0.001447397	-0.001994838	-0.002440822	-0.002745968	0.023959513	0.01962742	0.016043695	0.013149748	0.010745267	0.008749235	0.00696042	0.005390334	0.003983439	0.002708923	0.001570404	0.000517856	-0.000428579	-0.001279017	-0.002027295	-0.002659719	-0.003197473	-0.003562694	-0.003786311	0.024278186	0.019789814	0.016237904	0.013363476	0.010924551	0.008830505	0.006979968	0.00528359	0.003840291	0.002506477	0.001269367	0.000136805	-0.000907046	-0.001861089	-0.00270721	-0.003460079	-0.004077069	-0.004551537	-0.004853394	0.023012213	0.018951123	0.015577489	0.012840498	0.013191577	0.008592766	0.006921511	0.00680077	0.005079622	0.002837726	0.002168622	0.000869816	-0.00034429	-0.001481844	-0.00252962	-0.003508356	-0.004400736	-0.005143954	-0.005734724	-0.006109073	-0.006326217	0.020508868	0.017281503	0.01805835	0.015159326	0.012509752	0.010225906	0.008224241	0.006363383	0.004731861	0.003178401	0.001734386	0.000383206	-0.000900799	-0.00213488	-0.003306273	-0.004413678	-0.0054382	-0.006299438	-0.007103862	-0.007642997	-0.007926701	0.017594909	0.015253851	0.016344473	0.01107502	0.0116178	0.009538761	0.007644935	0.005850948	0.004257306	0.002691046	0.001242832	-0.000171243	-0.001534104	-0.002838813	-0.004077796	-0.005363081	-0.006577733	-0.007676518	-0.008595617	-0.009376486	-0.009918631	0.018489682	0.016493674	0.014418151	0.012439834	0.010489637	0.008625384	0.006881017	0.005242643	0.003672987	0.002150991	0.000676905	-0.000765399	-0.002174652	-0.0035872	-0.005009308	-0.006413374	-0.007775126	-0.009121666	-0.010317962	-0.011401242	-0.012331438	0.015224522	0.013982227	0.012454519	0.010830789	0.009173714	0.007548147	0.006031745	0.003565401	0.002993594	0.001524663	7.80191E-05	-0.001389976	-0.002851926	-0.004365812	-0.005887869	-0.007462675	-0.009034109	-0.010668631	-0.012184049	-0.013791248	-0.015098069	0.01244369	0.011649566	0.010530911	0.009274937	0.00792427	0.006550819	0.005141738	0.003755148	0.001799344	0.000677631	-0.000525333	-0.001628951	-0.003503529	-0.005065294	-0.006713169	-0.008465857	-0.010296336	-0.01222237	-0.014248927	-0.016245701	-0.01821086	0.010098544	0.009605794	0.008733214	0.007835542	0.006704782	0.005511069	0.004259501	0.002981576	0.001666767	0.000315832	-0.001090299	-0.002566515	-0.004098663	-0.005704734	-0.007475812	-0.009373654	-0.011375734	-0.013687468	-0.016167034	-0.018862407	-0.021690755	0.008096318	0.00777997	0.007239295	0.006452769	0.005546003	0.00455398	0.003447251	0.002276152	0.001043356	-0.000237224	-0.001606837	-0.003043018	-0.00458269	-0.00625862	-0.008083081	-0.010105644	-0.012347871	-0.014918795	-0.017869688	-0.021272824	-0.025148934	0.006442228	0.00623541	0.005869682	0.005246917	0.004505813	0.003642266	0.002665364	0.00161194	0.000469808	-0.000747277	-0.002043567	-0.003437574	-0.004964365	-0.006620611	-0.008497045	-0.010584583	-0.012983213	-0.015795782	-0.019117728	-0.023191545	-0.028147434	0.004932036	0.004678431	0.004206076	0.003594998	0.002836008	0.001970152	0.001027786	-3.3765E-06	-0.001145882	-0.002381529	-0.003715719	-0.005202078	-0.00683171	-0.008663849	-0.010759348	-0.013214622	-0.01612601	-0.019667033	-0.02415538	0.00389137	0.003665183	0.003288767	0.002774293	0.00213059	0.001381454	0.000533158	-0.000414041	-0.00144635	-0.002598817	-0.003858614	-0.005247616	-0.006815451	-0.008577137	-0.010619688	-0.012991451	-0.015834556	-0.019331618	-0.023812422	0.002823624	0.002517241	0.002095133	0.001545475	0.00088509	0.000129162	-0.000711133	-0.001667201	-0.002708733	-0.003867884	-0.005157837	-0.006606867	-0.008244429	-0.010124443	-0.012310011	-0.014907413	-0.018083288	0.001872243	0.00152259	0.001060976	0.00049042	-0.000167939	-0.000921152	-0.001768434	-0.002708546	-0.003749594	-0.004905821	-0.00620138	-0.007664809	-0.009316152	-0.011217647	-0.013429669	0.001063963	0.000672272	0.000181912	-0.000381386	-0.001043281	-0.001770975	-0.002602002	-0.00350884	-0.004525023	-0.005637696	-0.006880651	-0.008257317	-0.009804132	-3.31013E-05	-0.000512681	-0.001079302	-0.001707241	-0.002411229	-0.003174741	-0.004033225	-0.004953151	-0.005961856
S32+S42	0.009481082	0.008853508	0.008273916	0.007735649	0.007290519	0.006832659	0.006417367	0.006037647	0.005649512	0.013052922	0.011935853	0.011000558	0.010168028	0.009462151	0.008850039	0.008322418	0.007813387	0.007410534	0.006984711	0.006591614	0.006226241	0.005807396	0.01674946	0.015030633	0.013549136	0.012378532	0.011402401	0.010586004	0.008646227	0.008205084	0.008797382	0.007409513	0.007922426	0.006779308	0.007181671	0.006780633	0.006329076	0.021278287	0.018676676	0.016583155	0.014893418	0.013518311	0.012467348	0.011576862	0.010834206	0.008911972	0.009647276	0.009269921	0.008856438	0.008501415	0.008124491	0.007771869	0.007372298	0.006907099	0.026898718	0.023072555	0.020027949	0.01769641	0.015877129	0.014501837	0.013331221	0.012397418	0.011629153	0.010980191	0.010541515	0.010090189	0.009717302	0.009448946	0.009122621	0.008782562	0.008464782	0.008030956	0.007519213	0.027500956	0.023567409	0.020595009	0.018338597	0.016533606	0.015121914	0.013979015	0.012958677	0.012285567	0.011749578	0.011272711	0.01087624	0.010583801	0.010364872	0.01011031	0.0098803	0.009601923	0.009279402	0.008808942	0.026099194	0.022479503	0.01957957	0.017346023	0.018575328	0.014196239	0.013129965	0.014407788	0.013440417	0.010991269	0.012308072	0.011927912	0.011643946	0.011391307	0.011221281	0.011141941	0.011034075	0.010871316	0.010638112	0.010237336	0.009770689	0.023753124	0.020993168	0.022411956	0.020187511	0.018238334	0.016699934	0.015512937	0.014467782	0.01377417	0.01314344	0.012716569	0.012437002	0.012252493	0.012151614	0.01215123	0.012156679	0.012187361	0.012135163	0.012117634	0.011890985	0.011478574	0.02096219	0.019118149	0.020911316	0.016029166	0.017686881	0.016390333	0.015368594	0.014474128	0.013921257	0.01335768	0.013112967	0.012915241	0.012838433	0.012817405	0.012813612	0.013102064	0.013358117	0.013561871	0.01364382	0.013667372	0.013519171	0.021928991	0.020582209	0.019187893	0.017958683	0.016803619	0.01580752	0.01498661	0.014347898	0.013862347	0.013510168	0.013299211	0.013242139	0.013237351	0.013411668	0.013712507	0.01409463	0.01450621	0.014975217	0.015346977	0.015694853	0.015943858	0.018758503	0.01817825	0.017356231	0.016501064	0.015667886	0.014924372	0.014427881	0.011868845	0.013593644	0.013371557	0.013372428	0.013430726	0.013595186	0.013931314	0.014391271	0.014974657	0.015624818	0.016423779	0.017142224	0.018044843	0.018667203	0.016012345	0.015900532	0.015512547	0.015045769	0.014567703	0.014122741	0.013738584	0.013502279	0.011186645	0.011145605	0.013313722	0.011374121	0.013813711	0.014272172	0.014914184	0.015734998	0.01669634	0.017805827	0.019082769	0.020379499	0.021689474	0.013673955	0.013864915	0.013723671	0.013661808	0.013406314	0.013150238	0.01296332	0.012838285	0.012815527	0.012897513	0.013104272	0.013418884	0.013875551	0.014439382	0.015305983	0.016321805	0.017482712	0.019051408	0.020815842	0.022835329	0.0250338	0.011613067	0.011983455	0.012202662	0.01222963	0.012200581	0.012216751	0.012186251	0.012206948	0.012305183	0.012483971	0.012777529	0.013186783	0.013737078	0.014522793	0.01547198	0.016686848	0.018156807	0.020020387	0.022276641	0.025045771	0.028329055	0.009844663	0.010328951	0.010720028	0.01091257	0.01106691	0.011205784	0.011305357	0.011437173	0.01156805	0.01193246	0.012312833	0.012795177	0.013483984	0.014305837	0.015395553	0.016745171	0.018432505	0.02058666	0.023254108	0.02673228	0.031123252	0.00885041	0.009356691	0.009695297	0.009955887	0.010186615	0.010359157	0.010627977	0.010923347	0.011274443	0.011730407	0.012294993	0.01301574	0.013917983	0.015039783	0.016465287	0.018258675	0.020552141	0.023502942	0.027430746	0.007586412	0.008094329	0.008510185	0.008856943	0.009167694	0.009471854	0.00977754	0.01011987	0.01052657	0.011021669	0.011616701	0.012336764	0.01326673	0.014402764	0.015829569	0.017605961	0.019878907	0.022827711	0.02678012	0.006936734	0.007405694	0.007807453	0.008173553	0.00852395	0.008882799	0.009273898	0.009697418	0.010206929	0.010804694	0.011525143	0.012415355	0.013499825	0.014821794	0.016474993	0.018551115	0.021220916	0.006353657	0.006789174	0.007187208	0.007570991	0.007956955	0.008357262	0.008797493	0.009294935	0.009876193	0.010550918	0.011357941	0.01233024	0.013489129	0.014912599	0.016651057	0.0058139	0.006228737	0.006603121	0.007008749	0.007414886	0.007829643	0.008306232	0.008833585	0.009446086	0.010128686	0.01094686	0.011894751	0.013012669	0.005662569	0.006052889	0.006441296	0.006841461	0.007264195	0.007720783	0.008237073	0.008805571	0.009437067
(S32-S42)/(S32+S42)	0.63855391	0.570355252	0.497253517	0.419374413	0.341038324	0.257981683	0.17597246	0.095541372	0.015322334	0.757435127	0.699911052	0.635054706	0.564165203	0.487036369	0.406389096	0.322226249	0.236862458	0.150346778	0.064918563	-0.016783904	-0.097001181	-0.171917479	0.810348135	0.756778512	0.695807768	0.62810153	0.554445687	0.474365391	0.352834738	0.270755848	0.211499856	0.103814925	0.03243802	-0.054758569	-0.136026566	-0.21311393	-0.284276189	0.854894842	0.807813539	0.752223413	0.689184997	0.617811583	0.540208517	0.456320866	0.367452231	0.248950834	0.18077378	0.087894713	-0.003913752	-0.09301952	-0.178152292	-0.256674184	-0.331080265	-0.397557325	0.89073066	0.850682569	0.801065288	0.743074348	0.676776457	0.603319077	0.522114223	0.434794928	0.342539072	0.246710054	0.148973259	0.051322693	-0.044104717	-0.135360856	-0.222227256	-0.302840861	-0.377738416	-0.443620243	-0.503551486	0.882812426	0.839711047	0.788438772	0.728707661	0.66074822	0.583954181	0.4993176	0.407726063	0.312585542	0.213324824	0.112605304	0.012578379	-0.0857013	-0.179557324	-0.267767296	-0.350199795	-0.4246096	-0.490498943	-0.550962186	0.881721212	0.843040114	0.795599164	0.740256044	0.71016658	0.605284693	0.527153821	0.4720204	0.377936317	0.258179966	0.176195118	0.072922752	-0.029568137	-0.130085524	-0.225430595	-0.314878335	-0.398831395	-0.473167527	-0.539073432	-0.596744366	-0.647468914	0.863417678	0.82319655	0.80574625	0.750925965	0.685904332	0.612332133	0.53015373	0.439831263	0.343531449	0.241824101	0.136387914	0.030811762	-0.073519633	-0.175686916	-0.272093692	-0.363066143	-0.44621637	-0.519106127	-0.586241629	-0.642755542	-0.690564945	0.839364087	0.797872795	0.781609014	0.690929284	0.65685975	0.581974772	0.497438787	0.404234892	0.305813296	0.201460561	0.094778847	-0.013259005	-0.119493084	-0.2214811	-0.318239393	-0.40933098	-0.492414711	-0.566036807	-0.630000785	-0.686048972	-0.733671554	0.843161565	0.801355875	0.751419212	0.692691914	0.624248695	0.54565068	0.459144365	0.365394511	0.264961375	0.159212726	0.050898168	-0.05780022	-0.164281474	-0.267468571	-0.365309404	-0.455022486	-0.535986015	-0.609117462	-0.6723123	-0.726431902	-0.773428778	0.811606427	0.769173437	0.717582015	0.656369105	0.585510655	0.505759784	0.418061715	0.300400014	0.220220139	0.114022877	0.005834323	-0.103492248	-0.209774675	-0.313381186	-0.409127826	-0.49835365	-0.578189684	-0.64958439	-0.710762416	-0.764276389	-0.808801869	0.777131023	0.732652551	0.678864125	0.616448153	0.543961554	0.463849009	0.374255304	0.278112175	0.16084755	0.060798026	-0.039457977	-0.143215561	-0.253626926	-0.354907049	-0.450119784	-0.538027219	-0.616682206	-0.686425305	-0.746690747	-0.797159028	-0.839617418	0.738523952	0.692813093	0.636361346	0.573536253	0.500121197	0.419085076	0.328581037	0.232240966	0.130058365	0.024487821	-0.08320177	-0.191261406	-0.295387386	-0.395081584	-0.48842414	-0.574302501	-0.650684753	-0.718449147	-0.776669698	-0.826018636	-0.866458725	0.697173054	0.649225928	0.593255367	0.527634014	0.454568757	0.372765238	0.282880312	0.186463669	0.084789987	-0.019002305	-0.125754946	-0.230762702	-0.333600047	-0.430951517	-0.522433521	-0.60560531	-0.680068431	-0.74518018	-0.802171598	-0.849357939	-0.887743478	0.654387833	0.603682784	0.547543544	0.480814044	0.407142858	0.325034475	0.23576119	0.140938653	0.040612561	-0.062625597	-0.165970515	-0.26866167	-0.368167497	-0.462790913	-0.551915517	-0.632097645	-0.704365113	-0.767282398	-0.822122597	-0.867548359	-0.904386028	0.557266377	0.500009095	0.433826387	0.361092723	0.278405357	0.190184555	0.096705705	-0.000309109	-0.101635329	-0.203021868	-0.302214043	-0.399675954	-0.490854893	-0.576062122	-0.653456444	-0.723744827	-0.784638928	-0.83679028	-0.880595102	0.51293946	0.452808776	0.386450736	0.31323371	0.232401995	0.145848314	0.054528873	-0.040913654	-0.137399942	-0.23579163	-0.332160945	-0.425364046	-0.513724987	-0.595520233	-0.670876642	-0.73790073	-0.79655062	-0.846848704	-0.889182808	0.407053799	0.339906143	0.268350393	0.189082431	0.103835649	0.014540642	-0.076681176	-0.171922183	-0.265381742	-0.357981845	-0.447529136	-0.532152895	-0.61070634	-0.683078102	-0.747193713	-0.803585822	-0.852144548	0.294671671	0.224267393	0.14762006	0.064776206	-0.021105943	-0.110221766	-0.201015666	-0.291400263	-0.379659831	-0.464966269	-0.545995116	-0.621626874	-0.690641504	-0.75222615	-0.806535487	0.183003407	0.107930643	0.02754945	-0.054415731	-0.140700861	-0.226188428	-0.313258994	-0.397215825	-0.479036841	-0.556606859	-0.628550213	-0.6941984	-0.753429753	-0.005845632	-0.084700216	-0.167559747	-0.249543352	-0.33193335	-0.41119423	-0.489642941	-0.562501945	-0.631748856
Net Ana Temperature[]	22.07775643	22.0688912	22.07732277	22.07498572	22.05988315	22.0953986	22.07480654	22.06344326	22.05417294	22.05393404	22.08506881	22.08303817	22.06180992	22.08291093	22.08286938	22.06970138	22.0550039	22.05311607	22.02117112	21.9753934	21.95050896	21.90243833	21.7962659	21.74080499	21.71680083	21.70427162	21.71599585	21.74511036	21.74113477	21.74995586	21.77828356	21.80710465	21.8381771	21.84885225	21.84645547	21.81798494	21.79128019	21.88647105	21.90044144	21.88559335	21.9065074	21.881584	21.84708128	21.80675928	21.77084653	21.78868346	21.80106985	21.80057128	21.81381459	21.81931187	21.81796936	21.79805245	21.74012464	21.73354713	21.75729681	21.77362244	21.74929109	21.75979486	21.80494157	21.82512594	21.82914308	21.77650221	21.77479616	21.76533628	21.80221761	21.78713321	21.78982342	21.79982083	21.78727863	21.79923397	21.80278629	21.83760841	21.78716437	21.76219164	21.81432615	21.78478317	21.74421968	21.70478317	21.71400156	21.71152688	21.68538302	21.68099455	21.69758764	21.71505064	21.71256037	21.71573358	21.72555959	21.70141262	21.67247728	21.65899766	21.67369774	21.68003895	21.71422488	21.74607375	21.71951441	21.69966762	21.70861335	21.70226954	21.73186705	21.74941574	21.77180732	21.74694105	21.70265905	21.65193976	21.6474578	21.66276552	21.68879252	21.71367437	21.69346923	21.69939496	21.72557258	21.70366658	21.70926772	21.82359647	21.82724487	21.79159179	21.70409244	21.64892755	21.6572189	21.64749675	21.66210075	21.69858219	21.69422488	21.70747598	21.68480914	21.7011919	21.71094261	21.73885744	21.7423812	21.73213451	21.73676707	21.72647884	21.73101792	21.69191119	21.72726045	21.75818748	21.74097637	21.70581407	21.69454687	21.72006751	21.70520125	21.67518047	21.67247728	21.66086211	21.65753311	21.62458842	21.61231109	21.59108024	21.64206959	21.61350558	21.59885225	21.64475721	21.65947806	21.64106985	21.68599585	21.70948585	21.73561153	21.7572241	21.76784991	21.72218385	21.69471306	21.66748637	21.69010906	21.63143339	21.65423007	21.64970917	21.66554142	21.67116853	21.67679044	21.69329784	21.68780836	21.69386393	21.68513113	21.6801558	21.60954817	21.58755129	21.61607894	21.62371851	21.63578551	21.61349	21.61395222	21.61594391	21.62615425	21.5957933	21.60469488	21.62029343	21.61525837	21.6274604	21.61996884	21.62779278	21.65728382	21.68564269	21.66375227	21.65824981	21.64709686	21.63947806	21.5911088	21.56450013	21.55898468	21.59170086	21.60512594	21.61426123	21.65517268	21.64720852	21.65052194	21.63886523	21.67129317	21.6578551	21.65842638	21.61472605	21.58627629	21.60855622	21.62978447	21.6413503	21.65934303	21.6452402	21.65657492	21.64009089	21.68776162	21.7034952	21.71748637	21.71060244	21.65596468	21.63152428	21.60932485	21.62810958	21.64005972	21.61345625	21.60362763	21.655557	21.68827577	21.71526616	21.74059465	21.70680862	21.69287977	21.70200467	21.67088548	21.63302519	21.61121527	21.6249987	21.61673332	21.64234485	21.66120229	21.6677798	21.65272137	21.66693067	21.63891457	21.62988315	21.60244092	21.64940016	21.67082316	21.65218125	21.65641132	21.69511555	21.68764217	21.6635679	21.64899247	21.64423267	21.62443781	21.58958712	21.64217346	21.66781355	21.63868086	21.65529992	21.68648403	21.69473643	21.65348741	21.60898208	21.63142041	21.65756687	21.69105167	21.67569982	21.65967281	21.64869904	21.6285692	21.61282264	21.60165931	21.61512594	21.61519605	21.61404051	21.62177097	21.59032199	21.59199948	21.57211893	21.58222799	21.63601143	21.63608673	21.67681901	21.62367437	21.61374968	21.60794858	21.60654375	21.59325889	21.60274214	21.65795637	21.6599195	21.6582576	21.69248767	21.6635705	21.65567125	21.63303038	21.61748377	21.64640093	21.69401714	21.68076603	21.63723708	21.66643989	21.64569462	21.64483511	21.65175798	21.64091145	21.61252662	21.59652817	21.59836666	21.55544534	21.57101013	21.5792833	21.56683459	21.58057128	21.59226954	21.62835367	21.65540898	21.61811997	21.6289665	21.62347183	21.61433654	21.57734095	21.56789665	21.55561413	21.55991171	21.6135731	21.66021293	21.67107764	21.62937938	21.62498831	21.62509738	21.6510283	21.62700857	21.62429759	21.62576993	21.60871722	21.64346144	21.67985458	21.67167229	21.65494677	21.60536744	21.63756946	21.62370034	21.58942612	21.61707349	21.57272137	21.57875357	21.59052973	21.60242275	21.58427421	21.61055051	21.60014801	21.59820306	21.58670995	21.59607375	21.61994807	21.5932537	21.53386393	21.5225396	21.55418593	21.56688393	21.55111919	21.50982862	21.55117632	21.63347702	21.58289795	21.55112179	21.58340171
BPM Temperature[]	20.30960789	20.29101532	20.24907816	20.22931706	20.21944949	20.20280447	20.2254739	20.23941833	20.23580888	20.25603739	20.26839782	20.26164633	20.22708387	20.2296027	20.24983121	20.20451831	20.0900805	19.98345884	19.8998442	19.78945728	19.78135549	19.74009348	19.66097118	19.65396001	19.66125682	19.67816152	19.73840561	19.80851727	19.83996365	19.85414178	19.84946767	19.84645547	19.8138925	19.78525058	19.7661906	19.76673591	19.78688652	19.73495196	19.72487666	19.70732277	19.71041288	19.71443781	19.71778759	19.7099195	19.70454427	19.72072189	19.68802908	19.70044144	19.70441444	19.70173981	19.69763698	19.64988315	19.6462737	19.62233186	19.62295508	19.65209037	19.63962607	19.63848351	19.63947027	19.66260712	19.63835367	19.67151389	19.67496754	19.64105427	19.62004674	19.61077642	19.61750195	19.63193976	19.64762399	19.65608933	19.64048299	19.61900805	19.60994547	19.60893274	19.60192158	19.58179694	19.60005193	19.58423786	19.54985718	19.53575695	19.53448455	19.56504804	19.57813555	19.58223838	19.58262789	19.58052454	19.56146455	19.58208258	19.5816671	19.54557258	19.55250584	19.56683978	19.55188263	19.54619579	19.55520644	19.56143859	19.54806544	19.54603999	19.55131135	19.56203583	19.57478577	19.54419631	19.54108024	19.53352376	19.56564529	19.57764217	19.58296546	19.57364321	19.57922618	19.58535445	19.62422747	19.62625292	19.59605297	19.61776162	19.61469748	19.61165931	19.61877434	19.61316541	19.57683719	19.55421968	19.55741366	19.56102311	19.55045443	19.55118151	19.54263828	19.52139704	19.52503246	19.54552064	19.56421709	19.56593093	19.5564269	19.55411581	19.58769151	19.59633861	19.55676448	19.55790704	19.54494936	19.56509997	19.56517788	19.58356271	19.57535705	19.57662945	19.55497273	19.54118411	19.52422747	19.54121008	19.53939237	19.53180992	19.56006232	19.57203324	19.55042846	19.5350039	19.53149831	19.52474682	19.55177876	19.56034796	19.54159958	19.51513892	19.4846014	19.50708907	19.51381459	19.53715918	19.56704752	19.57138406	19.56130875	19.53980784	19.52879771	19.5396001	19.52251363	19.52542197	19.52796676	19.52838224	19.50077902	19.50885484	19.51487925	19.5282524	19.51781355	19.50373929	19.47431836	19.47195534	19.51739808	19.50038951	19.48753571	19.47886263	19.5041288	19.50290834	19.48179694	19.47964165	19.46844975	19.48706829	19.49340431	19.49244352	19.50623215	19.49059984	19.49542976	19.48795118	19.5082576	19.54053493	19.5508699	19.5282524	19.50727084	19.5015061	19.55011685	19.54378084	19.56839782	19.5688912	19.56058167	19.54310569	19.52794079	19.50688133	19.52056609	19.52835627	19.52791483	19.53071929	19.51108803	19.52716178	19.53713321	19.55074007	19.52866788	19.50830953	19.49589717	19.50132433	19.51056868	19.52131914	19.52355232	19.49846793	19.47688912	19.4620618	19.48304337	19.48870423	19.48286159	19.48818489	19.49561153	19.50444041	19.47083874	19.47286419	19.47964165	19.44951961	19.44863672	19.46268502	19.46232147	19.44803947	19.44629966	19.44024929	19.44191119	19.43931446	19.42934303	19.42991431	19.43908076	19.46260712	19.4646845	19.45432355	19.45136328	19.45157102	19.46785251	19.45320696	19.43357569	19.45559595	19.4677746	19.44411841	19.4508699	19.45040249	19.44593612	19.44713062	19.43043365	19.44450792	19.45564788	19.44165152	19.42700597	19.42903142	19.42685017	19.41804726	19.41978707	19.42004674	19.41843677	19.40638795	19.40360945	19.4096858	19.41737211	19.42609712	19.41654116	19.40703713	19.43129057	19.45886783	19.47408465	19.43663983	19.42760322	19.42718774	19.43853545	19.44632563	19.43077123	19.43583485	19.43853545	19.43175798	19.43139444	19.44113217	19.42765515	19.42425344	19.44588419	19.42890158	19.41973513	19.42186445	19.42498052	19.44084653	19.43767853	19.43910673	19.43277071	19.43799013	19.43466632	19.43695144	19.42401974	19.43144638	19.43689951	19.46694365	19.4942093	19.45385614	19.42991431	19.43277071	19.43484809	19.44637756	19.41989094	19.41586601	19.40501169	19.42186445	19.41217865	19.41425604	19.43126461	19.42947286	19.44339133	19.43923656	19.42017658	19.43178395	19.42820047	19.4054791	19.39665022	19.39935082	19.42202025	19.41763178	19.40701117	19.38849649	19.37343547	19.3732537	19.35528434	19.35606336	19.35318099	19.3986497	19.40766035	19.41739808	19.42368216	19.40529733	19.38691249	19.38377045	19.3688133	19.35741366	19.34629966	19.33606855	19.3169047	19.32035835	19.32749935	19.3336536	19.31677486	19.31036095	19.31363282	19.31101013	19.32378603	19.33225136	19.35845235	19.36959231	19.35081797	19.3535705	19.36432096	19.35058426	19.34006751
